H,電力需給調整力取引所取引結果,対象年月,商品区分,ブロック数
P,確報値,202507,一次調整力,8
TT,調達区分,取引情報,北海道,東北,東京,中部,北陸,関西,中国,四国,九州,合計
20250701B01,システム約定結果,募集量（TSO別）[MW],97,63,510,0,54,341,221,46,180,1512
20250701B01,システム約定結果,応札量合計（電源属地別）[MW],107.49,21.069,0,60.241,15,50.402,241.909,60,80.429,636.54
20250701B01,システム約定結果,落札量合計（電源属地別）[MW],107.49,21.069,0,60.241,15,50.402,241.909,60,80.429,636.54
20250701B01,システム約定結果,応札件数（電源属地別）[件],4,2,0,5,1,3,5,3,6,29
20250701B01,システム約定結果,落札件数（電源属地別）[件],4,2,0,5,1,3,5,3,6,29
20250701B01,システム約定結果,最高落札価格（電源属地別）[円/kW・30分],19.51,16.47,0,12.43,14.5,5.59,1.94,7.86,19.51,19.51
20250701B01,システム約定結果,最低落札価格（電源属地別）[円/kW・30分],1.62,3.69,0,3.72,14.5,0.36,0.36,1.65,0.36,0.36
20250701B01,システム約定結果,平均落札価格（電源属地別）[円/kW・30分],3.32,9.19,0,6.82,14.5,0.62,1.81,3.24,1.62,3.1
20250701B01,システム約定結果,最高落札価格（TSO別）[円/kW・30分],19.51,16.47,3.69,0,14.5,12.43,1.94,7.86,19.51,19.51
20250701B01,システム約定結果,最低落札価格（TSO別）[円/kW・30分],1.62,16.47,3.69,0,14.5,0.36,0.36,1.65,0.36,0.36
20250701B01,システム約定結果,平均落札価格（TSO別）[円/kW・30分],3.32,16.47,3.69,0,14.5,3.84,1.79,2.56,1.62,3.1
20250701B01,システム約定結果,落札量合計（TSO別）[MW],107.49,9.069,12,0,15,145.552,221,46,80.429,636.54
20250701B01,システム約定結果,（内訳）自エリアからの落札量[MW],107.49,9.069,0,0,15,50.402,221,46,80.429,529.39
20250701B01,追加調達結果,募集量（TSO別）[MW],-,-,-,-,-,-,-,-,-,-
20250701B01,追加調達結果,応札量合計（電源属地別）[MW],0,0,0,0,0,0,0,0,0,0
20250701B01,追加調達結果,約定量合計（電源属地別）[MW],0,0,0,0,0,0,0,0,0,0
20250701B01,追加調達結果,応札件数（電源属地別）[件],0,0,0,0,0,0,0,0,0,0
20250701B01,追加調達結果,約定件数（電源属地別）[件],0,0,0,0,0,0,0,0,0,0
20250701B01,追加調達結果,最高約定価格（電源属地別）[円/kW・30分],0,0,0,0,0,0,0,0,0,0
20250701B01,追加調達結果,最低約定価格（電源属地別）[円/kW・30分],0,0,0,0,0,0,0,0,0,0
20250701B01,追加調達結果,平均約定価格（電源属地別）[円/kW・30分],0,0,0,0,0,0,0,0,0,0
20250701B01,追加調達結果,最高約定価格（TSO別）[円/kW・30分],0,0,0,0,0,0,0,0,0,0
20250701B01,追加調達結果,最低約定価格（TSO別）[円/kW・30分],0,0,0,0,0,0,0,0,0,0
20250701B01,追加調達結果,平均約定価格（TSO別）[円/kW・30分],0,0,0,0,0,0,0,0,0,0
20250701B01,追加調達結果,約定量合計（TSO別）[MW],0,0,0,0,0,0,0,0,0,0
20250701B01,追加調達結果,（内訳）自エリアからの約定量[MW],0,0,0,0,0,0,0,0,0,0
20250701B01,合計（確報値）,募集量（TSO別）[MW],97,63,510,0,54,341,221,46,180,1512
20250701B01,合計（確報値）,応札量合計（電源属地別）[MW],107.49,21.069,0,72.289,15,50.402,241.909,60,80.429,648.588
20250701B01,合計（確報値）,約定量合計（電源属地別）[MW],107.49,21.069,0,60.241,15,50.402,241.909,60,80.429,636.54
20250701B01,合計（確報値）,応札件数（電源属地別）[件],4,2,0,6,1,3,5,3,6,30
20250701B01,合計（確報値）,約定件数（電源属地別）[件],4,2,0,5,1,3,5,3,6,29
20250701B01,合計（確報値）,最高約定価格（電源属地別）[円/kW・30分],19.51,16.47,0,8.9,14.5,5.59,1.94,7.86,19.51,19.51
20250701B01,合計（確報値）,最低約定価格（電源属地別）[円/kW・30分],1.62,3.69,0,0.36,14.5,0.36,0.36,1.65,0.36,0.36
20250701B01,合計（確報値）,平均約定価格（電源属地別）[円/kW・30分],3.32,9.19,0,4.4,14.5,0.62,1.81,3.24,1.62,2.87
20250701B01,合計（確報値）,最高約定価格（TSO別）[円/kW・30分],19.51,16.47,3.69,0,14.5,8.9,1.94,7.86,19.51,19.51
20250701B01,合計（確報値）,最低約定価格（TSO別）[円/kW・30分],1.62,16.47,3.69,0,14.5,0.36,0.36,1.65,0.36,0.36
20250701B01,合計（確報値）,平均約定価格（TSO別）[円/kW・30分],3.32,16.47,3.69,0,14.5,2.84,1.79,2.56,1.62,2.87
20250701B01,合計（確報値）,約定量合計（TSO別）[MW],107.49,9.069,12,0,15,145.552,221,46,80.429,636.54
20250701B01,合計（確報値）,（内訳）自エリアからの約定量[MW],107.49,9.069,0,0,15,50.402,221,46,80.429,529.39
20250701B02,システム約定結果,募集量（TSO別）[MW],103,83,458,0,68,340,219,47,206,1524
20250701B02,システム約定結果,応札量合計（電源属地別）[MW],161.79,21.069,3.81,74.209,15,97.159,243.709,60,143.308,820.054
20250701B02,システム約定結果,落札量合計（電源属地別）[MW],159.8,21.069,3.81,74.209,15,97.159,243.709,60,143.308,818.064
20250701B02,システム約定結果,応札件数（電源属地別）[件],5,2,2,7,1,4,6,3,9,39
20250701B02,システム約定結果,落札件数（電源属地別）[件],4,2,2,7,1,4,6,3,9,38
20250701B02,システム約定結果,最高落札価格（電源属地別）[円/kW・30分],19.51,16.47,19.51,19.51,11.52,9.53,19.51,7.96,19.51,19.51
20250701B02,システム約定結果,最低落札価格（電源属地別）[円/kW・30分],1.53,3.88,5.57,3.44,11.52,0.36,0.36,1.69,0.36,0.36
20250701B02,システム約定結果,平均落札価格（電源属地別）[円/kW・30分],7.12,9.3,12.74,5.63,11.52,4.92,2.25,3.26,1.65,4.19
20250701B02,システム約定結果,最高落札価格（TSO別）[円/kW・30分],19.51,16.47,19.51,0,11.52,19.51,2.33,7.96,19.51,19.51
20250701B02,システム約定結果,最低落札価格（TSO別）[円/kW・30分],1.53,3.88,5.57,0,11.52,0.36,0.36,1.69,0.36,0.36
20250701B02,システム約定結果,平均落札価格（TSO別）[円/kW・30分],7.12,9.3,12.74,0,11.52,4.97,2.1,3.69,1.93,4.19
20250701B02,システム約定結果,落札量合計（TSO別）[MW],159.8,21.069,3.81,0,15,184.368,219,47,168.017,818.064
20250701B02,システム約定結果,（内訳）自エリアからの落札量[MW],159.8,21.069,3.81,0,15,97.159,219,47,143.308,706.146
20250701B02,追加調達結果,募集量（TSO別）[MW],-,-,-,-,-,-,-,-,-,-
20250701B02,追加調達結果,応札量合計（電源属地別）[MW],0,0,0,0,0,0,0,0,0,0
20250701B02,追加調達結果,約定量合計（電源属地別）[MW],0,0,0,0,0,0,0,0,0,0
20250701B02,追加調達結果,応札件数（電源属地別）[件],0,0,0,0,0,0,0,0,0,0
20250701B02,追加調達結果,約定件数（電源属地別）[件],0,0,0,0,0,0,0,0,0,0
20250701B02,追加調達結果,最高約定価格（電源属地別）[円/kW・30分],0,0,0,0,0,0,0,0,0,0
20250701B02,追加調達結果,最低約定価格（電源属地別）[円/kW・30分],0,0,0,0,0,0,0,0,0,0
20250701B02,追加調達結果,平均約定価格（電源属地別）[円/kW・30分],0,0,0,0,0,0,0,0,0,0
20250701B02,追加調達結果,最高約定価格（TSO別）[円/kW・30分],0,0,0,0,0,0,0,0,0,0
20250701B02,追加調達結果,最低約定価格（TSO別）[円/kW・30分],0,0,0,0,0,0,0,0,0,0
20250701B02,追加調達結果,平均約定価格（TSO別）[円/kW・30分],0,0,0,0,0,0,0,0,0,0
20250701B02,追加調達結果,約定量合計（TSO別）[MW],0,0,0,0,0,0,0,0,0,0
20250701B02,追加調達結果,（内訳）自エリアからの約定量[MW],0,0,0,0,0,0,0,0,0,0
20250701B02,合計（確報値）,募集量（TSO別）[MW],103,83,458,0,68,340,219,47,206,1524
20250701B02,合計（確報値）,応札量合計（電源属地別）[MW],161.79,21.069,3.81,86.257,15,97.159,243.709,60,143.308,832.102
20250701B02,合計（確報値）,約定量合計（電源属地別）[MW],159.8,21.069,3.81,74.209,15,97.159,243.709,60,143.308,818.064
20250701B02,合計（確報値）,応札件数（電源属地別）[件],5,2,2,8,1,4,6,3,9,40
20250701B02,合計（確報値）,約定件数（電源属地別）[件],4,2,2,7,1,4,6,3,9,38
20250701B02,合計（確報値）,最高約定価格（電源属地別）[円/kW・30分],19.51,16.47,19.51,19.51,11.52,9.53,19.51,7.96,19.51,19.51
20250701B02,合計（確報値）,最低約定価格（電源属地別）[円/kW・30分],1.53,3.88,5.57,0.36,11.52,0.36,0.36,1.69,0.36,0.36
20250701B02,合計（確報値）,平均約定価格（電源属地別）[円/kW・30分],7.12,9.3,12.74,5.13,11.52,4.92,2.25,3.26,1.65,4.15
20250701B02,合計（確報値）,最高約定価格（TSO別）[円/kW・30分],19.51,16.47,19.51,0,11.52,19.51,2.33,7.96,19.51,19.51
20250701B02,合計（確報値）,最低約定価格（TSO別）[円/kW・30分],1.53,3.88,5.57,0,11.52,0.36,0.36,1.69,0.36,0.36
20250701B02,合計（確報値）,平均約定価格（TSO別）[円/kW・30分],7.12,9.3,12.74,0,11.52,4.77,2.1,3.69,1.93,4.15
20250701B02,合計（確報値）,約定量合計（TSO別）[MW],159.8,21.069,3.81,0,15,184.368,219,47,168.017,818.064
20250701B02,合計（確報値）,（内訳）自エリアからの約定量[MW],159.8,21.069,3.81,0,15,97.159,219,47,143.308,706.146
20250701B03,システム約定結果,募集量（TSO別）[MW],117,151,558,0,70,388,197,44,240,1765
20250701B03,システム約定結果,応札量合計（電源属地別）[MW],142.3,21.069,3.81,13.968,15,97.159,243.709,60,17.308,614.323
20250701B03,システム約定結果,落札量合計（電源属地別）[MW],140.8,21.069,3.81,13.968,15,97.159,243.709,60,17.308,612.823
20250701B03,システム約定結果,応札件数（電源属地別）[件],4,2,2,2,1,4,6,3,6,30
20250701B03,システム約定結果,落札件数（電源属地別）[件],3,2,2,2,1,4,6,3,6,29
20250701B03,システム約定結果,最高落札価格（電源属地別）[円/kW・30分],19.35,16.47,19.51,19.51,9.21,9.53,19.51,8.49,19.51,19.51
20250701B03,システム約定結果,最低落札価格（電源属地別）[円/kW・30分],1.6,4.26,5.57,3.2,9.21,0.36,0.37,0.97,0.36,0.36
20250701B03,システム約定結果,平均落札価格（電源属地別）[円/kW・30分],5.1,9.52,12.74,5.44,9.21,4.96,2.75,3.38,8.4,4.37
20250701B03,システム約定結果,最高落札価格（TSO別）[円/kW・30分],19.35,16.47,19.51,0,9.21,19.51,2.94,1.9,19.51,19.51
20250701B03,システム約定結果,最低落札価格（TSO別）[円/kW・30分],1.6,4.26,4.26,0,1.9,0.36,0.37,0.97,0.36,0.36
20250701B03,システム約定結果,平均落札価格（TSO別）[円/kW・30分],5.1,11.15,7.93,0,6.2,5.24,2.55,1.67,5.33,4.37
20250701B03,システム約定結果,落札量合計（TSO別）[MW],140.8,16.069,8.81,0,55,99.079,197,44,52.065,612.823
20250701B03,システム約定結果,（内訳）自エリアからの落札量[MW],140.8,16.069,3.81,0,15,97.159,197,44,17.308,531.146
20250701B03,追加調達結果,募集量（TSO別）[MW],-,-,-,-,-,-,-,-,-,-
20250701B03,追加調達結果,応札量合計（電源属地別）[MW],0,0,0,0,0,0,0,0,0,0
20250701B03,追加調達結果,約定量合計（電源属地別）[MW],0,0,0,0,0,0,0,0,0,0
20250701B03,追加調達結果,応札件数（電源属地別）[件],0,0,0,0,0,0,0,0,0,0
20250701B03,追加調達結果,約定件数（電源属地別）[件],0,0,0,0,0,0,0,0,0,0
20250701B03,追加調達結果,最高約定価格（電源属地別）[円/kW・30分],0,0,0,0,0,0,0,0,0,0
20250701B03,追加調達結果,最低約定価格（電源属地別）[円/kW・30分],0,0,0,0,0,0,0,0,0,0
20250701B03,追加調達結果,平均約定価格（電源属地別）[円/kW・30分],0,0,0,0,0,0,0,0,0,0
20250701B03,追加調達結果,最高約定価格（TSO別）[円/kW・30分],0,0,0,0,0,0,0,0,0,0
20250701B03,追加調達結果,最低約定価格（TSO別）[円/kW・30分],0,0,0,0,0,0,0,0,0,0
20250701B03,追加調達結果,平均約定価格（TSO別）[円/kW・30分],0,0,0,0,0,0,0,0,0,0
20250701B03,追加調達結果,約定量合計（TSO別）[MW],0,0,0,0,0,0,0,0,0,0
20250701B03,追加調達結果,（内訳）自エリアからの約定量[MW],0,0,0,0,0,0,0,0,0,0
20250701B03,合計（確報値）,募集量（TSO別）[MW],117,151,558,0,70,388,197,44,240,1765
20250701B03,合計（確報値）,応札量合計（電源属地別）[MW],142.3,21.069,3.81,13.968,15,97.159,243.709,60,17.308,614.323
20250701B03,合計（確報値）,約定量合計（電源属地別）[MW],140.8,21.069,3.81,13.968,15,94.649,243.709,26,17.308,576.313
20250701B03,合計（確報値）,応札件数（電源属地別）[件],4,2,2,2,1,4,6,3,6,30
20250701B03,合計（確報値）,約定件数（電源属地別）[件],3,2,2,2,1,3,6,2,6,27
20250701B03,合計（確報値）,最高約定価格（電源属地別）[円/kW・30分],19.35,16.47,19.51,19.51,9.21,9.53,19.51,8.49,19.51,19.51
20250701B03,合計（確報値）,最低約定価格（電源属地別）[円/kW・30分],1.6,4.26,5.57,3.2,9.21,0.36,0.37,0.97,0.36,0.36
20250701B03,合計（確報値）,平均約定価格（電源属地別）[円/kW・30分],5.1,9.52,12.74,5.44,9.21,4.89,2.75,5.31,8.4,4.51
20250701B03,合計（確報値）,最高約定価格（TSO別）[円/kW・30分],19.35,16.47,19.51,0,9.21,19.51,2.94,0.97,19.51,19.51
20250701B03,合計（確報値）,最低約定価格（TSO別）[円/kW・30分],1.6,4.26,4.26,0,2.94,0.36,0.37,0.97,0.36,0.36
20250701B03,合計（確報値）,平均約定価格（TSO別）[円/kW・30分],5.1,11.15,7.93,0,6.28,5.18,2.55,0.97,5.33,4.51
20250701B03,合計（確報値）,約定量合計（TSO別）[MW],140.8,16.069,8.81,0,54,96.569,197,11,52.065,576.313
20250701B03,合計（確報値）,（内訳）自エリアからの約定量[MW],140.8,16.069,3.81,0,15,94.649,197,11,17.308,495.636
20250701B04,システム約定結果,募集量（TSO別）[MW],108,197,615,25,97,421,209,66,259,1997
20250701B04,システム約定結果,応札量合計（電源属地別）[MW],115.5,33.069,4.85,1.92,74,99.009,243.709,86,28.641,686.698
20250701B04,システム約定結果,落札量合計（電源属地別）[MW],115.5,33.069,4.85,1.92,74,99.009,243.709,86,28.641,686.698
20250701B04,システム約定結果,応札件数（電源属地別）[件],3,3,4,1,2,5,6,4,9,37
20250701B04,システム約定結果,落札件数（電源属地別）[件],3,3,4,1,2,5,6,4,9,37
20250701B04,システム約定結果,最高落札価格（電源属地別）[円/kW・30分],19.51,16.47,19.5,19.51,6.29,18.56,19.51,8.38,19.51,19.51
20250701B04,システム約定結果,最低落札価格（電源属地別）[円/kW・30分],1.87,4.11,5.57,19.51,6.26,0.51,0.54,1.11,0.36,0.36
20250701B04,システム約定結果,平均落札価格（電源属地別）[円/kW・30分],3.25,7.5,14.19,19.51,6.27,5.28,3.47,3.04,8.72,4.48
20250701B04,システム約定結果,最高落札価格（TSO別）[円/kW・30分],19.51,16.47,19.5,19.51,6.29,18.56,19.51,8.38,19.51,19.51
20250701B04,システム約定結果,最低落札価格（TSO別）[円/kW・30分],1.87,4.11,5.57,19.51,6.26,0.51,0.54,1.86,0.36,0.36
20250701B04,システム約定結果,平均落札価格（TSO別）[円/kW・30分],3.25,7.5,14.19,19.51,6.27,3.99,3.54,3.62,8.72,4.48
20250701B04,システム約定結果,落札量合計（TSO別）[MW],115.5,33.069,4.85,1.92,74,243.711,123.749,61.258,28.641,686.698
20250701B04,システム約定結果,（内訳）自エリアからの落札量[MW],115.5,33.069,4.85,1.92,74,99.009,123.749,61.258,28.641,541.996
20250701B04,追加調達結果,募集量（TSO別）[MW],-,-,-,-,-,-,-,-,-,-
20250701B04,追加調達結果,応札量合計（電源属地別）[MW],0,0,0,0,0,0,0,0,0,0
20250701B04,追加調達結果,約定量合計（電源属地別）[MW],0,0,0,0,0,0,0,0,0,0
20250701B04,追加調達結果,応札件数（電源属地別）[件],0,0,0,0,0,0,0,0,0,0
20250701B04,追加調達結果,約定件数（電源属地別）[件],0,0,0,0,0,0,0,0,0,0
20250701B04,追加調達結果,最高約定価格（電源属地別）[円/kW・30分],0,0,0,0,0,0,0,0,0,0
20250701B04,追加調達結果,最低約定価格（電源属地別）[円/kW・30分],0,0,0,0,0,0,0,0,0,0
20250701B04,追加調達結果,平均約定価格（電源属地別）[円/kW・30分],0,0,0,0,0,0,0,0,0,0
20250701B04,追加調達結果,最高約定価格（TSO別）[円/kW・30分],0,0,0,0,0,0,0,0,0,0
20250701B04,追加調達結果,最低約定価格（TSO別）[円/kW・30分],0,0,0,0,0,0,0,0,0,0
20250701B04,追加調達結果,平均約定価格（TSO別）[円/kW・30分],0,0,0,0,0,0,0,0,0,0
20250701B04,追加調達結果,約定量合計（TSO別）[MW],0,0,0,0,0,0,0,0,0,0
20250701B04,追加調達結果,（内訳）自エリアからの約定量[MW],0,0,0,0,0,0,0,0,0,0
20250701B04,合計（確報値）,募集量（TSO別）[MW],108,197,615,25,97,421,209,66,259,1997
20250701B04,合計（確報値）,応札量合計（電源属地別）[MW],115.5,33.069,4.85,1.92,74,99.009,243.709,86,28.641,686.698
20250701B04,合計（確報値）,約定量合計（電源属地別）[MW],115.5,33.069,4.85,1.92,74,96.499,243.709,52,26.727,648.274
20250701B04,合計（確報値）,応札件数（電源属地別）[件],3,3,4,1,2,5,6,4,9,37
20250701B04,合計（確報値）,約定件数（電源属地別）[件],3,3,4,1,2,4,6,3,8,34
20250701B04,合計（確報値）,最高約定価格（電源属地別）[円/kW・30分],19.51,16.47,19.5,19.51,6.29,18.56,19.51,8.38,19.51,19.51
20250701B04,合計（確報値）,最低約定価格（電源属地別）[円/kW・30分],1.87,4.11,5.57,19.51,6.26,0.51,0.54,1.11,0.36,0.36
20250701B04,合計（確報値）,平均約定価格（電源属地別）[円/kW・30分],3.25,7.5,14.19,19.51,6.27,5.23,3.47,3.81,7.94,4.56
20250701B04,合計（確報値）,最高約定価格（TSO別）[円/kW・30分],19.51,16.47,19.5,19.51,6.29,18.56,19.51,8.38,19.51,19.51
20250701B04,合計（確報値）,最低約定価格（TSO別）[円/kW・30分],1.87,4.11,5.57,19.51,6.26,0.51,0.54,2.32,0.36,0.36
20250701B04,合計（確報値）,平均約定価格（TSO別）[円/kW・30分],3.25,7.5,14.19,19.51,6.27,4.04,3.54,4.83,7.94,4.56
20250701B04,合計（確報値）,約定量合計（TSO別）[MW],115.5,33.069,4.85,1.92,74,232.201,123.749,36.258,26.727,648.274
20250701B04,合計（確報値）,（内訳）自エリアからの約定量[MW],115.5,33.069,4.85,1.92,74,96.499,123.749,36.258,26.727,512.572
20250701B05,システム約定結果,募集量（TSO別）[MW],100,191,615,17,96,382,185,77,262,1925
20250701B05,システム約定結果,応札量合計（電源属地別）[MW],73.2,33.069,23.997,1.92,40,96.499,129.518,76,21.889,496.092
20250701B05,システム約定結果,落札量合計（電源属地別）[MW],73.2,33.069,23.997,1.92,40,96.499,129.518,76,21.889,496.092
20250701B05,システム約定結果,応札件数（電源属地別）[件],4,3,2,1,2,4,4,3,5,28
20250701B05,システム約定結果,落札件数（電源属地別）[件],4,3,2,1,2,4,4,3,5,28
20250701B05,システム約定結果,最高落札価格（電源属地別）[円/kW・30分],19.51,16.47,5.57,19.51,6.27,18.56,19.51,2.16,19.5,19.51
20250701B05,システム約定結果,最低落札価格（電源属地別）[円/kW・30分],0.41,3.2,0.36,19.51,4.31,1.42,1.22,1.01,0.71,0.36
20250701B05,システム約定結果,平均落札価格（電源属地別）[円/kW・30分],8.25,6.84,0.76,19.51,5.54,5.68,3.83,1.42,5.3,4.79
20250701B05,システム約定結果,最高落札価格（TSO別）[円/kW・30分],19.51,16.47,5.57,19.51,6.27,18.56,19.51,2.16,19.5,19.51
20250701B05,システム約定結果,最低落札価格（TSO別）[円/kW・30分],0.41,3.2,0.36,19.51,4.31,1.01,2.85,1.01,0.71,0.36
20250701B05,システム約定結果,平均落札価格（TSO別）[円/kW・30分],8.25,6.84,0.76,19.51,5.54,4.35,4.25,1.38,5.3,4.79
20250701B05,システム約定結果,落札量合計（TSO別）[MW],73.2,33.069,23.997,1.92,40,201.217,47.8,53,21.889,496.092
20250701B05,システム約定結果,（内訳）自エリアからの落札量[MW],73.2,33.069,23.997,1.92,40,96.499,47.8,53,21.889,391.374
20250701B05,追加調達結果,募集量（TSO別）[MW],-,-,-,-,-,-,-,-,-,-
20250701B05,追加調達結果,応札量合計（電源属地別）[MW],0,0,0,0,0,0,0,0,0,0
20250701B05,追加調達結果,約定量合計（電源属地別）[MW],0,0,0,0,0,0,0,0,0,0
20250701B05,追加調達結果,応札件数（電源属地別）[件],0,0,0,0,0,0,0,0,0,0
20250701B05,追加調達結果,約定件数（電源属地別）[件],0,0,0,0,0,0,0,0,0,0
20250701B05,追加調達結果,最高約定価格（電源属地別）[円/kW・30分],0,0,0,0,0,0,0,0,0,0
20250701B05,追加調達結果,最低約定価格（電源属地別）[円/kW・30分],0,0,0,0,0,0,0,0,0,0
20250701B05,追加調達結果,平均約定価格（電源属地別）[円/kW・30分],0,0,0,0,0,0,0,0,0,0
20250701B05,追加調達結果,最高約定価格（TSO別）[円/kW・30分],0,0,0,0,0,0,0,0,0,0
20250701B05,追加調達結果,最低約定価格（TSO別）[円/kW・30分],0,0,0,0,0,0,0,0,0,0
20250701B05,追加調達結果,平均約定価格（TSO別）[円/kW・30分],0,0,0,0,0,0,0,0,0,0
20250701B05,追加調達結果,約定量合計（TSO別）[MW],0,0,0,0,0,0,0,0,0,0
20250701B05,追加調達結果,（内訳）自エリアからの約定量[MW],0,0,0,0,0,0,0,0,0,0
20250701B05,合計（確報値）,募集量（TSO別）[MW],100,191,615,17,96,382,185,77,262,1925
20250701B05,合計（確報値）,応札量合計（電源属地別）[MW],73.2,57.069,23.997,1.92,40,96.499,129.518,76,21.889,520.092
20250701B05,合計（確報値）,約定量合計（電源属地別）[MW],73.2,33.069,23.997,1.92,40,96.499,129.518,42,21.889,462.092
20250701B05,合計（確報値）,応札件数（電源属地別）[件],4,5,2,1,2,4,4,3,5,30
20250701B05,合計（確報値）,約定件数（電源属地別）[件],4,3,2,1,2,4,4,2,5,27
20250701B05,合計（確報値）,最高約定価格（電源属地別）[円/kW・30分],19.51,16.47,5.57,19.51,6.27,18.56,19.51,2.16,19.5,19.51
20250701B05,合計（確報値）,最低約定価格（電源属地別）[円/kW・30分],0.41,2.57,0.36,19.51,4.31,1.42,1.22,1.01,0.71,0.36
20250701B05,合計（確報値）,平均約定価格（電源属地別）[円/kW・30分],8.25,6.38,0.76,19.51,5.54,5.68,3.83,1.31,5.3,4.99
20250701B05,合計（確報値）,最高約定価格（TSO別）[円/kW・30分],19.51,16.47,5.57,19.51,6.27,18.56,19.51,2.16,19.5,19.51
20250701B05,合計（確報値）,最低約定価格（TSO別）[円/kW・30分],0.41,2.57,0.36,19.51,4.31,1.01,2.85,1.01,0.71,0.36
20250701B05,合計（確報値）,平均約定価格（TSO別）[円/kW・30分],8.25,6.38,0.76,19.51,5.54,4.35,4.25,1.07,5.3,4.99
20250701B05,合計（確報値）,約定量合計（TSO別）[MW],73.2,33.069,23.997,1.92,40,201.217,47.8,19,21.889,462.092
20250701B05,合計（確報値）,（内訳）自エリアからの約定量[MW],73.2,33.069,23.997,1.92,40,96.499,47.8,19,21.889,357.374
20250701B06,システム約定結果,募集量（TSO別）[MW],93,191,619,82,103,382,248,64,259,2041
20250701B06,システム約定結果,応札量合計（電源属地別）[MW],99.5,45.069,29.997,1.92,40,96.499,130.103,60,22.541,525.629
20250701B06,システム約定結果,落札量合計（電源属地別）[MW],99.5,45.069,29.997,1.92,40,96.499,130.103,60,22.541,525.629
20250701B06,システム約定結果,応札件数（電源属地別）[件],3,4,8,1,2,4,4,3,9,38
20250701B06,システム約定結果,落札件数（電源属地別）[件],3,4,8,1,2,4,4,3,9,38
20250701B06,システム約定結果,最高落札価格（電源属地別）[円/kW・30分],19.51,16.47,19.5,19.51,9.4,18.56,19.51,7.19,19.51,19.51
20250701B06,システム約定結果,最低落札価格（電源属地別）[円/kW・30分],1.15,2.25,2.88,19.51,1.8,7.43,4.24,4.93,1.96,1.15
20250701B06,システム約定結果,平均落札価格（電源属地別）[円/kW・30分],1.5,6.3,6.37,19.51,6.55,8.67,7.18,6.48,11.81,6.37
20250701B06,システム約定結果,最高落札価格（TSO別）[円/kW・30分],19.51,16.47,19.5,19.51,9.4,18.56,19.51,7.19,19.51,19.51
20250701B06,システム約定結果,最低落札価格（TSO別）[円/kW・30分],1.15,2.25,2.88,19.51,1.8,7.43,4.24,4.93,1.96,1.15
20250701B06,システム約定結果,平均落札価格（TSO別）[円/kW・30分],1.5,6.3,6.37,19.51,6.55,8.67,7.14,6.49,11.81,6.37
20250701B06,システム約定結果,落札量合計（TSO別）[MW],99.5,45.069,29.997,1.92,40,96.499,137.103,53,22.541,525.629
20250701B06,システム約定結果,（内訳）自エリアからの落札量[MW],99.5,45.069,29.997,1.92,40,96.499,130.103,53,22.541,518.629
20250701B06,追加調達結果,募集量（TSO別）[MW],-,-,-,-,-,-,-,-,-,-
20250701B06,追加調達結果,応札量合計（電源属地別）[MW],0,0,0,0,0,0,0,0,0,0
20250701B06,追加調達結果,約定量合計（電源属地別）[MW],0,0,0,0,0,0,0,0,0,0
20250701B06,追加調達結果,応札件数（電源属地別）[件],0,0,0,0,0,0,0,0,0,0
20250701B06,追加調達結果,約定件数（電源属地別）[件],0,0,0,0,0,0,0,0,0,0
20250701B06,追加調達結果,最高約定価格（電源属地別）[円/kW・30分],0,0,0,0,0,0,0,0,0,0
20250701B06,追加調達結果,最低約定価格（電源属地別）[円/kW・30分],0,0,0,0,0,0,0,0,0,0
20250701B06,追加調達結果,平均約定価格（電源属地別）[円/kW・30分],0,0,0,0,0,0,0,0,0,0
20250701B06,追加調達結果,最高約定価格（TSO別）[円/kW・30分],0,0,0,0,0,0,0,0,0,0
20250701B06,追加調達結果,最低約定価格（TSO別）[円/kW・30分],0,0,0,0,0,0,0,0,0,0
20250701B06,追加調達結果,平均約定価格（TSO別）[円/kW・30分],0,0,0,0,0,0,0,0,0,0
20250701B06,追加調達結果,約定量合計（TSO別）[MW],0,0,0,0,0,0,0,0,0,0
20250701B06,追加調達結果,（内訳）自エリアからの約定量[MW],0,0,0,0,0,0,0,0,0,0
20250701B06,合計（確報値）,募集量（TSO別）[MW],93,191,619,82,103,382,248,64,259,2041
20250701B06,合計（確報値）,応札量合計（電源属地別）[MW],99.5,45.069,29.997,1.92,40,96.499,130.103,60,22.541,525.629
20250701B06,合計（確報値）,約定量合計（電源属地別）[MW],99.5,45.069,29.997,1.92,40,96.499,130.103,26,20.627,489.715
20250701B06,合計（確報値）,応札件数（電源属地別）[件],3,4,8,1,2,4,4,3,9,38
20250701B06,合計（確報値）,約定件数（電源属地別）[件],3,4,8,1,2,4,4,2,8,36
20250701B06,合計（確報値）,最高約定価格（電源属地別）[円/kW・30分],19.51,16.47,19.5,19.51,9.4,18.56,19.51,6.39,19.51,19.51
20250701B06,合計（確報値）,最低約定価格（電源属地別）[円/kW・30分],1.15,2.25,2.88,19.51,1.8,7.43,4.24,4.93,1.96,1.15
20250701B06,合計（確報値）,平均約定価格（電源属地別）[円/kW・30分],1.5,6.3,6.37,19.51,6.55,8.67,7.18,5.55,11.09,6.26
20250701B06,合計（確報値）,最高約定価格（TSO別）[円/kW・30分],19.51,16.47,19.5,19.51,9.4,18.56,19.51,6.39,19.51,19.51
20250701B06,合計（確報値）,最低約定価格（TSO別）[円/kW・30分],1.15,2.25,2.88,19.51,1.8,7.43,4.24,4.93,1.96,1.15
20250701B06,合計（確報値）,平均約定価格（TSO別）[円/kW・30分],1.5,6.3,6.37,19.51,6.55,8.67,7.14,5.24,11.09,6.26
20250701B06,合計（確報値）,約定量合計（TSO別）[MW],99.5,45.069,29.997,1.92,40,96.499,137.103,19,20.627,489.715
20250701B06,合計（確報値）,（内訳）自エリアからの約定量[MW],99.5,45.069,29.997,1.92,40,96.499,130.103,19,20.627,482.715
20250701B07,システム約定結果,募集量（TSO別）[MW],92,161,616,50,102,371,244,52,242,1930
20250701B07,システム約定結果,応札量合計（電源属地別）[MW],110.49,45.069,85.403,1.92,40,99.009,285.03,60,143.308,870.229
20250701B07,システム約定結果,落札量合計（電源属地別）[MW],107,45.069,85.403,1.92,40,99.009,285.03,60,143.308,866.739
20250701B07,システム約定結果,応札件数（電源属地別）[件],5,4,8,1,2,5,9,3,9,46
20250701B07,システム約定結果,落札件数（電源属地別）[件],3,4,8,1,2,5,9,3,9,44
20250701B07,システム約定結果,最高落札価格（電源属地別）[円/kW・30分],19.35,16.47,19.5,19.51,6.91,18.56,19.51,7.65,19.51,19.51
20250701B07,システム約定結果,最低落札価格（電源属地別）[円/kW・30分],0.45,2.51,3.24,19.51,5.05,7.57,6.24,5.01,5.54,0.45
20250701B07,システム約定結果,平均落札価格（電源属地別）[円/kW・30分],2.16,5.87,6.4,19.51,6.21,8.77,8.99,6.82,7.78,7.25
20250701B07,システム約定結果,最高落札価格（TSO別）[円/kW・30分],19.35,16.47,19.5,19.51,6.91,18.56,19.51,7.65,19.51,19.51
20250701B07,システム約定結果,最低落札価格（TSO別）[円/kW・30分],0.45,2.51,3.24,19.51,5.05,5.01,6.24,6.7,5.54,0.45
20250701B07,システム約定結果,平均落札価格（TSO別）[円/kW・30分],2.16,5.87,6.4,19.51,6.21,8.83,8.75,7.42,7.78,7.25
20250701B07,システム約定結果,落札量合計（TSO別）[MW],107,45.069,85.403,1.92,40,187.29,211.749,45,143.308,866.739
20250701B07,システム約定結果,（内訳）自エリアからの落札量[MW],107,45.069,85.403,1.92,40,99.009,211.749,45,143.308,778.458
20250701B07,追加調達結果,募集量（TSO別）[MW],-,-,-,-,-,-,-,-,-,-
20250701B07,追加調達結果,応札量合計（電源属地別）[MW],0,0,0,0,0,0,0,0,0,0
20250701B07,追加調達結果,約定量合計（電源属地別）[MW],0,0,0,0,0,0,0,0,0,0
20250701B07,追加調達結果,応札件数（電源属地別）[件],0,0,0,0,0,0,0,0,0,0
20250701B07,追加調達結果,約定件数（電源属地別）[件],0,0,0,0,0,0,0,0,0,0
20250701B07,追加調達結果,最高約定価格（電源属地別）[円/kW・30分],0,0,0,0,0,0,0,0,0,0
20250701B07,追加調達結果,最低約定価格（電源属地別）[円/kW・30分],0,0,0,0,0,0,0,0,0,0
20250701B07,追加調達結果,平均約定価格（電源属地別）[円/kW・30分],0,0,0,0,0,0,0,0,0,0
20250701B07,追加調達結果,最高約定価格（TSO別）[円/kW・30分],0,0,0,0,0,0,0,0,0,0
20250701B07,追加調達結果,最低約定価格（TSO別）[円/kW・30分],0,0,0,0,0,0,0,0,0,0
20250701B07,追加調達結果,平均約定価格（TSO別）[円/kW・30分],0,0,0,0,0,0,0,0,0,0
20250701B07,追加調達結果,約定量合計（TSO別）[MW],0,0,0,0,0,0,0,0,0,0
20250701B07,追加調達結果,（内訳）自エリアからの約定量[MW],0,0,0,0,0,0,0,0,0,0
20250701B07,合計（確報値）,募集量（TSO別）[MW],92,161,616,50,102,371,244,52,242,1930
20250701B07,合計（確報値）,応札量合計（電源属地別）[MW],110.49,45.069,85.403,1.92,40,99.009,285.03,60,143.308,870.229
20250701B07,合計（確報値）,約定量合計（電源属地別）[MW],107,45.069,77.328,1.92,40,96.499,285.03,60,141.319,854.165
20250701B07,合計（確報値）,応札件数（電源属地別）[件],5,4,8,1,2,5,9,3,9,46
20250701B07,合計（確報値）,約定件数（電源属地別）[件],3,4,7,1,2,4,9,3,8,41
20250701B07,合計（確報値）,最高約定価格（電源属地別）[円/kW・30分],19.35,16.47,19.5,19.51,6.91,18.56,19.51,7.65,19.51,19.51
20250701B07,合計（確報値）,最低約定価格（電源属地別）[円/kW・30分],0.45,2.51,3.24,19.51,5.05,7.57,6.24,5.01,5.54,0.45
20250701B07,合計（確報値）,平均約定価格（電源属地別）[円/kW・30分],2.16,5.87,6.25,19.51,6.21,8.74,8.99,6.82,7.62,7.21
20250701B07,合計（確報値）,最高約定価格（TSO別）[円/kW・30分],19.35,16.47,19.5,19.51,6.91,18.56,19.51,7.65,19.51,19.51
20250701B07,合計（確報値）,最低約定価格（TSO別）[円/kW・30分],0.45,2.51,3.24,19.51,5.05,5.01,6.24,6.7,5.54,0.45
20250701B07,合計（確報値）,平均約定価格（TSO別）[円/kW・30分],2.16,5.87,6.25,19.51,6.21,8.81,8.75,7.42,7.62,7.21
20250701B07,合計（確報値）,約定量合計（TSO別）[MW],107,45.069,77.328,1.92,40,184.78,211.749,45,141.319,854.165
20250701B07,合計（確報値）,（内訳）自エリアからの約定量[MW],107,45.069,77.328,1.92,40,96.499,211.749,45,141.319,765.884
20250701B08,システム約定結果,募集量（TSO別）[MW],99,105,588,0,92,345,194,56,235,1714
20250701B08,システム約定結果,応札量合計（電源属地別）[MW],158.79,12,30.323,23.968,40,97.159,285.03,60,84.308,791.578
20250701B08,システム約定結果,落札量合計（電源属地別）[MW],158.1,12,30.323,23.968,40,97.159,285.03,60,84.308,790.888
20250701B08,システム約定結果,応札件数（電源属地別）[件],5,1,4,3,2,4,9,3,8,39
20250701B08,システム約定結果,落札件数（電源属地別）[件],5,1,4,3,2,4,9,3,8,39
20250701B08,システム約定結果,最高落札価格（電源属地別）[円/kW・30分],19.5,2.37,19.51,19.51,11.91,9.53,19.51,6.78,19.51,19.51
20250701B08,システム約定結果,最低落札価格（電源属地別）[円/kW・30分],1.38,2.37,3.58,1.81,2.88,2.68,2.17,1.21,1.41,1.21
20250701B08,システム約定結果,平均落札価格（電源属地別）[円/kW・30分],7.19,2.37,5.17,3.27,6.27,6.08,4.95,2.99,4.75,5.35
20250701B08,システム約定結果,最高落札価格（TSO別）[円/kW・30分],19.5,0,19.51,0,11.91,19.51,5.65,6.78,19.51,19.51
20250701B08,システム約定結果,最低落札価格（TSO別）[円/kW・30分],1.38,0,2.37,0,1.81,1.92,2.17,1.21,1.41,1.21
20250701B08,システム約定結果,平均落札価格（TSO別）[円/kW・30分],7.19,0,4.38,0,4.75,6.17,4.5,2.71,4.87,5.35
20250701B08,システム約定結果,落札量合計（TSO別）[MW],158.1,0,42.323,0,61,180.126,194,56,99.339,790.888
20250701B08,システム約定結果,（内訳）自エリアからの落札量[MW],158.1,0,30.323,0,40,97.159,194,56,84.308,659.89
20250701B08,追加調達結果,募集量（TSO別）[MW],-,-,-,-,-,-,-,-,-,-
20250701B08,追加調達結果,応札量合計（電源属地別）[MW],0,0,0,0,0,0,0,0,0,0
20250701B08,追加調達結果,約定量合計（電源属地別）[MW],0,0,0,0,0,0,0,0,0,0
20250701B08,追加調達結果,応札件数（電源属地別）[件],0,0,0,0,0,0,0,0,0,0
20250701B08,追加調達結果,約定件数（電源属地別）[件],0,0,0,0,0,0,0,0,0,0
20250701B08,追加調達結果,最高約定価格（電源属地別）[円/kW・30分],0,0,0,0,0,0,0,0,0,0
20250701B08,追加調達結果,最低約定価格（電源属地別）[円/kW・30分],0,0,0,0,0,0,0,0,0,0
20250701B08,追加調達結果,平均約定価格（電源属地別）[円/kW・30分],0,0,0,0,0,0,0,0,0,0
20250701B08,追加調達結果,最高約定価格（TSO別）[円/kW・30分],0,0,0,0,0,0,0,0,0,0
20250701B08,追加調達結果,最低約定価格（TSO別）[円/kW・30分],0,0,0,0,0,0,0,0,0,0
20250701B08,追加調達結果,平均約定価格（TSO別）[円/kW・30分],0,0,0,0,0,0,0,0,0,0
20250701B08,追加調達結果,約定量合計（TSO別）[MW],0,0,0,0,0,0,0,0,0,0
20250701B08,追加調達結果,（内訳）自エリアからの約定量[MW],0,0,0,0,0,0,0,0,0,0
20250701B08,合計（確報値）,募集量（TSO別）[MW],99,105,588,0,92,345,194,56,235,1714
20250701B08,合計（確報値）,応札量合計（電源属地別）[MW],158.79,24,30.323,32.92,40,97.159,285.03,60,84.308,812.53
20250701B08,合計（確報値）,約定量合計（電源属地別）[MW],158.1,12,30.323,22.92,40,94.649,285.03,60,82.319,785.341
20250701B08,合計（確報値）,応札件数（電源属地別）[件],5,2,4,4,2,4,9,3,8,41
20250701B08,合計（確報値）,約定件数（電源属地別）[件],5,1,4,3,2,3,9,3,7,37
20250701B08,合計（確報値）,最高約定価格（電源属地別）[円/kW・30分],19.5,1.74,19.51,19.51,11.91,9.53,19.51,6.78,19.51,19.51
20250701B08,合計（確報値）,最低約定価格（電源属地別）[円/kW・30分],1.38,1.74,3.58,0.36,2.88,2.68,2.17,1.21,1.41,0.36
20250701B08,合計（確報値）,平均約定価格（電源属地別）[円/kW・30分],7.19,1.74,5.17,2.73,6.27,6.07,4.95,2.99,4.4,5.29
20250701B08,合計（確報値）,最高約定価格（TSO別）[円/kW・30分],19.5,0,19.51,0,11.91,19.51,5.65,6.78,19.51,19.51
20250701B08,合計（確報値）,最低約定価格（TSO別）[円/kW・30分],1.38,0,1.74,0,0.36,2.68,2.17,1.21,1.41,0.36
20250701B08,合計（確報値）,平均約定価格（TSO別）[円/kW・30分],7.19,0,4.2,0,4.52,6.19,4.5,2.71,4.58,5.29
20250701B08,合計（確報値）,約定量合計（TSO別）[MW],158.1,0,42.323,0,61,176.568,194,56,97.35,785.341
20250701B08,合計（確報値）,（内訳）自エリアからの約定量[MW],158.1,0,30.323,0,40,94.649,194,56,82.319,655.391
20250702B01,システム約定結果,募集量（TSO別）[MW],97,63,510,0,54,341,221,46,180,1512
20250702B01,システム約定結果,応札量合計（電源属地別）[MW],155.79,21.069,1.96,72.289,15,50.402,241.909,60,48.419,666.838
20250702B01,システム約定結果,落札量合計（電源属地別）[MW],155.1,21.069,1.96,72.289,15,50.402,241.909,60,48.419,666.148
20250702B01,システム約定結果,応札件数（電源属地別）[件],5,2,1,6,1,3,5,3,6,32
20250702B01,システム約定結果,落札件数（電源属地別）[件],5,2,1,6,1,3,5,3,6,32
20250702B01,システム約定結果,最高落札価格（電源属地別）[円/kW・30分],19.51,16.47,19.51,5.58,14.5,5.65,3.01,7.88,19.51,19.51
20250702B01,システム約定結果,最低落札価格（電源属地別）[円/kW・30分],1.62,3.72,19.51,3.25,14.5,0.36,0.36,1.65,0.36,0.36
20250702B01,システム約定結果,平均落札価格（電源属地別）[円/kW・30分],7.62,9.21,19.51,4.6,14.5,0.62,2.67,3.24,2.89,4.47
20250702B01,システム約定結果,最高落札価格（TSO別）[円/kW・30分],19.51,16.47,19.51,0,14.5,7.88,3.01,7.88,19.51,19.51
20250702B01,システム約定結果,最低落札価格（TSO別）[円/kW・30分],1.62,16.47,3.72,0,14.5,0.36,0.36,1.65,0.36,0.36
20250702B01,システム約定結果,平均落札価格（TSO別）[円/kW・30分],7.62,16.47,5.94,0,14.5,3.02,2.64,3.15,2.89,4.47
20250702B01,システム約定結果,落札量合計（TSO別）[MW],155.1,9.069,13.96,0,15,157.6,221,46,48.419,666.148
20250702B01,システム約定結果,（内訳）自エリアからの落札量[MW],155.1,9.069,1.96,0,15,50.402,221,46,48.419,546.95
20250702B01,追加調達結果,募集量（TSO別）[MW],-,-,-,-,-,-,-,-,-,-
20250702B01,追加調達結果,応札量合計（電源属地別）[MW],0,0,0,0,0,0,0,0,0,0
20250702B01,追加調達結果,約定量合計（電源属地別）[MW],0,0,0,0,0,0,0,0,0,0
20250702B01,追加調達結果,応札件数（電源属地別）[件],0,0,0,0,0,0,0,0,0,0
20250702B01,追加調達結果,約定件数（電源属地別）[件],0,0,0,0,0,0,0,0,0,0
20250702B01,追加調達結果,最高約定価格（電源属地別）[円/kW・30分],0,0,0,0,0,0,0,0,0,0
20250702B01,追加調達結果,最低約定価格（電源属地別）[円/kW・30分],0,0,0,0,0,0,0,0,0,0
20250702B01,追加調達結果,平均約定価格（電源属地別）[円/kW・30分],0,0,0,0,0,0,0,0,0,0
20250702B01,追加調達結果,最高約定価格（TSO別）[円/kW・30分],0,0,0,0,0,0,0,0,0,0
20250702B01,追加調達結果,最低約定価格（TSO別）[円/kW・30分],0,0,0,0,0,0,0,0,0,0
20250702B01,追加調達結果,平均約定価格（TSO別）[円/kW・30分],0,0,0,0,0,0,0,0,0,0
20250702B01,追加調達結果,約定量合計（TSO別）[MW],0,0,0,0,0,0,0,0,0,0
20250702B01,追加調達結果,（内訳）自エリアからの約定量[MW],0,0,0,0,0,0,0,0,0,0
20250702B01,合計（確報値）,募集量（TSO別）[MW],97,63,510,0,54,341,221,46,180,1512
20250702B01,合計（確報値）,応札量合計（電源属地別）[MW],155.79,21.069,1.96,84.337,15,50.402,241.909,60,48.419,678.886
20250702B01,合計（確報値）,約定量合計（電源属地別）[MW],155.1,21.069,1.96,72.289,15,50.402,241.909,60,46.43,664.159
20250702B01,合計（確報値）,応札件数（電源属地別）[件],5,2,1,7,1,3,5,3,6,33
20250702B01,合計（確報値）,約定件数（電源属地別）[件],5,2,1,6,1,3,5,3,5,31
20250702B01,合計（確報値）,最高約定価格（電源属地別）[円/kW・30分],19.51,16.47,19.51,5.58,14.5,5.65,3.01,7.88,19.51,19.51
20250702B01,合計（確報値）,最低約定価格（電源属地別）[円/kW・30分],1.62,3.72,19.51,0.36,14.5,0.36,0.36,1.65,0.36,0.36
20250702B01,合計（確報値）,平均約定価格（電源属地別）[円/kW・30分],7.62,9.21,19.51,4.12,14.5,0.62,2.67,3.24,2.2,4.37
20250702B01,合計（確報値）,最高約定価格（TSO別）[円/kW・30分],19.51,16.47,19.51,0,14.5,7.88,3.01,7.88,19.51,19.51
20250702B01,合計（確報値）,最低約定価格（TSO別）[円/kW・30分],1.62,16.47,3.72,0,14.5,0.36,0.36,1.65,0.36,0.36
20250702B01,合計（確報値）,平均約定価格（TSO別）[円/kW・30分],7.62,16.47,5.94,0,14.5,2.8,2.64,3.15,2.2,4.37
20250702B01,合計（確報値）,約定量合計（TSO別）[MW],155.1,9.069,13.96,0,15,157.6,221,46,46.43,664.159
20250702B01,合計（確報値）,（内訳）自エリアからの約定量[MW],155.1,9.069,1.96,0,15,50.402,221,46,46.43,544.961
20250702B02,システム約定結果,募集量（TSO別）[MW],103,83,458,0,68,340,219,47,206,1524
20250702B02,システム約定結果,応札量合計（電源属地別）[MW],161.79,21.069,1.85,74.209,15,97.159,243.709,60,178.308,853.094
20250702B02,システム約定結果,落札量合計（電源属地別）[MW],159.8,21.069,1.85,74.209,15,97.159,243.709,60,178.308,851.104
20250702B02,システム約定結果,応札件数（電源属地別）[件],5,2,1,7,1,4,6,3,9,38
20250702B02,システム約定結果,落札件数（電源属地別）[件],4,2,1,7,1,4,6,3,9,37
20250702B02,システム約定結果,最高落札価格（電源属地別）[円/kW・30分],19.51,16.47,5.57,19.51,11.52,9.53,19.51,7.94,19.51,19.51
20250702B02,システム約定結果,最低落札価格（電源属地別）[円/kW・30分],1.53,3.89,5.57,3.42,11.52,0.36,0.38,1.68,0.36,0.36
20250702B02,システム約定結果,平均落札価格（電源属地別）[円/kW・30分],7.57,9.3,5.57,5.67,11.52,4.91,3.1,3.25,1.39,4.33
20250702B02,システム約定結果,最高落札価格（TSO別）[円/kW・30分],19.51,16.47,5.57,0,11.52,19.51,19.51,7.94,19.51,19.51
20250702B02,システム約定結果,最低落札価格（TSO別）[円/kW・30分],1.53,3.89,5.57,0,11.52,0.36,0.38,1.68,0.36,0.36
20250702B02,システム約定結果,平均落札価格（TSO別）[円/kW・30分],7.57,9.3,5.57,0,11.52,4.89,3.07,3.28,1.39,4.33
20250702B02,システム約定結果,落札量合計（TSO別）[MW],159.8,21.069,1.85,0,15,209.077,219,47,178.308,851.104
20250702B02,システム約定結果,（内訳）自エリアからの落札量[MW],159.8,21.069,1.85,0,15,97.159,219,47,178.308,739.186
20250702B02,追加調達結果,募集量（TSO別）[MW],-,-,-,-,-,-,-,-,-,-
20250702B02,追加調達結果,応札量合計（電源属地別）[MW],0,0,0,0,0,0,0,0,0,0
20250702B02,追加調達結果,約定量合計（電源属地別）[MW],0,0,0,0,0,0,0,0,0,0
20250702B02,追加調達結果,応札件数（電源属地別）[件],0,0,0,0,0,0,0,0,0,0
20250702B02,追加調達結果,約定件数（電源属地別）[件],0,0,0,0,0,0,0,0,0,0
20250702B02,追加調達結果,最高約定価格（電源属地別）[円/kW・30分],0,0,0,0,0,0,0,0,0,0
20250702B02,追加調達結果,最低約定価格（電源属地別）[円/kW・30分],0,0,0,0,0,0,0,0,0,0
20250702B02,追加調達結果,平均約定価格（電源属地別）[円/kW・30分],0,0,0,0,0,0,0,0,0,0
20250702B02,追加調達結果,最高約定価格（TSO別）[円/kW・30分],0,0,0,0,0,0,0,0,0,0
20250702B02,追加調達結果,最低約定価格（TSO別）[円/kW・30分],0,0,0,0,0,0,0,0,0,0
20250702B02,追加調達結果,平均約定価格（TSO別）[円/kW・30分],0,0,0,0,0,0,0,0,0,0
20250702B02,追加調達結果,約定量合計（TSO別）[MW],0,0,0,0,0,0,0,0,0,0
20250702B02,追加調達結果,（内訳）自エリアからの約定量[MW],0,0,0,0,0,0,0,0,0,0
20250702B02,合計（確報値）,募集量（TSO別）[MW],103,83,458,0,68,340,219,47,206,1524
20250702B02,合計（確報値）,応札量合計（電源属地別）[MW],161.79,21.069,1.85,86.257,15,97.159,243.709,60,178.308,865.142
20250702B02,合計（確報値）,約定量合計（電源属地別）[MW],159.8,21.069,1.85,74.209,15,97.159,243.709,60,176.319,849.115
20250702B02,合計（確報値）,応札件数（電源属地別）[件],5,2,1,8,1,4,6,3,9,39
20250702B02,合計（確報値）,約定件数（電源属地別）[件],4,2,1,7,1,4,6,3,8,36
20250702B02,合計（確報値）,最高約定価格（電源属地別）[円/kW・30分],19.51,16.47,5.57,19.51,11.52,9.53,19.51,7.94,19.51,19.51
20250702B02,合計（確報値）,最低約定価格（電源属地別）[円/kW・30分],1.53,3.89,5.57,0.36,11.52,0.36,0.38,1.68,0.36,0.36
20250702B02,合計（確報値）,平均約定価格（電源属地別）[円/kW・30分],7.57,9.3,5.57,5.18,11.52,4.91,3.1,3.25,1.2,4.25
20250702B02,合計（確報値）,最高約定価格（TSO別）[円/kW・30分],19.51,16.47,5.57,0,11.52,19.51,19.51,7.94,19.51,19.51
20250702B02,合計（確報値）,最低約定価格（TSO別）[円/kW・30分],1.53,3.89,5.57,0,11.52,0.36,0.38,1.68,0.36,0.36
20250702B02,合計（確報値）,平均約定価格（TSO別）[円/kW・30分],7.57,9.3,5.57,0,11.52,4.72,3.07,3.28,1.2,4.25
20250702B02,合計（確報値）,約定量合計（TSO別）[MW],159.8,21.069,1.85,0,15,209.077,219,47,176.319,849.115
20250702B02,合計（確報値）,（内訳）自エリアからの約定量[MW],159.8,21.069,1.85,0,15,97.159,219,47,176.319,737.197
20250702B03,システム約定結果,募集量（TSO別）[MW],117,151,558,0,70,388,197,44,240,1765
20250702B03,システム約定結果,応札量合計（電源属地別）[MW],172.8,21.069,3.81,1.92,15,97.159,243.709,60,17.308,632.775
20250702B03,システム約定結果,落札量合計（電源属地別）[MW],123,21.069,3.81,1.92,15,97.159,243.709,60,17.308,582.975
20250702B03,システム約定結果,応札件数（電源属地別）[件],4,2,2,1,1,4,6,3,6,29
20250702B03,システム約定結果,落札件数（電源属地別）[件],2,2,2,1,1,4,6,3,6,27
20250702B03,システム約定結果,最高落札価格（電源属地別）[円/kW・30分],10.94,16.47,19.51,19.51,9.21,9.53,19.51,8.41,19.51,19.51
20250702B03,システム約定結果,最低落札価格（電源属地別）[円/kW・30分],1.6,4.24,5.57,19.51,9.21,0.36,0.4,1.08,0.36,0.36
20250702B03,システム約定結果,平均落札価格（電源属地別）[円/kW・30分],3.04,9.5,12.74,19.51,9.21,4.95,3.16,3.35,8.4,4.11
20250702B03,システム約定結果,最高落札価格（TSO別）[円/kW・30分],10.94,16.47,19.51,0,9.21,19.51,19.51,8.41,19.51,19.51
20250702B03,システム約定結果,最低落札価格（TSO別）[円/kW・30分],1.6,4.24,4.24,0,0.4,0.36,0.4,1.08,0.36,0.36
20250702B03,システム約定結果,平均落札価格（TSO別）[円/kW・30分],3.04,11.14,7.92,0,4.01,4.92,3.24,3.9,7.89,4.11
20250702B03,システム約定結果,落札量合計（TSO別）[MW],123,16.069,8.81,0,55,119.788,197,44,19.308,582.975
20250702B03,システム約定結果,（内訳）自エリアからの落札量[MW],123,16.069,3.81,0,15,97.159,197,44,17.308,513.346
20250702B03,追加調達結果,募集量（TSO別）[MW],-,-,-,-,-,-,-,-,-,-
20250702B03,追加調達結果,応札量合計（電源属地別）[MW],0,0,0,0,0,0,0,0,0,0
20250702B03,追加調達結果,約定量合計（電源属地別）[MW],0,0,0,0,0,0,0,0,0,0
20250702B03,追加調達結果,応札件数（電源属地別）[件],0,0,0,0,0,0,0,0,0,0
20250702B03,追加調達結果,約定件数（電源属地別）[件],0,0,0,0,0,0,0,0,0,0
20250702B03,追加調達結果,最高約定価格（電源属地別）[円/kW・30分],0,0,0,0,0,0,0,0,0,0
20250702B03,追加調達結果,最低約定価格（電源属地別）[円/kW・30分],0,0,0,0,0,0,0,0,0,0
20250702B03,追加調達結果,平均約定価格（電源属地別）[円/kW・30分],0,0,0,0,0,0,0,0,0,0
20250702B03,追加調達結果,最高約定価格（TSO別）[円/kW・30分],0,0,0,0,0,0,0,0,0,0
20250702B03,追加調達結果,最低約定価格（TSO別）[円/kW・30分],0,0,0,0,0,0,0,0,0,0
20250702B03,追加調達結果,平均約定価格（TSO別）[円/kW・30分],0,0,0,0,0,0,0,0,0,0
20250702B03,追加調達結果,約定量合計（TSO別）[MW],0,0,0,0,0,0,0,0,0,0
20250702B03,追加調達結果,（内訳）自エリアからの約定量[MW],0,0,0,0,0,0,0,0,0,0
20250702B03,合計（確報値）,募集量（TSO別）[MW],117,151,558,0,70,388,197,44,240,1765
20250702B03,合計（確報値）,応札量合計（電源属地別）[MW],172.8,21.069,3.81,1.92,15,97.159,243.709,60,17.308,632.775
20250702B03,合計（確報値）,約定量合計（電源属地別）[MW],123,21.069,3.81,1.92,15,97.159,243.709,60,15.319,580.986
20250702B03,合計（確報値）,応札件数（電源属地別）[件],4,2,2,1,1,4,6,3,6,29
20250702B03,合計（確報値）,約定件数（電源属地別）[件],2,2,2,1,1,4,6,3,5,26
20250702B03,合計（確報値）,最高約定価格（電源属地別）[円/kW・30分],10.94,16.47,19.51,19.51,9.21,9.53,19.51,8.41,19.51,19.51
20250702B03,合計（確報値）,最低約定価格（電源属地別）[円/kW・30分],1.6,4.24,5.57,19.51,9.21,0.36,0.4,1.08,0.36,0.36
20250702B03,合計（確報値）,平均約定価格（電源属地別）[円/kW・30分],3.04,9.5,12.74,19.51,9.21,4.95,3.16,3.35,7.02,4.06
20250702B03,合計（確報値）,最高約定価格（TSO別）[円/kW・30分],10.94,16.47,19.51,0,9.21,19.51,19.51,8.41,19.51,19.51
20250702B03,合計（確報値）,最低約定価格（TSO別）[円/kW・30分],1.6,4.24,4.24,0,0.4,0.36,0.4,1.08,0.36,0.36
20250702B03,合計（確報値）,平均約定価格（TSO別）[円/kW・30分],3.04,11.14,7.92,0,4.01,4.92,3.24,3.9,6.61,4.06
20250702B03,合計（確報値）,約定量合計（TSO別）[MW],123,16.069,8.81,0,55,119.788,197,44,17.319,580.986
20250702B03,合計（確報値）,（内訳）自エリアからの約定量[MW],123,16.069,3.81,0,15,97.159,197,44,15.319,511.357
20250702B04,システム約定結果,募集量（TSO別）[MW],108,197,615,25,97,421,209,66,259,1997
20250702B04,システム約定結果,応札量合計（電源属地別）[MW],165.79,33.069,6.818,1.92,50,99.009,243.709,86,32.531,718.846
20250702B04,システム約定結果,落札量合計（電源属地別）[MW],165.1,33.069,6.818,1.92,50,99.009,243.709,86,32.531,718.156
20250702B04,システム約定結果,応札件数（電源属地別）[件],5,3,5,1,2,5,6,4,11,42
20250702B04,システム約定結果,落札件数（電源属地別）[件],5,3,5,1,2,5,6,4,11,42
20250702B04,システム約定結果,最高落札価格（電源属地別）[円/kW・30分],19.51,16.47,19.5,19.51,6.34,18.56,19.51,8.24,19.51,19.51
20250702B04,システム約定結果,最低落札価格（電源属地別）[円/kW・30分],1.87,4,5.57,19.51,4.29,0.51,0.62,1.31,0.36,0.36
20250702B04,システム約定結果,平均落札価格（電源属地別）[円/kW・30分],8.01,7.42,15.72,19.51,5.73,5.27,3.58,2.99,10.01,5.54
20250702B04,システム約定結果,最高落札価格（TSO別）[円/kW・30分],19.51,16.47,19.5,19.51,6.34,18.56,19.51,8.24,19.51,19.51
20250702B04,システム約定結果,最低落札価格（TSO別）[円/kW・30分],1.87,4,5.57,19.51,4.29,0.51,0.62,1.31,0.36,0.36
20250702B04,システム約定結果,平均落札価格（TSO別）[円/kW・30分],8.01,7.42,15.72,19.51,5.73,4.17,3.41,3.48,10.01,5.54
20250702B04,システム約定結果,落札量合計（TSO別）[MW],165.1,33.069,6.818,1.92,50,243.711,123.749,61.258,32.531,718.156
20250702B04,システム約定結果,（内訳）自エリアからの落札量[MW],165.1,33.069,6.818,1.92,50,99.009,123.749,61.258,32.531,573.454
20250702B04,追加調達結果,募集量（TSO別）[MW],-,-,-,-,-,-,-,-,-,-
20250702B04,追加調達結果,応札量合計（電源属地別）[MW],0,0,0,0,0,0,0,0,0,0
20250702B04,追加調達結果,約定量合計（電源属地別）[MW],0,0,0,0,0,0,0,0,0,0
20250702B04,追加調達結果,応札件数（電源属地別）[件],0,0,0,0,0,0,0,0,0,0
20250702B04,追加調達結果,約定件数（電源属地別）[件],0,0,0,0,0,0,0,0,0,0
20250702B04,追加調達結果,最高約定価格（電源属地別）[円/kW・30分],0,0,0,0,0,0,0,0,0,0
20250702B04,追加調達結果,最低約定価格（電源属地別）[円/kW・30分],0,0,0,0,0,0,0,0,0,0
20250702B04,追加調達結果,平均約定価格（電源属地別）[円/kW・30分],0,0,0,0,0,0,0,0,0,0
20250702B04,追加調達結果,最高約定価格（TSO別）[円/kW・30分],0,0,0,0,0,0,0,0,0,0
20250702B04,追加調達結果,最低約定価格（TSO別）[円/kW・30分],0,0,0,0,0,0,0,0,0,0
20250702B04,追加調達結果,平均約定価格（TSO別）[円/kW・30分],0,0,0,0,0,0,0,0,0,0
20250702B04,追加調達結果,約定量合計（TSO別）[MW],0,0,0,0,0,0,0,0,0,0
20250702B04,追加調達結果,（内訳）自エリアからの約定量[MW],0,0,0,0,0,0,0,0,0,0
20250702B04,合計（確報値）,募集量（TSO別）[MW],108,197,615,25,97,421,209,66,259,1997
20250702B04,合計（確報値）,応札量合計（電源属地別）[MW],165.79,57.069,6.818,1.92,50,99.009,243.709,86,40.531,750.846
20250702B04,合計（確報値）,約定量合計（電源属地別）[MW],165.1,33.069,6.818,1.92,50,99.009,243.709,86,28.628,714.253
20250702B04,合計（確報値）,応札件数（電源属地別）[件],5,5,5,1,2,5,6,4,13,46
20250702B04,合計（確報値）,約定件数（電源属地別）[件],5,3,5,1,2,5,6,4,10,41
20250702B04,合計（確報値）,最高約定価格（電源属地別）[円/kW・30分],19.51,16.47,19.5,19.51,6.34,18.56,19.51,8.24,19.51,19.51
20250702B04,合計（確報値）,最低約定価格（電源属地別）[円/kW・30分],1.87,4,5.57,19.51,4.29,0.51,0.62,1.31,0.36,0.36
20250702B04,合計（確報値）,平均約定価格（電源属地別）[円/kW・30分],8.01,7.42,15.72,19.51,5.73,5.27,3.58,2.99,8.74,5.46
20250702B04,合計（確報値）,最高約定価格（TSO別）[円/kW・30分],19.51,16.47,19.5,19.51,6.34,18.56,19.51,8.24,19.51,19.51
20250702B04,合計（確報値）,最低約定価格（TSO別）[円/kW・30分],1.87,4,5.57,19.51,4.29,0.51,0.62,1.31,0.36,0.36
20250702B04,合計（確報値）,平均約定価格（TSO別）[円/kW・30分],8.01,7.42,15.72,19.51,5.73,4.17,3.41,3.48,8.74,5.46
20250702B04,合計（確報値）,約定量合計（TSO別）[MW],165.1,33.069,6.818,1.92,50,243.711,123.749,61.258,28.628,714.253
20250702B04,合計（確報値）,（内訳）自エリアからの約定量[MW],165.1,33.069,6.818,1.92,50,99.009,123.749,61.258,28.628,569.551
20250702B05,システム約定結果,募集量（TSO別）[MW],100,191,615,17,96,382,185,77,262,1925
20250702B05,システム約定結果,応札量合計（電源属地別）[MW],104.79,33.069,3.818,1.92,50,96.499,243.709,88,23.879,645.684
20250702B05,システム約定結果,落札量合計（電源属地別）[MW],104.79,33.069,3.818,1.92,50,96.499,243.709,88,23.879,645.684
20250702B05,システム約定結果,応札件数（電源属地別）[件],5,3,2,1,2,4,6,4,6,33
20250702B05,システム約定結果,落札件数（電源属地別）[件],5,3,2,1,2,4,6,4,6,33
20250702B05,システム約定結果,最高落札価格（電源属地別）[円/kW・30分],19.51,16.47,19.5,19.51,6.32,18.56,19.51,7.43,19.5,19.51
20250702B05,システム約定結果,最低落札価格（電源属地別）[円/kW・30分],0.44,2.53,5.57,19.51,4.31,1.42,1.49,1.03,0.71,0.44
20250702B05,システム約定結果,平均落札価格（電源属地別）[円/kW・30分],10.25,6.59,12.75,19.51,5.72,5.68,4.2,2.46,6.49,5.59
20250702B05,システム約定結果,最高落札価格（TSO別）[円/kW・30分],19.51,16.47,19.5,19.51,6.32,18.56,19.51,7.43,19.5,19.51
20250702B05,システム約定結果,最低落札価格（TSO別）[円/kW・30分],0.44,2.53,5.57,19.51,1.47,1.42,1.49,1.03,0.71,0.44
20250702B05,システム約定結果,平均落札価格（TSO別）[円/kW・30分],10.25,6.59,12.75,19.51,4.48,4.85,4.19,2.27,6.49,5.59
20250702B05,システム約定結果,落札量合計（TSO別）[MW],104.79,33.069,3.818,1.92,85,240.557,93.683,58.968,23.879,645.684
20250702B05,システム約定結果,（内訳）自エリアからの落札量[MW],104.79,33.069,3.818,1.92,50,96.499,93.683,58.968,23.879,466.626
20250702B05,追加調達結果,募集量（TSO別）[MW],-,-,-,-,-,-,-,-,-,-
20250702B05,追加調達結果,応札量合計（電源属地別）[MW],0,0,0,0,0,0,0,0,0,0
20250702B05,追加調達結果,約定量合計（電源属地別）[MW],0,0,0,0,0,0,0,0,0,0
20250702B05,追加調達結果,応札件数（電源属地別）[件],0,0,0,0,0,0,0,0,0,0
20250702B05,追加調達結果,約定件数（電源属地別）[件],0,0,0,0,0,0,0,0,0,0
20250702B05,追加調達結果,最高約定価格（電源属地別）[円/kW・30分],0,0,0,0,0,0,0,0,0,0
20250702B05,追加調達結果,最低約定価格（電源属地別）[円/kW・30分],0,0,0,0,0,0,0,0,0,0
20250702B05,追加調達結果,平均約定価格（電源属地別）[円/kW・30分],0,0,0,0,0,0,0,0,0,0
20250702B05,追加調達結果,最高約定価格（TSO別）[円/kW・30分],0,0,0,0,0,0,0,0,0,0
20250702B05,追加調達結果,最低約定価格（TSO別）[円/kW・30分],0,0,0,0,0,0,0,0,0,0
20250702B05,追加調達結果,平均約定価格（TSO別）[円/kW・30分],0,0,0,0,0,0,0,0,0,0
20250702B05,追加調達結果,約定量合計（TSO別）[MW],0,0,0,0,0,0,0,0,0,0
20250702B05,追加調達結果,（内訳）自エリアからの約定量[MW],0,0,0,0,0,0,0,0,0,0
20250702B05,合計（確報値）,募集量（TSO別）[MW],100,191,615,17,96,382,185,77,262,1925
20250702B05,合計（確報値）,応札量合計（電源属地別）[MW],104.79,33.069,3.818,1.92,50,96.499,243.709,88,31.879,653.684
20250702B05,合計（確報値）,約定量合計（電源属地別）[MW],104.79,33.069,1.85,1.92,50,96.499,243.709,88,21.89,641.727
20250702B05,合計（確報値）,応札件数（電源属地別）[件],5,3,2,1,2,4,6,4,8,35
20250702B05,合計（確報値）,約定件数（電源属地別）[件],5,3,1,1,2,4,6,4,6,32
20250702B05,合計（確報値）,最高約定価格（電源属地別）[円/kW・30分],19.51,16.47,5.57,19.51,6.32,18.56,19.51,7.43,19.5,19.51
20250702B05,合計（確報値）,最低約定価格（電源属地別）[円/kW・30分],0.44,2.53,5.57,19.51,4.31,1.42,1.49,1.03,0.71,0.44
20250702B05,合計（確報値）,平均約定価格（電源属地別）[円/kW・30分],10.25,6.59,5.57,19.51,5.72,5.68,4.2,2.46,5.35,5.5
20250702B05,合計（確報値）,最高約定価格（TSO別）[円/kW・30分],19.51,16.47,5.57,19.51,6.32,18.56,19.51,7.43,19.5,19.51
20250702B05,合計（確報値）,最低約定価格（TSO別）[円/kW・30分],0.44,2.53,5.57,19.51,1.47,1.42,1.49,1.03,0.71,0.44
20250702B05,合計（確報値）,平均約定価格（TSO別）[円/kW・30分],10.25,6.59,5.57,19.51,4.48,4.85,4.19,2.27,5.35,5.5
20250702B05,合計（確報値）,約定量合計（TSO別）[MW],104.79,33.069,1.85,1.92,85,240.557,93.683,58.968,21.89,641.727
20250702B05,合計（確報値）,（内訳）自エリアからの約定量[MW],104.79,33.069,1.85,1.92,50,96.499,93.683,58.968,21.89,462.669
20250702B06,システム約定結果,募集量（TSO別）[MW],93,191,619,82,103,382,248,64,259,2041
20250702B06,システム約定結果,応札量合計（電源属地別）[MW],149.79,45.069,31.965,1.92,50,96.499,145.385,60,24.531,605.159
20250702B06,システム約定結果,落札量合計（電源属地別）[MW],147.8,45.069,31.965,1.92,50,96.499,145.385,60,24.531,603.169
20250702B06,システム約定結果,応札件数（電源属地別）[件],5,4,9,1,2,4,5,3,10,43
20250702B06,システム約定結果,落札件数（電源属地別）[件],4,4,9,1,2,4,5,3,10,42
20250702B06,システム約定結果,最高落札価格（電源属地別）[円/kW・30分],19.51,16.47,19.5,19.51,9.44,18.56,19.51,7.41,19.51,19.51
20250702B06,システム約定結果,最低落札価格（電源属地別）[円/kW・30分],1.2,1.84,2.99,19.51,1.8,7.43,3.94,4.89,1.96,1.2
20250702B06,システム約定結果,平均落札価格（電源属地別）[円/kW・30分],7.34,5.53,7.25,19.51,7.15,8.67,6.67,6.64,12.43,7.41
20250702B06,システム約定結果,最高落札価格（TSO別）[円/kW・30分],19.51,16.47,19.5,19.51,9.44,18.56,19.51,7.41,19.51,19.51
20250702B06,システム約定結果,最低落札価格（TSO別）[円/kW・30分],1.2,1.84,2.99,19.51,1.8,7.41,3.94,4.89,1.96,1.2
20250702B06,システム約定結果,平均落札価格（TSO別）[円/kW・30分],7.34,5.53,7.25,19.51,7.15,8.58,6.67,6.54,12.43,7.41
20250702B06,システム約定結果,落札量合計（TSO別）[MW],147.8,45.069,31.965,1.92,50,103.499,145.385,53,24.531,603.169
20250702B06,システム約定結果,（内訳）自エリアからの落札量[MW],147.8,45.069,31.965,1.92,50,96.499,145.385,53,24.531,596.169
20250702B06,追加調達結果,募集量（TSO別）[MW],-,-,-,-,-,-,-,-,-,-
20250702B06,追加調達結果,応札量合計（電源属地別）[MW],0,0,0,0,0,0,0,0,0,0
20250702B06,追加調達結果,約定量合計（電源属地別）[MW],0,0,0,0,0,0,0,0,0,0
20250702B06,追加調達結果,応札件数（電源属地別）[件],0,0,0,0,0,0,0,0,0,0
20250702B06,追加調達結果,約定件数（電源属地別）[件],0,0,0,0,0,0,0,0,0,0
20250702B06,追加調達結果,最高約定価格（電源属地別）[円/kW・30分],0,0,0,0,0,0,0,0,0,0
20250702B06,追加調達結果,最低約定価格（電源属地別）[円/kW・30分],0,0,0,0,0,0,0,0,0,0
20250702B06,追加調達結果,平均約定価格（電源属地別）[円/kW・30分],0,0,0,0,0,0,0,0,0,0
20250702B06,追加調達結果,最高約定価格（TSO別）[円/kW・30分],0,0,0,0,0,0,0,0,0,0
20250702B06,追加調達結果,最低約定価格（TSO別）[円/kW・30分],0,0,0,0,0,0,0,0,0,0
20250702B06,追加調達結果,平均約定価格（TSO別）[円/kW・30分],0,0,0,0,0,0,0,0,0,0
20250702B06,追加調達結果,約定量合計（TSO別）[MW],0,0,0,0,0,0,0,0,0,0
20250702B06,追加調達結果,（内訳）自エリアからの約定量[MW],0,0,0,0,0,0,0,0,0,0
20250702B06,合計（確報値）,募集量（TSO別）[MW],93,191,619,82,103,382,248,64,259,2041
20250702B06,合計（確報値）,応札量合計（電源属地別）[MW],149.79,45.069,31.965,1.92,50,96.499,145.385,60,24.531,605.159
20250702B06,合計（確報値）,約定量合計（電源属地別）[MW],147.8,45.069,30.965,1.92,50,96.499,145.385,60,20.628,598.266
20250702B06,合計（確報値）,応札件数（電源属地別）[件],5,4,9,1,2,4,5,3,10,43
20250702B06,合計（確報値）,約定件数（電源属地別）[件],4,4,8,1,2,4,5,3,8,39
20250702B06,合計（確報値）,最高約定価格（電源属地別）[円/kW・30分],19.51,16.47,19.5,19.51,9.44,18.56,19.51,7.41,19.51,19.51
20250702B06,合計（確報値）,最低約定価格（電源属地別）[円/kW・30分],1.2,1.84,2.99,19.51,1.8,7.43,3.94,4.89,1.96,1.2
20250702B06,合計（確報値）,平均約定価格（電源属地別）[円/kW・30分],7.34,5.53,6.86,19.51,7.15,8.67,6.67,6.64,11.14,7.31
20250702B06,合計（確報値）,最高約定価格（TSO別）[円/kW・30分],19.51,16.47,19.5,19.51,9.44,18.56,19.51,7.41,19.51,19.51
20250702B06,合計（確報値）,最低約定価格（TSO別）[円/kW・30分],1.2,1.84,2.99,19.51,1.8,7.41,3.94,4.89,1.96,1.2
20250702B06,合計（確報値）,平均約定価格（TSO別）[円/kW・30分],7.34,5.53,6.86,19.51,7.15,8.58,6.67,6.54,11.14,7.31
20250702B06,合計（確報値）,約定量合計（TSO別）[MW],147.8,45.069,30.965,1.92,50,103.499,145.385,53,20.628,598.266
20250702B06,合計（確報値）,（内訳）自エリアからの約定量[MW],147.8,45.069,30.965,1.92,50,96.499,145.385,53,20.628,591.266
20250702B07,システム約定結果,募集量（TSO別）[MW],92,161,616,50,102,371,244,52,242,1930
20250702B07,システム約定結果,応札量合計（電源属地別）[MW],147.8,45.069,3.818,1.92,50,99.009,285.03,49,147.138,828.784
20250702B07,システム約定結果,落札量合計（電源属地別）[MW],146.3,45.069,3.818,1.92,50,99.009,285.03,49,147.138,827.284
20250702B07,システム約定結果,応札件数（電源属地別）[件],4,4,2,1,2,5,9,2,9,38
20250702B07,システム約定結果,落札件数（電源属地別）[件],3,4,2,1,2,5,9,2,9,37
20250702B07,システム約定結果,最高落札価格（電源属地別）[円/kW・30分],19.35,16.47,19.5,19.51,6.96,18.56,19.51,7.44,19.51,19.51
20250702B07,システム約定結果,最低落札価格（電源属地別）[円/kW・30分],0.43,2.11,5.57,19.51,5.05,7.57,6.26,5.02,5.54,0.43
20250702B07,システム約定結果,平均落札価格（電源属地別）[円/kW・30分],6.77,5.55,12.75,19.51,6.39,8.76,9.01,6.7,7.54,7.88
20250702B07,システム約定結果,最高落札価格（TSO別）[円/kW・30分],19.35,16.47,19.5,19.51,6.96,18.56,19.51,7.44,19.51,19.51
20250702B07,システム約定結果,最低落札価格（TSO別）[円/kW・30分],0.43,2.11,5.57,19.51,5.05,5.02,6.26,5.02,5.54,0.43
20250702B07,システム約定結果,平均落札価格（TSO別）[円/kW・30分],6.77,5.55,12.75,19.51,6.39,8.98,8.85,6.85,7.54,7.88
20250702B07,システム約定結果,落札量合計（TSO別）[MW],146.3,45.069,3.818,1.92,50,176.29,211.749,45,147.138,827.284
20250702B07,システム約定結果,（内訳）自エリアからの落札量[MW],146.3,45.069,3.818,1.92,50,99.009,211.749,45,147.138,750.003
20250702B07,追加調達結果,募集量（TSO別）[MW],-,-,-,-,-,-,-,-,-,-
20250702B07,追加調達結果,応札量合計（電源属地別）[MW],0,0,0,0,0,0,0,0,0,0
20250702B07,追加調達結果,約定量合計（電源属地別）[MW],0,0,0,0,0,0,0,0,0,0
20250702B07,追加調達結果,応札件数（電源属地別）[件],0,0,0,0,0,0,0,0,0,0
20250702B07,追加調達結果,約定件数（電源属地別）[件],0,0,0,0,0,0,0,0,0,0
20250702B07,追加調達結果,最高約定価格（電源属地別）[円/kW・30分],0,0,0,0,0,0,0,0,0,0
20250702B07,追加調達結果,最低約定価格（電源属地別）[円/kW・30分],0,0,0,0,0,0,0,0,0,0
20250702B07,追加調達結果,平均約定価格（電源属地別）[円/kW・30分],0,0,0,0,0,0,0,0,0,0
20250702B07,追加調達結果,最高約定価格（TSO別）[円/kW・30分],0,0,0,0,0,0,0,0,0,0
20250702B07,追加調達結果,最低約定価格（TSO別）[円/kW・30分],0,0,0,0,0,0,0,0,0,0
20250702B07,追加調達結果,平均約定価格（TSO別）[円/kW・30分],0,0,0,0,0,0,0,0,0,0
20250702B07,追加調達結果,約定量合計（TSO別）[MW],0,0,0,0,0,0,0,0,0,0
20250702B07,追加調達結果,（内訳）自エリアからの約定量[MW],0,0,0,0,0,0,0,0,0,0
20250702B07,合計（確報値）,募集量（TSO別）[MW],92,161,616,50,102,371,244,52,242,1930
20250702B07,合計（確報値）,応札量合計（電源属地別）[MW],147.8,45.069,3.818,1.92,50,99.009,285.03,49,147.138,828.784
20250702B07,合計（確報値）,約定量合計（電源属地別）[MW],146.3,45.069,3.818,1.92,50,99.009,285.03,49,145.149,825.295
20250702B07,合計（確報値）,応札件数（電源属地別）[件],4,4,2,1,2,5,9,2,9,38
20250702B07,合計（確報値）,約定件数（電源属地別）[件],3,4,2,1,2,5,9,2,8,36
20250702B07,合計（確報値）,最高約定価格（電源属地別）[円/kW・30分],19.35,16.47,19.5,19.51,6.96,18.56,19.51,7.44,19.51,19.51
20250702B07,合計（確報値）,最低約定価格（電源属地別）[円/kW・30分],0.43,2.11,5.57,19.51,5.05,7.57,6.26,5.02,5.54,0.43
20250702B07,合計（確報値）,平均約定価格（電源属地別）[円/kW・30分],6.77,5.55,12.75,19.51,6.39,8.76,9.01,6.7,7.38,7.85
20250702B07,合計（確報値）,最高約定価格（TSO別）[円/kW・30分],19.35,16.47,19.5,19.51,6.96,18.56,19.51,7.44,19.51,19.51
20250702B07,合計（確報値）,最低約定価格（TSO別）[円/kW・30分],0.43,2.11,5.57,19.51,5.05,5.02,6.26,5.02,5.54,0.43
20250702B07,合計（確報値）,平均約定価格（TSO別）[円/kW・30分],6.77,5.55,12.75,19.51,6.39,8.98,8.85,6.85,7.38,7.85
20250702B07,合計（確報値）,約定量合計（TSO別）[MW],146.3,45.069,3.818,1.92,50,176.29,211.749,45,145.149,825.295
20250702B07,合計（確報値）,（内訳）自エリアからの約定量[MW],146.3,45.069,3.818,1.92,50,99.009,211.749,45,145.149,748.014
20250702B08,システム約定結果,募集量（TSO別）[MW],99,105,588,0,92,345,194,56,235,1714
20250702B08,システム約定結果,応札量合計（電源属地別）[MW],158.79,12,30.384,11.92,50,97.159,285.03,60,51.308,756.591
20250702B08,システム約定結果,落札量合計（電源属地別）[MW],158.1,12,30.384,11.92,50,97.159,285.03,60,51.308,755.901
20250702B08,システム約定結果,応札件数（電源属地別）[件],5,1,4,2,2,4,9,3,7,37
20250702B08,システム約定結果,落札件数（電源属地別）[件],5,1,4,2,2,4,9,3,7,37
20250702B08,システム約定結果,最高落札価格（電源属地別）[円/kW・30分],19.5,2.34,19.51,19.51,11.91,9.53,19.51,6.77,19.51,19.51
20250702B08,システム約定結果,最低落札価格（電源属地別）[円/kW・30分],1.2,2.34,3.24,2.13,2.93,2.68,2.11,1.21,1.41,1.2
20250702B08,システム約定結果,平均落札価格（電源属地別）[円/kW・30分],7.17,2.34,4.66,4.93,5.62,6.08,4.88,2.99,5.44,5.4
20250702B08,システム約定結果,最高落札価格（TSO別）[円/kW・30分],19.5,0,19.51,0,11.91,19.51,5.59,6.77,19.51,19.51
20250702B08,システム約定結果,最低落札価格（TSO別）[円/kW・30分],1.2,0,2.34,0,2.93,1.21,2.11,1.21,1.41,1.2
20250702B08,システム約定結果,平均落札価格（TSO別）[円/kW・30分],7.17,0,4.01,0,5.62,5.72,4.43,3.11,5.82,5.4
20250702B08,システム約定結果,落札量合計（TSO別）[MW],158.1,0,42.384,0,61,176.278,194,56,68.139,755.901
20250702B08,システム約定結果,（内訳）自エリアからの落札量[MW],158.1,0,30.384,0,50,97.159,194,56,51.308,636.951
20250702B08,追加調達結果,募集量（TSO別）[MW],-,-,-,-,-,-,-,-,-,-
20250702B08,追加調達結果,応札量合計（電源属地別）[MW],0,0,0,0,0,0,0,0,0,0
20250702B08,追加調達結果,約定量合計（電源属地別）[MW],0,0,0,0,0,0,0,0,0,0
20250702B08,追加調達結果,応札件数（電源属地別）[件],0,0,0,0,0,0,0,0,0,0
20250702B08,追加調達結果,約定件数（電源属地別）[件],0,0,0,0,0,0,0,0,0,0
20250702B08,追加調達結果,最高約定価格（電源属地別）[円/kW・30分],0,0,0,0,0,0,0,0,0,0
20250702B08,追加調達結果,最低約定価格（電源属地別）[円/kW・30分],0,0,0,0,0,0,0,0,0,0
20250702B08,追加調達結果,平均約定価格（電源属地別）[円/kW・30分],0,0,0,0,0,0,0,0,0,0
20250702B08,追加調達結果,最高約定価格（TSO別）[円/kW・30分],0,0,0,0,0,0,0,0,0,0
20250702B08,追加調達結果,最低約定価格（TSO別）[円/kW・30分],0,0,0,0,0,0,0,0,0,0
20250702B08,追加調達結果,平均約定価格（TSO別）[円/kW・30分],0,0,0,0,0,0,0,0,0,0
20250702B08,追加調達結果,約定量合計（TSO別）[MW],0,0,0,0,0,0,0,0,0,0
20250702B08,追加調達結果,（内訳）自エリアからの約定量[MW],0,0,0,0,0,0,0,0,0,0
20250702B08,合計（確報値）,募集量（TSO別）[MW],99,105,588,0,92,345,194,56,235,1714
20250702B08,合計（確報値）,応札量合計（電源属地別）[MW],176.79,24,30.384,21.92,50,97.159,285.03,60,51.308,796.591
20250702B08,合計（確報値）,約定量合計（電源属地別）[MW],158.1,12,30.384,11.92,50,97.159,285.03,60,49.319,753.912
20250702B08,合計（確報値）,応札件数（電源属地別）[件],7,2,4,3,2,4,9,3,7,41
20250702B08,合計（確報値）,約定件数（電源属地別）[件],7,1,4,2,2,4,9,3,6,38
20250702B08,合計（確報値）,最高約定価格（電源属地別）[円/kW・30分],19.5,1.7,19.51,19.51,11.91,9.53,19.51,6.77,19.51,19.51
20250702B08,合計（確報値）,最低約定価格（電源属地別）[円/kW・30分],1.2,1.7,3.24,0.36,2.93,2.68,2.11,1.21,1.41,0.36
20250702B08,合計（確報値）,平均約定価格（電源属地別）[円/kW・30分],7.17,1.7,4.66,3.44,5.62,6.08,4.88,2.99,4.89,5.33
20250702B08,合計（確報値）,最高約定価格（TSO別）[円/kW・30分],19.5,0,19.51,0,11.91,19.51,5.59,6.77,19.51,19.51
20250702B08,合計（確報値）,最低約定価格（TSO別）[円/kW・30分],1.2,0,1.7,0,2.93,0.36,2.11,1.21,1.41,0.36
20250702B08,合計（確報値）,平均約定価格（TSO別）[円/kW・30分],7.17,0,3.82,0,5.62,5.62,4.43,3.11,5.42,5.33
20250702B08,合計（確報値）,約定量合計（TSO別）[MW],158.1,0,42.384,0,61,176.278,194,56,66.15,753.912
20250702B08,合計（確報値）,（内訳）自エリアからの約定量[MW],158.1,0,30.384,0,50,97.159,194,56,49.319,634.962
20250703B01,システム約定結果,募集量（TSO別）[MW],97,63,510,0,54,341,221,46,180,1512
20250703B01,システム約定結果,応札量合計（電源属地別）[MW],107.49,21.069,90.279,12.048,15,50.402,241.909,60,47.429,645.626
20250703B01,システム約定結果,落札量合計（電源属地別）[MW],107.49,21.069,90.279,12.048,15,50.402,241.909,60,47.429,645.626
20250703B01,システム約定結果,応札件数（電源属地別）[件],4,2,6,1,1,3,5,3,5,30
20250703B01,システム約定結果,落札件数（電源属地別）[件],4,2,6,1,1,3,5,3,5,30
20250703B01,システム約定結果,最高落札価格（電源属地別）[円/kW・30分],19.51,16.47,19.51,3.4,14.5,5.54,2.87,7.84,19.51,19.51
20250703B01,システム約定結果,最低落札価格（電源属地別）[円/kW・30分],1.62,3.67,0.4,3.4,14.5,0.36,0.36,1.55,0.36,0.36
20250703B01,システム約定結果,平均落札価格（電源属地別）[円/kW・30分],3.32,9.18,0.86,3.4,14.5,0.62,2.56,3.18,2.07,2.83
20250703B01,システム約定結果,最高落札価格（TSO別）[円/kW・30分],19.51,16.47,19.51,0,14.5,7.84,2.87,7.84,19.51,19.51
20250703B01,システム約定結果,最低落札価格（TSO別）[円/kW・30分],1.62,3.67,0.4,0,14.5,0.36,0.36,1.55,0.36,0.36
20250703B01,システム約定結果,平均落札価格（TSO別）[円/kW・30分],3.32,9.5,0.89,0,14.5,2.05,2.53,2.67,2.07,2.83
20250703B01,システム約定結果,落札量合計（TSO別）[MW],107.49,19.925,91.423,0,15,97.359,221,46,47.429,645.626
20250703B01,システム約定結果,（内訳）自エリアからの落札量[MW],107.49,19.925,90.279,0,15,50.402,221,46,47.429,597.525
20250703B01,追加調達結果,募集量（TSO別）[MW],-,-,-,-,-,-,-,-,-,-
20250703B01,追加調達結果,応札量合計（電源属地別）[MW],0,0,0,0,0,0,0,0,0,0
20250703B01,追加調達結果,約定量合計（電源属地別）[MW],0,0,0,0,0,0,0,0,0,0
20250703B01,追加調達結果,応札件数（電源属地別）[件],0,0,0,0,0,0,0,0,0,0
20250703B01,追加調達結果,約定件数（電源属地別）[件],0,0,0,0,0,0,0,0,0,0
20250703B01,追加調達結果,最高約定価格（電源属地別）[円/kW・30分],0,0,0,0,0,0,0,0,0,0
20250703B01,追加調達結果,最低約定価格（電源属地別）[円/kW・30分],0,0,0,0,0,0,0,0,0,0
20250703B01,追加調達結果,平均約定価格（電源属地別）[円/kW・30分],0,0,0,0,0,0,0,0,0,0
20250703B01,追加調達結果,最高約定価格（TSO別）[円/kW・30分],0,0,0,0,0,0,0,0,0,0
20250703B01,追加調達結果,最低約定価格（TSO別）[円/kW・30分],0,0,0,0,0,0,0,0,0,0
20250703B01,追加調達結果,平均約定価格（TSO別）[円/kW・30分],0,0,0,0,0,0,0,0,0,0
20250703B01,追加調達結果,約定量合計（TSO別）[MW],0,0,0,0,0,0,0,0,0,0
20250703B01,追加調達結果,（内訳）自エリアからの約定量[MW],0,0,0,0,0,0,0,0,0,0
20250703B01,合計（確報値）,募集量（TSO別）[MW],97,63,510,0,54,341,221,46,180,1512
20250703B01,合計（確報値）,応札量合計（電源属地別）[MW],118.49,21.069,90.279,24.096,15,50.402,241.909,60,47.429,668.674
20250703B01,合計（確報値）,約定量合計（電源属地別）[MW],107.49,21.069,90.279,12.048,15,50.402,241.909,60,45.44,643.637
20250703B01,合計（確報値）,応札件数（電源属地別）[件],6,2,6,2,1,3,5,3,5,33
20250703B01,合計（確報値）,約定件数（電源属地別）[件],6,2,6,1,1,3,5,3,4,31
20250703B01,合計（確報値）,最高約定価格（電源属地別）[円/kW・30分],19.51,16.47,19.51,0.36,14.5,5.54,2.87,7.84,19.51,19.51
20250703B01,合計（確報値）,最低約定価格（電源属地別）[円/kW・30分],1.62,3.67,0.4,0.36,14.5,0.36,0.36,1.55,0.36,0.36
20250703B01,合計（確報値）,平均約定価格（電源属地別）[円/kW・30分],3.32,9.18,0.86,0.36,14.5,0.62,2.56,3.18,1.33,2.72
20250703B01,合計（確報値）,最高約定価格（TSO別）[円/kW・30分],19.51,16.47,19.51,0,14.5,7.84,2.87,7.84,19.51,19.51
20250703B01,合計（確報値）,最低約定価格（TSO別）[円/kW・30分],1.62,3.67,0.4,0,14.5,0.36,0.36,1.55,0.36,0.36
20250703B01,合計（確報値）,平均約定価格（TSO別）[円/kW・30分],3.32,9.5,0.89,0,14.5,1.68,2.53,2.67,1.33,2.72
20250703B01,合計（確報値）,約定量合計（TSO別）[MW],107.49,19.925,91.423,0,15,97.359,221,46,45.44,643.637
20250703B01,合計（確報値）,（内訳）自エリアからの約定量[MW],107.49,19.925,90.279,0,15,50.402,221,46,45.44,595.536
20250703B02,システム約定結果,募集量（TSO別）[MW],103,83,458,0,68,340,219,47,206,1524
20250703B02,システム約定結果,応札量合計（電源属地別）[MW],161.79,21.069,101.494,13.968,15,97.159,243.709,60,178.308,892.497
20250703B02,システム約定結果,落札量合計（電源属地別）[MW],159.8,21.069,101.494,13.968,15,97.159,243.709,60,178.308,890.507
20250703B02,システム約定結果,応札件数（電源属地別）[件],5,2,8,2,1,4,6,3,9,40
20250703B02,システム約定結果,落札件数（電源属地別）[件],4,2,8,2,1,4,6,3,9,39
20250703B02,システム約定結果,最高落札価格（電源属地別）[円/kW・30分],19.51,16.47,19.51,19.51,11.52,9.53,19.51,7.88,19.51,19.51
20250703B02,システム約定結果,最低落札価格（電源属地別）[円/kW・30分],1.53,3.83,0.36,3.71,11.52,0.36,0.36,1.56,0.36,0.36
20250703B02,システム約定結果,平均落札価格（電源属地別）[円/kW・30分],6.52,9.27,0.82,5.88,11.52,4.91,2.97,3.18,1.39,3.61
20250703B02,システム約定結果,最高落札価格（TSO別）[円/kW・30分],19.51,16.47,19.51,0,11.52,19.51,19.51,7.88,19.51,19.51
20250703B02,システム約定結果,最低落札価格（TSO別）[円/kW・30分],1.53,3.83,0.36,0,11.52,0.36,0.36,1.56,0.36,0.36
20250703B02,システム約定結果,平均落札価格（TSO別）[円/kW・30分],6.52,9.27,0.82,0,11.52,4.7,2.94,2.79,1.39,3.61
20250703B02,システム約定結果,落札量合計（TSO別）[MW],159.8,21.069,101.494,0,15,148.836,219,47,178.308,890.507
20250703B02,システム約定結果,（内訳）自エリアからの落札量[MW],159.8,21.069,101.494,0,15,97.159,219,47,178.308,838.83
20250703B02,追加調達結果,募集量（TSO別）[MW],-,-,-,-,-,-,-,-,-,-
20250703B02,追加調達結果,応札量合計（電源属地別）[MW],0,0,0,0,0,0,0,0,0,0
20250703B02,追加調達結果,約定量合計（電源属地別）[MW],0,0,0,0,0,0,0,0,0,0
20250703B02,追加調達結果,応札件数（電源属地別）[件],0,0,0,0,0,0,0,0,0,0
20250703B02,追加調達結果,約定件数（電源属地別）[件],0,0,0,0,0,0,0,0,0,0
20250703B02,追加調達結果,最高約定価格（電源属地別）[円/kW・30分],0,0,0,0,0,0,0,0,0,0
20250703B02,追加調達結果,最低約定価格（電源属地別）[円/kW・30分],0,0,0,0,0,0,0,0,0,0
20250703B02,追加調達結果,平均約定価格（電源属地別）[円/kW・30分],0,0,0,0,0,0,0,0,0,0
20250703B02,追加調達結果,最高約定価格（TSO別）[円/kW・30分],0,0,0,0,0,0,0,0,0,0
20250703B02,追加調達結果,最低約定価格（TSO別）[円/kW・30分],0,0,0,0,0,0,0,0,0,0
20250703B02,追加調達結果,平均約定価格（TSO別）[円/kW・30分],0,0,0,0,0,0,0,0,0,0
20250703B02,追加調達結果,約定量合計（TSO別）[MW],0,0,0,0,0,0,0,0,0,0
20250703B02,追加調達結果,（内訳）自エリアからの約定量[MW],0,0,0,0,0,0,0,0,0,0
20250703B02,合計（確報値）,募集量（TSO別）[MW],103,83,458,0,68,340,219,47,206,1524
20250703B02,合計（確報値）,応札量合計（電源属地別）[MW],192.79,21.069,101.494,26.016,15,97.159,243.709,60,178.308,935.545
20250703B02,合計（確報値）,約定量合計（電源属地別）[MW],159.8,21.069,101.494,13.968,15,97.159,243.709,60,176.319,888.518
20250703B02,合計（確報値）,応札件数（電源属地別）[件],7,2,8,4,1,4,6,3,9,44
20250703B02,合計（確報値）,約定件数（電源属地別）[件],6,2,8,3,1,4,6,3,8,41
20250703B02,合計（確報値）,最高約定価格（電源属地別）[円/kW・30分],19.51,16.47,19.51,19.51,11.52,9.53,19.51,7.88,19.51,19.51
20250703B02,合計（確報値）,最低約定価格（電源属地別）[円/kW・30分],1.53,3.83,0.36,0.36,11.52,0.36,0.36,1.56,0.36,0.36
20250703B02,合計（確報値）,平均約定価格（電源属地別）[円/kW・30分],6.52,9.27,0.82,2.99,11.52,4.91,2.97,3.18,1.2,3.53
20250703B02,合計（確報値）,最高約定価格（TSO別）[円/kW・30分],19.51,16.47,19.51,0,11.52,19.51,19.51,7.88,19.51,19.51
20250703B02,合計（確報値）,最低約定価格（TSO別）[円/kW・30分],1.53,3.83,0.36,0,11.52,0.36,0.36,1.56,0.36,0.36
20250703B02,合計（確報値）,平均約定価格（TSO別）[円/kW・30分],6.52,9.27,0.82,0,11.52,4.42,2.94,2.79,1.2,3.53
20250703B02,合計（確報値）,約定量合計（TSO別）[MW],159.8,21.069,101.494,0,15,148.836,219,47,176.319,888.518
20250703B02,合計（確報値）,（内訳）自エリアからの約定量[MW],159.8,21.069,101.494,0,15,97.159,219,47,176.319,836.841
20250703B03,システム約定結果,募集量（TSO別）[MW],117,151,558,0,70,388,197,44,240,1765
20250703B03,システム約定結果,応札量合計（電源属地別）[MW],142.3,21.069,3.81,1.92,15,97.159,243.709,60,17.308,602.275
20250703B03,システム約定結果,落札量合計（電源属地別）[MW],140.8,21.069,3.81,1.92,15,97.159,243.709,60,17.308,600.775
20250703B03,システム約定結果,応札件数（電源属地別）[件],4,2,2,1,1,4,6,3,6,29
20250703B03,システム約定結果,落札件数（電源属地別）[件],3,2,2,1,1,4,6,3,6,28
20250703B03,システム約定結果,最高落札価格（電源属地別）[円/kW・30分],17.2,16.47,19.51,19.51,9.21,9.53,19.51,8.28,19.51,19.51
20250703B03,システム約定結果,最低落札価格（電源属地別）[円/kW・30分],1.6,4.26,5.57,19.51,9.21,0.36,0.36,1.25,0.36,0.36
20250703B03,システム約定結果,平均落札価格（電源属地別）[円/kW・30分],4.62,9.52,12.74,19.51,9.21,4.94,2.84,3.27,8.4,4.31
20250703B03,システム約定結果,最高落札価格（TSO別）[円/kW・30分],17.2,16.47,19.51,0,9.21,19.51,19.51,8.28,19.51,19.51
20250703B03,システム約定結果,最低落札価格（TSO別）[円/kW・30分],1.6,4.26,4.26,0,1.72,0.36,0.36,1.25,0.36,0.36
20250703B03,システム約定結果,平均落札価格（TSO別）[円/kW・30分],4.62,11.15,7.93,0,4.86,4.85,2.9,2.8,7.57,4.31
20250703B03,システム約定結果,落札量合計（TSO別）[MW],140.8,16.069,8.81,0,55,119.788,197,44,19.308,600.775
20250703B03,システム約定結果,（内訳）自エリアからの落札量[MW],140.8,16.069,3.81,0,15,97.159,197,44,17.308,531.146
20250703B03,追加調達結果,募集量（TSO別）[MW],-,-,-,-,-,-,-,-,-,-
20250703B03,追加調達結果,応札量合計（電源属地別）[MW],0,0,0,0,0,0,0,0,0,0
20250703B03,追加調達結果,約定量合計（電源属地別）[MW],0,0,0,0,0,0,0,0,0,0
20250703B03,追加調達結果,応札件数（電源属地別）[件],0,0,0,0,0,0,0,0,0,0
20250703B03,追加調達結果,約定件数（電源属地別）[件],0,0,0,0,0,0,0,0,0,0
20250703B03,追加調達結果,最高約定価格（電源属地別）[円/kW・30分],0,0,0,0,0,0,0,0,0,0
20250703B03,追加調達結果,最低約定価格（電源属地別）[円/kW・30分],0,0,0,0,0,0,0,0,0,0
20250703B03,追加調達結果,平均約定価格（電源属地別）[円/kW・30分],0,0,0,0,0,0,0,0,0,0
20250703B03,追加調達結果,最高約定価格（TSO別）[円/kW・30分],0,0,0,0,0,0,0,0,0,0
20250703B03,追加調達結果,最低約定価格（TSO別）[円/kW・30分],0,0,0,0,0,0,0,0,0,0
20250703B03,追加調達結果,平均約定価格（TSO別）[円/kW・30分],0,0,0,0,0,0,0,0,0,0
20250703B03,追加調達結果,約定量合計（TSO別）[MW],0,0,0,0,0,0,0,0,0,0
20250703B03,追加調達結果,（内訳）自エリアからの約定量[MW],0,0,0,0,0,0,0,0,0,0
20250703B03,合計（確報値）,募集量（TSO別）[MW],117,151,558,0,70,388,197,44,240,1765
20250703B03,合計（確報値）,応札量合計（電源属地別）[MW],178.3,21.069,3.81,1.92,15,97.159,243.709,60,17.308,638.275
20250703B03,合計（確報値）,約定量合計（電源属地別）[MW],140.8,21.069,3.81,1.92,15,97.159,243.709,60,15.319,598.786
20250703B03,合計（確報値）,応札件数（電源属地別）[件],6,2,2,1,1,4,6,3,6,31
20250703B03,合計（確報値）,約定件数（電源属地別）[件],5,2,2,1,1,4,6,3,5,29
20250703B03,合計（確報値）,最高約定価格（電源属地別）[円/kW・30分],17.2,16.47,19.51,19.51,9.21,9.53,19.51,8.28,19.51,19.51
20250703B03,合計（確報値）,最低約定価格（電源属地別）[円/kW・30分],1.6,4.26,5.57,19.51,9.21,0.36,0.36,1.25,0.36,0.36
20250703B03,合計（確報値）,平均約定価格（電源属地別）[円/kW・30分],4.62,9.52,12.74,19.51,9.21,4.94,2.84,3.27,7.02,4.26
20250703B03,合計（確報値）,最高約定価格（TSO別）[円/kW・30分],17.2,16.47,19.51,0,9.21,19.51,19.51,8.28,19.51,19.51
20250703B03,合計（確報値）,最低約定価格（TSO別）[円/kW・30分],1.6,4.26,4.26,0,1.72,0.36,0.36,1.25,0.36,0.36
20250703B03,合計（確報値）,平均約定価格（TSO別）[円/kW・30分],4.62,11.15,7.93,0,4.86,4.85,2.9,2.8,6.25,4.26
20250703B03,合計（確報値）,約定量合計（TSO別）[MW],140.8,16.069,8.81,0,55,119.788,197,44,17.319,598.786
20250703B03,合計（確報値）,（内訳）自エリアからの約定量[MW],140.8,16.069,3.81,0,15,97.159,197,44,15.319,529.157
20250703B04,システム約定結果,募集量（TSO別）[MW],108,197,615,25,97,421,209,66,259,1997
20250703B04,システム約定結果,応札量合計（電源属地別）[MW],117.49,33.069,6.818,1.92,50,99.009,243.709,75,32.531,659.546
20250703B04,システム約定結果,落札量合計（電源属地別）[MW],117.49,33.069,6.818,1.92,50,99.009,243.709,75,32.531,659.546
20250703B04,システム約定結果,応札件数（電源属地別）[件],4,3,5,1,2,5,6,3,11,40
20250703B04,システム約定結果,落札件数（電源属地別）[件],4,3,5,1,2,5,6,3,11,40
20250703B04,システム約定結果,最高落札価格（電源属地別）[円/kW・30分],19.51,16.47,19.5,19.51,6.34,18.56,19.51,8.26,19.51,19.51
20250703B04,システム約定結果,最低落札価格（電源属地別）[円/kW・30分],1.87,4.19,5.57,19.51,4.29,0.51,0.37,1.72,0.36,0.36
20250703B04,システム約定結果,平均落札価格（電源属地別）[円/kW・30分],3.89,7.56,15.72,19.51,5.73,5.27,3.13,3.17,10.01,4.53
20250703B04,システム約定結果,最高落札価格（TSO別）[円/kW・30分],19.51,16.47,19.5,19.51,6.34,18.56,19.51,8.26,19.51,19.51
20250703B04,システム約定結果,最低落札価格（TSO別）[円/kW・30分],1.87,4.19,5.57,19.51,4.29,0.37,0.37,1.72,0.36,0.36
20250703B04,システム約定結果,平均落札価格（TSO別）[円/kW・30分],3.89,7.56,15.72,19.51,5.73,3.97,2.99,3.66,10.01,4.53
20250703B04,システム約定結果,落札量合計（TSO別）[MW],117.49,33.069,6.818,1.92,50,242.969,123.749,51,32.531,659.546
20250703B04,システム約定結果,（内訳）自エリアからの落札量[MW],117.49,33.069,6.818,1.92,50,99.009,123.749,51,32.531,515.586
20250703B04,追加調達結果,募集量（TSO別）[MW],-,-,-,-,-,-,-,-,-,-
20250703B04,追加調達結果,応札量合計（電源属地別）[MW],0,0,0,0,0,0,0,0,0,0
20250703B04,追加調達結果,約定量合計（電源属地別）[MW],0,0,0,0,0,0,0,0,0,0
20250703B04,追加調達結果,応札件数（電源属地別）[件],0,0,0,0,0,0,0,0,0,0
20250703B04,追加調達結果,約定件数（電源属地別）[件],0,0,0,0,0,0,0,0,0,0
20250703B04,追加調達結果,最高約定価格（電源属地別）[円/kW・30分],0,0,0,0,0,0,0,0,0,0
20250703B04,追加調達結果,最低約定価格（電源属地別）[円/kW・30分],0,0,0,0,0,0,0,0,0,0
20250703B04,追加調達結果,平均約定価格（電源属地別）[円/kW・30分],0,0,0,0,0,0,0,0,0,0
20250703B04,追加調達結果,最高約定価格（TSO別）[円/kW・30分],0,0,0,0,0,0,0,0,0,0
20250703B04,追加調達結果,最低約定価格（TSO別）[円/kW・30分],0,0,0,0,0,0,0,0,0,0
20250703B04,追加調達結果,平均約定価格（TSO別）[円/kW・30分],0,0,0,0,0,0,0,0,0,0
20250703B04,追加調達結果,約定量合計（TSO別）[MW],0,0,0,0,0,0,0,0,0,0
20250703B04,追加調達結果,（内訳）自エリアからの約定量[MW],0,0,0,0,0,0,0,0,0,0
20250703B04,合計（確報値）,募集量（TSO別）[MW],108,197,615,25,97,421,209,66,259,1997
20250703B04,合計（確報値）,応札量合計（電源属地別）[MW],136.49,33.069,6.818,1.92,50,99.009,243.709,75,44.531,690.546
20250703B04,合計（確報値）,約定量合計（電源属地別）[MW],117.49,33.069,6.818,1.92,50,99.009,243.709,75,28.628,655.643
20250703B04,合計（確報値）,応札件数（電源属地別）[件],6,3,5,1,2,5,6,3,14,45
20250703B04,合計（確報値）,約定件数（電源属地別）[件],6,3,5,1,2,5,6,3,11,42
20250703B04,合計（確報値）,最高約定価格（電源属地別）[円/kW・30分],19.51,16.47,19.5,19.51,6.34,18.56,19.51,8.26,19.51,19.51
20250703B04,合計（確報値）,最低約定価格（電源属地別）[円/kW・30分],1.87,4.19,5.57,19.51,4.29,0.51,0.37,1.72,0.36,0.36
20250703B04,合計（確報値）,平均約定価格（電源属地別）[円/kW・30分],3.89,7.56,15.72,19.51,5.73,5.27,3.13,3.17,8.54,4.43
20250703B04,合計（確報値）,最高約定価格（TSO別）[円/kW・30分],19.51,16.47,19.5,19.51,6.34,18.56,19.51,8.26,19.51,19.51
20250703B04,合計（確報値）,最低約定価格（TSO別）[円/kW・30分],1.87,4.19,5.57,19.51,4.29,0.37,0.37,1.72,0.36,0.36
20250703B04,合計（確報値）,平均約定価格（TSO別）[円/kW・30分],3.89,7.56,15.72,19.51,5.73,3.97,2.99,3.66,8.54,4.43
20250703B04,合計（確報値）,約定量合計（TSO別）[MW],117.49,33.069,6.818,1.92,50,242.969,123.749,51,28.628,655.643
20250703B04,合計（確報値）,（内訳）自エリアからの約定量[MW],117.49,33.069,6.818,1.92,50,99.009,123.749,51,28.628,511.683
20250703B05,システム約定結果,募集量（TSO別）[MW],100,191,615,17,96,382,185,77,262,1925
20250703B05,システム約定結果,応札量合計（電源属地別）[MW],75.19,33.069,3.818,1.92,50,96.499,243.709,77,23.879,605.084
20250703B05,システム約定結果,落札量合計（電源属地別）[MW],75.19,33.069,3.818,1.92,50,96.499,243.709,77,23.879,605.084
20250703B05,システム約定結果,応札件数（電源属地別）[件],5,3,2,1,2,4,6,3,6,32
20250703B05,システム約定結果,落札件数（電源属地別）[件],5,3,2,1,2,4,6,3,6,32
20250703B05,システム約定結果,最高落札価格（電源属地別）[円/kW・30分],19.51,16.47,19.5,19.51,6.32,18.56,19.51,7.39,19.5,19.51
20250703B05,システム約定結果,最低落札価格（電源属地別）[円/kW・30分],0.48,3.27,5.57,19.51,4.31,1.42,1.21,0.97,0.71,0.48
20250703B05,システム約定結果,平均落札価格（電源属地別）[円/kW・30分],8.17,6.89,12.75,19.51,5.72,5.68,3.8,2.4,6.49,5.01
20250703B05,システム約定結果,最高落札価格（TSO別）[円/kW・30分],19.51,16.47,19.5,19.51,6.32,18.56,19.51,7.39,19.5,19.51
20250703B05,システム約定結果,最低落札価格（TSO別）[円/kW・30分],0.48,3.27,5.57,19.51,1.21,0.97,1.21,0.97,0.71,0.48
20250703B05,システム約定結果,平均落札価格（TSO別）[円/kW・30分],8.17,6.89,12.75,19.51,4.89,4.26,4.01,2.89,6.49,5.01
20250703B05,システム約定結果,落札量合計（TSO別）[MW],75.19,33.069,3.818,1.92,85,240.557,86.874,54.777,23.879,605.084
20250703B05,システム約定結果,（内訳）自エリアからの落札量[MW],75.19,33.069,3.818,1.92,50,96.499,86.874,54.777,23.879,426.026
20250703B05,追加調達結果,募集量（TSO別）[MW],-,-,-,-,-,-,-,-,-,-
20250703B05,追加調達結果,応札量合計（電源属地別）[MW],0,0,0,0,0,0,0,0,0,0
20250703B05,追加調達結果,約定量合計（電源属地別）[MW],0,0,0,0,0,0,0,0,0,0
20250703B05,追加調達結果,応札件数（電源属地別）[件],0,0,0,0,0,0,0,0,0,0
20250703B05,追加調達結果,約定件数（電源属地別）[件],0,0,0,0,0,0,0,0,0,0
20250703B05,追加調達結果,最高約定価格（電源属地別）[円/kW・30分],0,0,0,0,0,0,0,0,0,0
20250703B05,追加調達結果,最低約定価格（電源属地別）[円/kW・30分],0,0,0,0,0,0,0,0,0,0
20250703B05,追加調達結果,平均約定価格（電源属地別）[円/kW・30分],0,0,0,0,0,0,0,0,0,0
20250703B05,追加調達結果,最高約定価格（TSO別）[円/kW・30分],0,0,0,0,0,0,0,0,0,0
20250703B05,追加調達結果,最低約定価格（TSO別）[円/kW・30分],0,0,0,0,0,0,0,0,0,0
20250703B05,追加調達結果,平均約定価格（TSO別）[円/kW・30分],0,0,0,0,0,0,0,0,0,0
20250703B05,追加調達結果,約定量合計（TSO別）[MW],0,0,0,0,0,0,0,0,0,0
20250703B05,追加調達結果,（内訳）自エリアからの約定量[MW],0,0,0,0,0,0,0,0,0,0
20250703B05,合計（確報値）,募集量（TSO別）[MW],100,191,615,17,96,382,185,77,262,1925
20250703B05,合計（確報値）,応札量合計（電源属地別）[MW],75.19,57.069,3.818,1.92,50,96.499,243.709,77,38.879,644.084
20250703B05,合計（確報値）,約定量合計（電源属地別）[MW],75.19,33.069,3.818,1.92,50,96.499,243.709,77,21.89,603.095
20250703B05,合計（確報値）,応札件数（電源属地別）[件],5,5,2,1,2,4,6,3,9,37
20250703B05,合計（確報値）,約定件数（電源属地別）[件],5,3,2,1,2,4,6,3,6,32
20250703B05,合計（確報値）,最高約定価格（電源属地別）[円/kW・30分],19.51,16.47,19.5,19.51,6.32,18.56,19.51,7.39,19.5,19.51
20250703B05,合計（確報値）,最低約定価格（電源属地別）[円/kW・30分],0.48,3.27,5.57,19.51,4.31,1.42,1.21,0.97,0.71,0.48
20250703B05,合計（確報値）,平均約定価格（電源属地別）[円/kW・30分],8.17,6.89,12.75,19.51,5.72,5.68,3.8,2.4,5.35,4.96
20250703B05,合計（確報値）,最高約定価格（TSO別）[円/kW・30分],19.51,16.47,19.5,19.51,6.32,18.56,19.51,7.39,19.5,19.51
20250703B05,合計（確報値）,最低約定価格（TSO別）[円/kW・30分],0.48,3.27,5.57,19.51,1.21,0.97,1.21,0.97,0.71,0.48
20250703B05,合計（確報値）,平均約定価格（TSO別）[円/kW・30分],8.17,6.89,12.75,19.51,4.89,4.26,4.01,2.89,5.35,4.96
20250703B05,合計（確報値）,約定量合計（TSO別）[MW],75.19,33.069,3.818,1.92,85,240.557,86.874,54.777,21.89,603.095
20250703B05,合計（確報値）,（内訳）自エリアからの約定量[MW],75.19,33.069,3.818,1.92,50,96.499,86.874,54.777,21.89,424.037
20250703B06,システム約定結果,募集量（TSO別）[MW],93,191,619,82,103,382,248,64,259,2041
20250703B06,システム約定結果,応札量合計（電源属地別）[MW],101.49,45.069,9.818,26.016,50,96.499,131.858,60,24.531,545.281
20250703B06,システム約定結果,落札量合計（電源属地別）[MW],101.49,45.069,9.818,26.016,50,96.499,131.858,60,24.531,545.281
20250703B06,システム約定結果,応札件数（電源属地別）[件],4,4,8,3,2,4,4,3,10,42
20250703B06,システム約定結果,落札件数（電源属地別）[件],4,4,8,3,2,4,4,3,10,42
20250703B06,システム約定結果,最高落札価格（電源属地別）[円/kW・30分],19.51,16.47,19.5,19.51,9.44,18.56,19.51,7.04,19.51,19.51
20250703B06,システム約定結果,最低落札価格（電源属地別）[円/kW・30分],1.2,1.65,5.57,5.22,1.8,7.43,5.33,4.95,1.96,1.2
20250703B06,システム約定結果,平均落札価格（電源属地別）[円/kW・30分],1.86,5.85,16.88,6.4,7.15,8.67,6.78,6.37,12.43,6.53
20250703B06,システム約定結果,最高落札価格（TSO別）[円/kW・30分],19.51,16.47,19.5,19.51,9.44,18.56,19.51,7.04,19.51,19.51
20250703B06,システム約定結果,最低落札価格（TSO別）[円/kW・30分],1.2,1.65,5.57,19.51,1.8,5.22,4.95,4.95,1.96,1.2
20250703B06,システム約定結果,平均落札価格（TSO別）[円/kW・30分],1.86,5.85,16.88,19.51,7.15,8,6.69,6.56,12.43,6.53
20250703B06,システム約定結果,落札量合計（TSO別）[MW],101.49,45.069,9.818,1.92,50,120.595,138.858,53,24.531,545.281
20250703B06,システム約定結果,（内訳）自エリアからの落札量[MW],101.49,45.069,9.818,1.92,50,96.499,131.858,53,24.531,514.185
20250703B06,追加調達結果,募集量（TSO別）[MW],-,-,-,-,-,-,-,-,-,-
20250703B06,追加調達結果,応札量合計（電源属地別）[MW],0,0,0,0,0,0,0,0,0,0
20250703B06,追加調達結果,約定量合計（電源属地別）[MW],0,0,0,0,0,0,0,0,0,0
20250703B06,追加調達結果,応札件数（電源属地別）[件],0,0,0,0,0,0,0,0,0,0
20250703B06,追加調達結果,約定件数（電源属地別）[件],0,0,0,0,0,0,0,0,0,0
20250703B06,追加調達結果,最高約定価格（電源属地別）[円/kW・30分],0,0,0,0,0,0,0,0,0,0
20250703B06,追加調達結果,最低約定価格（電源属地別）[円/kW・30分],0,0,0,0,0,0,0,0,0,0
20250703B06,追加調達結果,平均約定価格（電源属地別）[円/kW・30分],0,0,0,0,0,0,0,0,0,0
20250703B06,追加調達結果,最高約定価格（TSO別）[円/kW・30分],0,0,0,0,0,0,0,0,0,0
20250703B06,追加調達結果,最低約定価格（TSO別）[円/kW・30分],0,0,0,0,0,0,0,0,0,0
20250703B06,追加調達結果,平均約定価格（TSO別）[円/kW・30分],0,0,0,0,0,0,0,0,0,0
20250703B06,追加調達結果,約定量合計（TSO別）[MW],0,0,0,0,0,0,0,0,0,0
20250703B06,追加調達結果,（内訳）自エリアからの約定量[MW],0,0,0,0,0,0,0,0,0,0
20250703B06,合計（確報値）,募集量（TSO別）[MW],93,191,619,82,103,382,248,64,259,2041
20250703B06,合計（確報値）,応札量合計（電源属地別）[MW],101.49,45.069,9.818,26.016,50,96.499,131.858,60,24.531,545.281
20250703B06,合計（確報値）,約定量合計（電源属地別）[MW],101.49,45.069,9.818,24.096,50,96.499,131.858,60,20.628,539.458
20250703B06,合計（確報値）,応札件数（電源属地別）[件],4,4,8,3,2,4,4,3,10,42
20250703B06,合計（確報値）,約定件数（電源属地別）[件],4,4,8,2,2,4,4,3,8,39
20250703B06,合計（確報値）,最高約定価格（電源属地別）[円/kW・30分],19.51,16.47,19.5,5.49,9.44,18.56,19.51,7.04,19.51,19.51
20250703B06,合計（確報値）,最低約定価格（電源属地別）[円/kW・30分],1.2,1.65,5.57,5.22,1.8,7.43,5.33,4.95,1.96,1.2
20250703B06,合計（確報値）,平均約定価格（電源属地別）[円/kW・30分],1.86,5.85,16.88,5.36,7.15,8.67,6.78,6.37,11.14,6.39
20250703B06,合計（確報値）,最高約定価格（TSO別）[円/kW・30分],19.51,16.47,19.5,0,9.44,18.56,19.51,7.04,19.51,19.51
20250703B06,合計（確報値）,最低約定価格（TSO別）[円/kW・30分],1.2,1.65,5.57,0,1.8,5.22,4.95,4.95,1.96,1.2
20250703B06,合計（確報値）,平均約定価格（TSO別）[円/kW・30分],1.86,5.85,16.88,0,7.15,8,6.69,6.56,11.14,6.39
20250703B06,合計（確報値）,約定量合計（TSO別）[MW],101.49,45.069,9.818,0,50,120.595,138.858,53,20.628,539.458
20250703B06,合計（確報値）,（内訳）自エリアからの約定量[MW],101.49,45.069,9.818,0,50,96.499,131.858,53,20.628,508.362
20250703B07,システム約定結果,募集量（TSO別）[MW],92,161,616,50,102,371,244,52,242,1930
20250703B07,システム約定結果,応札量合計（電源属地別）[MW],108.5,45.069,11.852,38.064,50,99.009,270.918,49,179.793,852.205
20250703B07,システム約定結果,落札量合計（電源属地別）[MW],107,45.069,11.852,38.064,50,99.009,270.918,49,179.793,850.705
20250703B07,システム約定結果,応札件数（電源属地別）[件],4,4,3,4,2,5,8,2,10,42
20250703B07,システム約定結果,落札件数（電源属地別）[件],3,4,3,4,2,5,8,2,10,41
20250703B07,システム約定結果,最高落札価格（電源属地別）[円/kW・30分],19.35,16.47,19.5,19.51,6.96,18.56,19.51,7.35,19.51,19.51
20250703B07,システム約定結果,最低落札価格（電源属地別）[円/kW・30分],0.36,2.05,5.57,5.15,5.05,7.57,6.18,5.18,5.54,0.36
20250703B07,システム約定結果,平均落札価格（電源属地別）[円/kW・30分],2.14,5.47,10.61,6.26,6.39,8.75,9.06,6.69,7.62,7.26
20250703B07,システム約定結果,最高落札価格（TSO別）[円/kW・30分],19.35,16.47,19.5,19.51,6.96,18.56,19.51,7.35,19.51,19.51
20250703B07,システム約定結果,最低落札価格（TSO別）[円/kW・30分],0.36,2.05,5.57,19.51,5.05,5.15,6.18,5.18,5.54,0.36
20250703B07,システム約定結果,平均落札価格（TSO別）[円/kW・30分],2.14,5.47,10.61,19.51,6.4,8.38,8.9,6.63,7.71,7.26
20250703B07,システム約定結果,落札量合計（TSO別）[MW],107,45.069,11.852,1.92,60.313,200.009,211.749,45,167.793,850.705
20250703B07,システム約定結果,（内訳）自エリアからの落札量[MW],107,45.069,11.852,1.92,50,99.009,211.749,45,167.793,739.392
20250703B07,追加調達結果,募集量（TSO別）[MW],-,-,-,-,-,-,-,-,-,-
20250703B07,追加調達結果,応札量合計（電源属地別）[MW],0,0,0,0,0,0,0,0,0,0
20250703B07,追加調達結果,約定量合計（電源属地別）[MW],0,0,0,0,0,0,0,0,0,0
20250703B07,追加調達結果,応札件数（電源属地別）[件],0,0,0,0,0,0,0,0,0,0
20250703B07,追加調達結果,約定件数（電源属地別）[件],0,0,0,0,0,0,0,0,0,0
20250703B07,追加調達結果,最高約定価格（電源属地別）[円/kW・30分],0,0,0,0,0,0,0,0,0,0
20250703B07,追加調達結果,最低約定価格（電源属地別）[円/kW・30分],0,0,0,0,0,0,0,0,0,0
20250703B07,追加調達結果,平均約定価格（電源属地別）[円/kW・30分],0,0,0,0,0,0,0,0,0,0
20250703B07,追加調達結果,最高約定価格（TSO別）[円/kW・30分],0,0,0,0,0,0,0,0,0,0
20250703B07,追加調達結果,最低約定価格（TSO別）[円/kW・30分],0,0,0,0,0,0,0,0,0,0
20250703B07,追加調達結果,平均約定価格（TSO別）[円/kW・30分],0,0,0,0,0,0,0,0,0,0
20250703B07,追加調達結果,約定量合計（TSO別）[MW],0,0,0,0,0,0,0,0,0,0
20250703B07,追加調達結果,（内訳）自エリアからの約定量[MW],0,0,0,0,0,0,0,0,0,0
20250703B07,合計（確報値）,募集量（TSO別）[MW],92,161,616,50,102,371,244,52,242,1930
20250703B07,合計（確報値）,応札量合計（電源属地別）[MW],108.5,57.069,11.852,38.064,50,99.009,283.645,49,179.793,876.932
20250703B07,合計（確報値）,約定量合計（電源属地別）[MW],107,45.069,11.852,36.144,50,99.009,270.918,49,177.804,846.796
20250703B07,合計（確報値）,応札件数（電源属地別）[件],4,6,3,4,2,5,9,2,10,45
20250703B07,合計（確報値）,約定件数（電源属地別）[件],3,5,3,3,2,5,8,2,9,40
20250703B07,合計（確報値）,最高約定価格（電源属地別）[円/kW・30分],19.35,16.47,19.5,6.17,6.96,18.56,19.51,7.35,19.51,19.51
20250703B07,合計（確報値）,最低約定価格（電源属地別）[円/kW・30分],0.36,2.05,5.57,5.15,5.05,7.57,6.18,5.18,5.54,0.36
20250703B07,合計（確報値）,平均約定価格（電源属地別）[円/kW・30分],2.14,5.47,10.61,5.56,6.39,8.75,9.06,6.69,7.5,7.21
20250703B07,合計（確報値）,最高約定価格（TSO別）[円/kW・30分],19.35,16.47,19.5,0,6.96,18.56,19.51,7.35,19.51,19.51
20250703B07,合計（確報値）,最低約定価格（TSO別）[円/kW・30分],0.36,2.05,5.57,0,5.05,5.15,6.18,5.18,5.54,0.36
20250703B07,合計（確報値）,平均約定価格（TSO別）[円/kW・30分],2.14,5.47,10.61,0,6.4,8.38,8.9,6.63,7.58,7.21
20250703B07,合計（確報値）,約定量合計（TSO別）[MW],107,45.069,11.852,0,60.313,200.009,211.749,45,165.804,846.796
20250703B07,合計（確報値）,（内訳）自エリアからの約定量[MW],107,45.069,11.852,0,50,99.009,211.749,45,165.804,735.483
20250703B08,システム約定結果,募集量（TSO別）[MW],99,105,588,0,92,345,194,56,235,1714
20250703B08,システム約定結果,応札量合計（電源属地別）[MW],158.79,12,28.363,62.161,50,97.159,285.03,60,84.308,837.811
20250703B08,システム約定結果,落札量合計（電源属地別）[MW],158.1,12,28.363,62.161,50,97.159,285.03,60,84.308,837.121
20250703B08,システム約定結果,応札件数（電源属地別）[件],5,1,3,6,2,4,9,3,8,41
20250703B08,システム約定結果,落札件数（電源属地別）[件],5,1,3,6,2,4,9,3,8,41
20250703B08,システム約定結果,最高落札価格（電源属地別）[円/kW・30分],19.5,2.47,8.07,19.51,11.91,9.53,19.51,6.98,19.51,19.51
20250703B08,システム約定結果,最低落札価格（電源属地別）[円/kW・30分],0.37,2.47,5.05,3.76,2.93,2.68,2.19,1.2,1.41,0.37
20250703B08,システム約定結果,平均落札価格（電源属地別）[円/kW・30分],6.95,2.47,7.05,4.59,5.62,6.08,4.97,2.98,4.75,5.35
20250703B08,システム約定結果,最高落札価格（TSO別）[円/kW・30分],19.5,0,8.07,0,11.91,19.51,5.68,6.98,19.51,19.51
20250703B08,システム約定結果,最低落札価格（TSO別）[円/kW・30分],0.37,0,2.47,0,2.93,2.68,2.19,1.2,1.41,0.37
20250703B08,システム約定結果,平均落札価格（TSO別）[円/kW・30分],6.95,0,5.69,0,5.62,5.69,4.52,2.69,5.21,5.35
20250703B08,システム約定結果,落札量合計（TSO別）[MW],158.1,0,40.363,0,50,165.12,194,56,173.538,837.121
20250703B08,システム約定結果,（内訳）自エリアからの落札量[MW],158.1,0,28.363,0,50,97.159,194,56,84.308,667.93
20250703B08,追加調達結果,募集量（TSO別）[MW],-,-,-,-,-,-,-,-,-,-
20250703B08,追加調達結果,応札量合計（電源属地別）[MW],0,0,0,0,0,0,0,0,0,0
20250703B08,追加調達結果,約定量合計（電源属地別）[MW],0,0,0,0,0,0,0,0,0,0
20250703B08,追加調達結果,応札件数（電源属地別）[件],0,0,0,0,0,0,0,0,0,0
20250703B08,追加調達結果,約定件数（電源属地別）[件],0,0,0,0,0,0,0,0,0,0
20250703B08,追加調達結果,最高約定価格（電源属地別）[円/kW・30分],0,0,0,0,0,0,0,0,0,0
20250703B08,追加調達結果,最低約定価格（電源属地別）[円/kW・30分],0,0,0,0,0,0,0,0,0,0
20250703B08,追加調達結果,平均約定価格（電源属地別）[円/kW・30分],0,0,0,0,0,0,0,0,0,0
20250703B08,追加調達結果,最高約定価格（TSO別）[円/kW・30分],0,0,0,0,0,0,0,0,0,0
20250703B08,追加調達結果,最低約定価格（TSO別）[円/kW・30分],0,0,0,0,0,0,0,0,0,0
20250703B08,追加調達結果,平均約定価格（TSO別）[円/kW・30分],0,0,0,0,0,0,0,0,0,0
20250703B08,追加調達結果,約定量合計（TSO別）[MW],0,0,0,0,0,0,0,0,0,0
20250703B08,追加調達結果,（内訳）自エリアからの約定量[MW],0,0,0,0,0,0,0,0,0,0
20250703B08,合計（確報値）,募集量（TSO別）[MW],99,105,588,0,92,345,194,56,235,1714
20250703B08,合計（確報値）,応札量合計（電源属地別）[MW],173.79,24,28.363,62.161,50,97.159,297.757,60,84.308,877.538
20250703B08,合計（確報値）,約定量合計（電源属地別）[MW],158.1,12,28.363,62.161,50,97.159,285.03,60,82.319,835.132
20250703B08,合計（確報値）,応札件数（電源属地別）[件],7,2,3,6,2,4,11,3,8,46
20250703B08,合計（確報値）,約定件数（電源属地別）[件],7,1,3,6,2,4,10,3,7,43
20250703B08,合計（確報値）,最高約定価格（電源属地別）[円/kW・30分],19.5,1.63,8.07,19.51,11.91,9.53,19.51,6.98,19.51,19.51
20250703B08,合計（確報値）,最低約定価格（電源属地別）[円/kW・30分],0.37,1.63,5.05,3.76,2.93,2.68,1.94,1.2,1.41,0.37
20250703B08,合計（確報値）,平均約定価格（電源属地別）[円/kW・30分],6.95,1.63,7.05,4.59,5.62,6.08,4.96,2.98,4.4,5.31
20250703B08,合計（確報値）,最高約定価格（TSO別）[円/kW・30分],19.5,0,8.07,0,11.91,19.51,5.68,6.98,19.51,19.51
20250703B08,合計（確報値）,最低約定価格（TSO別）[円/kW・30分],0.37,0,1.63,0,2.93,2.68,1.94,1.2,1.41,0.37
20250703B08,合計（確報値）,平均約定価格（TSO別）[円/kW・30分],6.95,0,5.44,0,5.62,5.69,4.51,2.69,5.05,5.31
20250703B08,合計（確報値）,約定量合計（TSO別）[MW],158.1,0,40.363,0,50,165.12,194,56,171.549,835.132
20250703B08,合計（確報値）,（内訳）自エリアからの約定量[MW],158.1,0,28.363,0,50,97.159,194,56,82.319,665.941
20250704B01,システム約定結果,募集量（TSO別）[MW],97,63,510,0,54,341,221,46,180,1512
20250704B01,システム約定結果,応札量合計（電源属地別）[MW],155.79,21.069,93.354,48.193,15,50.402,241.909,60,82.419,768.136
20250704B01,システム約定結果,落札量合計（電源属地別）[MW],155.1,21.069,93.354,48.193,15,50.402,241.909,60,82.419,767.446
20250704B01,システム約定結果,応札件数（電源属地別）[件],5,2,7,4,1,3,5,3,7,37
20250704B01,システム約定結果,落札件数（電源属地別）[件],5,2,7,4,1,3,5,3,7,37
20250704B01,システム約定結果,最高落札価格（電源属地別）[円/kW・30分],19.5,16.47,19.51,7.07,14.5,6.72,2.81,8.24,19.51,19.51
20250704B01,システム約定結果,最低落札価格（電源属地別）[円/kW・30分],1.62,3.07,0.45,4.09,14.5,0.36,0.36,1.31,0.36,0.36
20250704B01,システム約定結果,平均落札価格（電源属地別）[円/kW・30分],6.96,8.84,0.9,4.93,14.5,0.68,2.51,3.18,2.05,3.66
20250704B01,システム約定結果,最高落札価格（TSO別）[円/kW・30分],19.5,16.47,19.51,0,14.5,8.24,2.81,8.24,19.51,19.51
20250704B01,システム約定結果,最低落札価格（TSO別）[円/kW・30分],1.62,3.07,0.45,0,14.5,0.36,0.36,1.31,0.36,0.36
20250704B01,システム約定結果,平均落札価格（TSO別）[円/kW・30分],6.96,13.71,1.11,0,14.5,3.34,2.48,1.65,2.05,3.66
20250704B01,システム約定結果,落札量合計（TSO別）[MW],155.1,11.419,103.004,0,15,133.504,221,46,82.419,767.446
20250704B01,システム約定結果,（内訳）自エリアからの落札量[MW],155.1,11.419,93.354,0,15,50.402,221,46,82.419,674.694
20250704B01,追加調達結果,募集量（TSO別）[MW],-,-,-,-,-,-,-,-,-,-
20250704B01,追加調達結果,応札量合計（電源属地別）[MW],0,0,0,0,0,0,0,0,0,0
20250704B01,追加調達結果,約定量合計（電源属地別）[MW],0,0,0,0,0,0,0,0,0,0
20250704B01,追加調達結果,応札件数（電源属地別）[件],0,0,0,0,0,0,0,0,0,0
20250704B01,追加調達結果,約定件数（電源属地別）[件],0,0,0,0,0,0,0,0,0,0
20250704B01,追加調達結果,最高約定価格（電源属地別）[円/kW・30分],0,0,0,0,0,0,0,0,0,0
20250704B01,追加調達結果,最低約定価格（電源属地別）[円/kW・30分],0,0,0,0,0,0,0,0,0,0
20250704B01,追加調達結果,平均約定価格（電源属地別）[円/kW・30分],0,0,0,0,0,0,0,0,0,0
20250704B01,追加調達結果,最高約定価格（TSO別）[円/kW・30分],0,0,0,0,0,0,0,0,0,0
20250704B01,追加調達結果,最低約定価格（TSO別）[円/kW・30分],0,0,0,0,0,0,0,0,0,0
20250704B01,追加調達結果,平均約定価格（TSO別）[円/kW・30分],0,0,0,0,0,0,0,0,0,0
20250704B01,追加調達結果,約定量合計（TSO別）[MW],0,0,0,0,0,0,0,0,0,0
20250704B01,追加調達結果,（内訳）自エリアからの約定量[MW],0,0,0,0,0,0,0,0,0,0
20250704B01,合計（確報値）,募集量（TSO別）[MW],97,63,510,0,54,341,221,46,180,1512
20250704B01,合計（確報値）,応札量合計（電源属地別）[MW],165.79,21.069,93.354,60.241,15,50.402,241.909,60,82.419,790.184
20250704B01,合計（確報値）,約定量合計（電源属地別）[MW],155.1,21.069,93.354,48.193,15,50.402,241.909,60,80.43,765.457
20250704B01,合計（確報値）,応札件数（電源属地別）[件],6,2,7,5,1,3,5,3,7,39
20250704B01,合計（確報値）,約定件数（電源属地別）[件],6,2,7,4,1,3,5,3,6,37
20250704B01,合計（確報値）,最高約定価格（電源属地別）[円/kW・30分],19.5,16.47,19.51,4.44,14.5,6.72,2.81,8.24,19.51,19.51
20250704B01,合計（確報値）,最低約定価格（電源属地別）[円/kW・30分],1.62,3.07,0.45,0.36,14.5,0.36,0.36,1.31,0.36,0.36
20250704B01,合計（確報値）,平均約定価格（電源属地別）[円/kW・30分],6.96,8.84,0.9,3.26,14.5,0.68,2.51,3.18,1.63,3.51
20250704B01,合計（確報値）,最高約定価格（TSO別）[円/kW・30分],19.5,16.47,19.51,0,14.5,8.24,2.81,8.24,19.51,19.51
20250704B01,合計（確報値）,最低約定価格（TSO別）[円/kW・30分],1.62,3.07,0.45,0,14.5,0.36,0.36,1.31,0.36,0.36
20250704B01,合計（確報値）,平均約定価格（TSO別）[円/kW・30分],6.96,13.71,1.11,0,14.5,2.73,2.48,1.65,1.63,3.51
20250704B01,合計（確報値）,約定量合計（TSO別）[MW],155.1,11.419,103.004,0,15,133.504,221,46,80.43,765.457
20250704B01,合計（確報値）,（内訳）自エリアからの約定量[MW],155.1,11.419,93.354,0,15,50.402,221,46,80.43,672.705
20250704B02,システム約定結果,募集量（TSO別）[MW],103,83,458,0,68,340,219,47,206,1524
20250704B02,システム約定結果,応札量合計（電源属地別）[MW],161.79,21.069,125.739,50.113,15,97.159,243.709,60,143.308,917.887
20250704B02,システム約定結果,落札量合計（電源属地別）[MW],159.8,21.069,125.739,50.113,15,97.159,243.709,60,143.308,915.897
20250704B02,システム約定結果,応札件数（電源属地別）[件],5,2,10,5,1,4,6,3,9,45
20250704B02,システム約定結果,落札件数（電源属地別）[件],4,2,10,5,1,4,6,3,9,44
20250704B02,システム約定結果,最高落札価格（電源属地別）[円/kW・30分],19.51,16.47,19.51,19.51,11.52,9.53,19.51,8.24,19.51,19.51
20250704B02,システム約定結果,最低落札価格（電源属地別）[円/kW・30分],1.53,3.22,0.83,3.64,11.52,0.36,0.36,1.31,0.36,0.36
20250704B02,システム約定結果,平均落札価格（電源属地別）[円/kW・30分],6.66,8.92,1.29,4.72,11.52,4.94,2.98,3.18,1.65,3.77
20250704B02,システム約定結果,最高落札価格（TSO別）[円/kW・30分],19.51,16.47,19.51,0,11.52,19.51,3.24,8.24,19.51,19.51
20250704B02,システム約定結果,最低落札価格（TSO別）[円/kW・30分],1.53,3.22,0.83,0,11.52,0.36,0.36,1.31,0.36,0.36
20250704B02,システム約定結果,平均落札価格（TSO別）[円/kW・30分],6.66,8.92,1.29,0,11.52,4.6,2.82,3.63,2.06,3.77
20250704B02,システム約定結果,落札量合計（TSO別）[MW],159.8,21.069,125.739,0,15,160.272,219,47,168.017,915.897
20250704B02,システム約定結果,（内訳）自エリアからの落札量[MW],159.8,21.069,125.739,0,15,97.159,219,47,143.308,828.075
20250704B02,追加調達結果,募集量（TSO別）[MW],-,-,-,-,-,-,-,-,-,-
20250704B02,追加調達結果,応札量合計（電源属地別）[MW],0,0,0,0,0,0,0,0,0,0
20250704B02,追加調達結果,約定量合計（電源属地別）[MW],0,0,0,0,0,0,0,0,0,0
20250704B02,追加調達結果,応札件数（電源属地別）[件],0,0,0,0,0,0,0,0,0,0
20250704B02,追加調達結果,約定件数（電源属地別）[件],0,0,0,0,0,0,0,0,0,0
20250704B02,追加調達結果,最高約定価格（電源属地別）[円/kW・30分],0,0,0,0,0,0,0,0,0,0
20250704B02,追加調達結果,最低約定価格（電源属地別）[円/kW・30分],0,0,0,0,0,0,0,0,0,0
20250704B02,追加調達結果,平均約定価格（電源属地別）[円/kW・30分],0,0,0,0,0,0,0,0,0,0
20250704B02,追加調達結果,最高約定価格（TSO別）[円/kW・30分],0,0,0,0,0,0,0,0,0,0
20250704B02,追加調達結果,最低約定価格（TSO別）[円/kW・30分],0,0,0,0,0,0,0,0,0,0
20250704B02,追加調達結果,平均約定価格（TSO別）[円/kW・30分],0,0,0,0,0,0,0,0,0,0
20250704B02,追加調達結果,約定量合計（TSO別）[MW],0,0,0,0,0,0,0,0,0,0
20250704B02,追加調達結果,（内訳）自エリアからの約定量[MW],0,0,0,0,0,0,0,0,0,0
20250704B02,合計（確報値）,募集量（TSO別）[MW],103,83,458,0,68,340,219,47,206,1524
20250704B02,合計（確報値）,応札量合計（電源属地別）[MW],179.79,21.069,125.739,59.628,15,97.159,257.476,60,143.308,959.169
20250704B02,合計（確報値）,約定量合計（電源属地別）[MW],159.8,21.069,125.739,47.58,15,97.159,159.152,60,141.319,826.818
20250704B02,合計（確報値）,応札件数（電源属地別）[件],7,2,10,6,1,4,7,3,9,49
20250704B02,合計（確報値）,約定件数（電源属地別）[件],6,2,10,5,1,4,6,3,8,45
20250704B02,合計（確報値）,最高約定価格（電源属地別）[円/kW・30分],19.51,16.47,19.51,19.51,11.52,9.53,19.51,8.24,19.51,19.51
20250704B02,合計（確報値）,最低約定価格（電源属地別）[円/kW・30分],1.53,3.22,0.83,0.36,11.52,0.36,0.36,1.31,0.36,0.36
20250704B02,合計（確報値）,平均約定価格（電源属地別）[円/kW・30分],6.66,8.92,1.29,4.12,11.52,4.94,2.84,3.18,1.4,3.76
20250704B02,合計（確報値）,最高約定価格（TSO別）[円/kW・30分],19.51,16.47,19.51,0,11.52,19.51,3.24,8.24,19.51,19.51
20250704B02,合計（確報値）,最低約定価格（TSO別）[円/kW・30分],1.53,3.22,0.83,0,11.52,0.36,0.36,1.31,0.36,0.36
20250704B02,合計（確報値）,平均約定価格（TSO別）[円/kW・30分],6.66,8.92,1.29,0,11.52,4.41,2.65,3.63,1.63,3.76
20250704B02,合計（確報値）,約定量合計（TSO別）[MW],159.8,21.069,125.739,0,15,157.739,157.352,47,143.119,826.818
20250704B02,合計（確報値）,（内訳）自エリアからの約定量[MW],159.8,21.069,125.739,0,15,97.159,157.352,47,141.319,764.438
20250704B03,システム約定結果,募集量（TSO別）[MW],117,151,558,0,70,388,197,44,240,1765
20250704B03,システム約定結果,応札量合計（電源属地別）[MW],172.8,21.069,3.81,13.968,15,97.159,243.709,60,17.308,644.823
20250704B03,システム約定結果,落札量合計（電源属地別）[MW],123,21.069,3.81,13.968,15,97.159,243.709,60,17.308,595.023
20250704B03,システム約定結果,応札件数（電源属地別）[件],4,2,2,2,1,4,6,3,6,30
20250704B03,システム約定結果,落札件数（電源属地別）[件],2,2,2,2,1,4,6,3,6,28
20250704B03,システム約定結果,最高落札価格（電源属地別）[円/kW・30分],10.94,16.47,19.51,19.51,9.21,9.53,19.51,8.56,19.51,19.51
20250704B03,システム約定結果,最低落札価格（電源属地別）[円/kW・30分],1.6,4.01,5.57,3.14,9.21,0.36,0.36,0.87,0.36,0.36
20250704B03,システム約定結果,平均落札価格（電源属地別）[円/kW・30分],3.04,9.37,12.74,5.39,9.21,4.96,2.77,3.26,8.4,3.92
20250704B03,システム約定結果,最高落札価格（TSO別）[円/kW・30分],10.94,16.47,19.51,0,9.21,19.51,2.98,8.56,19.51,19.51
20250704B03,システム約定結果,最低落札価格（TSO別）[円/kW・30分],1.6,4.01,4.01,0,0.36,0.36,0.36,1.69,0.36,0.36
20250704B03,システム約定結果,平均落札価格（TSO別）[円/kW・30分],3.04,11.04,7.79,0,4.71,5.5,2.6,3.25,4.85,3.92
20250704B03,システム約定結果,落札量合計（TSO別）[MW],123,16.069,8.81,0,55,100.879,197,44,50.265,595.023
20250704B03,システム約定結果,（内訳）自エリアからの落札量[MW],123,16.069,3.81,0,15,97.159,197,44,17.308,513.346
20250704B03,追加調達結果,募集量（TSO別）[MW],-,-,-,-,-,-,-,-,-,-
20250704B03,追加調達結果,応札量合計（電源属地別）[MW],0,0,0,0,0,0,0,0,0,0
20250704B03,追加調達結果,約定量合計（電源属地別）[MW],0,0,0,0,0,0,0,0,0,0
20250704B03,追加調達結果,応札件数（電源属地別）[件],0,0,0,0,0,0,0,0,0,0
20250704B03,追加調達結果,約定件数（電源属地別）[件],0,0,0,0,0,0,0,0,0,0
20250704B03,追加調達結果,最高約定価格（電源属地別）[円/kW・30分],0,0,0,0,0,0,0,0,0,0
20250704B03,追加調達結果,最低約定価格（電源属地別）[円/kW・30分],0,0,0,0,0,0,0,0,0,0
20250704B03,追加調達結果,平均約定価格（電源属地別）[円/kW・30分],0,0,0,0,0,0,0,0,0,0
20250704B03,追加調達結果,最高約定価格（TSO別）[円/kW・30分],0,0,0,0,0,0,0,0,0,0
20250704B03,追加調達結果,最低約定価格（TSO別）[円/kW・30分],0,0,0,0,0,0,0,0,0,0
20250704B03,追加調達結果,平均約定価格（TSO別）[円/kW・30分],0,0,0,0,0,0,0,0,0,0
20250704B03,追加調達結果,約定量合計（TSO別）[MW],0,0,0,0,0,0,0,0,0,0
20250704B03,追加調達結果,（内訳）自エリアからの約定量[MW],0,0,0,0,0,0,0,0,0,0
20250704B03,合計（確報値）,募集量（TSO別）[MW],117,151,558,0,70,388,197,44,240,1765
20250704B03,合計（確報値）,応札量合計（電源属地別）[MW],206.8,21.069,3.81,13.968,15,97.159,257.476,60,17.308,692.59
20250704B03,合計（確報値）,約定量合計（電源属地別）[MW],123,21.069,3.81,13.968,15,97.159,159.152,60,15.319,508.477
20250704B03,合計（確報値）,応札件数（電源属地別）[件],6,2,2,2,1,4,9,3,6,35
20250704B03,合計（確報値）,約定件数（電源属地別）[件],4,2,2,2,1,4,8,3,5,31
20250704B03,合計（確報値）,最高約定価格（電源属地別）[円/kW・30分],10.94,16.47,19.51,19.51,9.21,9.53,19.51,8.56,19.51,19.51
20250704B03,合計（確報値）,最低約定価格（電源属地別）[円/kW・30分],1.6,4.01,5.57,3.14,9.21,0.36,0.36,0.87,0.36,0.36
20250704B03,合計（確報値）,平均約定価格（電源属地別）[円/kW・30分],3.04,9.37,12.74,5.39,9.21,4.96,2.66,3.26,7.02,4.02
20250704B03,合計（確報値）,最高約定価格（TSO別）[円/kW・30分],10.94,16.47,19.51,0,9.21,19.51,2.98,8.56,19.51,19.51
20250704B03,合計（確報値）,最低約定価格（TSO別）[円/kW・30分],1.6,4.01,4.01,0,0.36,0.36,0.36,1.69,0.36,0.36
20250704B03,合計（確報値）,平均約定価格（TSO別）[円/kW・30分],3.04,11.04,7.79,0,4.71,5.5,2.46,3.25,7.02,4.02
20250704B03,合計（確報値）,約定量合計（TSO別）[MW],123,16.069,8.81,0,55,100.879,145.4,44,15.319,508.477
20250704B03,合計（確報値）,（内訳）自エリアからの約定量[MW],123,16.069,3.81,0,15,97.159,145.4,44,15.319,459.757
20250704B04,システム約定結果,募集量（TSO別）[MW],108,197,615,25,97,421,209,66,259,1997
20250704B04,システム約定結果,応札量合計（電源属地別）[MW],165.79,33.069,6.818,1.92,40,99.009,243.709,114,32.531,736.846
20250704B04,システム約定結果,落札量合計（電源属地別）[MW],165.1,33.069,6.818,1.92,40,99.009,243.709,99,32.531,721.156
20250704B04,システム約定結果,応札件数（電源属地別）[件],5,3,5,1,2,5,6,5,11,43
20250704B04,システム約定結果,落札件数（電源属地別）[件],5,3,5,1,2,5,6,4,11,42
20250704B04,システム約定結果,最高落札価格（電源属地別）[円/kW・30分],19.51,16.47,19.5,19.51,6.29,18.56,19.51,1.81,19.51,19.51
20250704B04,システム約定結果,最低落札価格（電源属地別）[円/kW・30分],1.87,4.58,5.57,19.51,4.29,0.51,0.8,1.04,0.36,0.36
20250704B04,システム約定結果,平均落札価格（電源属地別）[円/kW・30分],7.99,7.84,15.72,19.51,5.54,5.25,3.77,1.45,10.01,5.34
20250704B04,システム約定結果,最高落札価格（TSO別）[円/kW・30分],19.51,16.47,19.5,19.51,6.29,18.56,19.51,1.81,19.51,19.51
20250704B04,システム約定結果,最低落札価格（TSO別）[円/kW・30分],1.87,4.58,5.57,19.51,4.29,0.51,0.8,1.04,0.36,0.36
20250704B04,システム約定結果,平均落札価格（TSO別）[円/kW・30分],7.99,7.84,15.72,19.51,5.54,4.23,3.6,1.45,10.01,5.34
20250704B04,システム約定結果,落札量合計（TSO別）[MW],165.1,33.069,6.818,1.92,40,243.711,123.749,74.258,32.531,721.156
20250704B04,システム約定結果,（内訳）自エリアからの落札量[MW],165.1,33.069,6.818,1.92,40,99.009,123.749,74.258,32.531,576.454
20250704B04,追加調達結果,募集量（TSO別）[MW],-,-,-,-,-,-,-,-,-,-
20250704B04,追加調達結果,応札量合計（電源属地別）[MW],0,0,0,0,0,0,0,0,0,0
20250704B04,追加調達結果,約定量合計（電源属地別）[MW],0,0,0,0,0,0,0,0,0,0
20250704B04,追加調達結果,応札件数（電源属地別）[件],0,0,0,0,0,0,0,0,0,0
20250704B04,追加調達結果,約定件数（電源属地別）[件],0,0,0,0,0,0,0,0,0,0
20250704B04,追加調達結果,最高約定価格（電源属地別）[円/kW・30分],0,0,0,0,0,0,0,0,0,0
20250704B04,追加調達結果,最低約定価格（電源属地別）[円/kW・30分],0,0,0,0,0,0,0,0,0,0
20250704B04,追加調達結果,平均約定価格（電源属地別）[円/kW・30分],0,0,0,0,0,0,0,0,0,0
20250704B04,追加調達結果,最高約定価格（TSO別）[円/kW・30分],0,0,0,0,0,0,0,0,0,0
20250704B04,追加調達結果,最低約定価格（TSO別）[円/kW・30分],0,0,0,0,0,0,0,0,0,0
20250704B04,追加調達結果,平均約定価格（TSO別）[円/kW・30分],0,0,0,0,0,0,0,0,0,0
20250704B04,追加調達結果,約定量合計（TSO別）[MW],0,0,0,0,0,0,0,0,0,0
20250704B04,追加調達結果,（内訳）自エリアからの約定量[MW],0,0,0,0,0,0,0,0,0,0
20250704B04,合計（確報値）,募集量（TSO別）[MW],108,197,615,25,97,421,209,66,259,1997
20250704B04,合計（確報値）,応札量合計（電源属地別）[MW],183.79,45.069,6.818,1.92,40,99.009,243.709,114,47.531,781.846
20250704B04,合計（確報値）,約定量合計（電源属地別）[MW],165.1,33.069,6.818,1.92,40,99.009,243.709,99,26.739,715.364
20250704B04,合計（確報値）,応札件数（電源属地別）[件],7,4,5,1,2,5,6,5,14,49
20250704B04,合計（確報値）,約定件数（電源属地別）[件],7,3,5,1,2,5,6,4,9,42
20250704B04,合計（確報値）,最高約定価格（電源属地別）[円/kW・30分],19.51,16.47,19.5,19.51,6.29,18.56,19.51,1.81,19.51,19.51
20250704B04,合計（確報値）,最低約定価格（電源属地別）[円/kW・30分],1.87,4.58,5.57,19.51,4.29,0.51,0.8,1.04,0.36,0.36
20250704B04,合計（確報値）,平均約定価格（電源属地別）[円/kW・30分],7.99,7.84,15.72,19.51,5.54,5.25,3.77,1.45,7.74,5.22
20250704B04,合計（確報値）,最高約定価格（TSO別）[円/kW・30分],19.51,16.47,19.5,19.51,6.29,18.56,19.51,1.81,19.51,19.51
20250704B04,合計（確報値）,最低約定価格（TSO別）[円/kW・30分],1.87,4.58,5.57,19.51,4.29,0.51,0.8,1.04,0.36,0.36
20250704B04,合計（確報値）,平均約定価格（TSO別）[円/kW・30分],7.99,7.84,15.72,19.51,5.54,4.23,3.6,1.45,7.74,5.22
20250704B04,合計（確報値）,約定量合計（TSO別）[MW],165.1,33.069,6.818,1.92,40,243.711,123.749,74.258,26.739,715.364
20250704B04,合計（確報値）,（内訳）自エリアからの約定量[MW],165.1,33.069,6.818,1.92,40,99.009,123.749,74.258,26.739,570.662
20250704B05,システム約定結果,募集量（TSO別）[MW],100,191,615,17,96,382,185,77,262,1925
20250704B05,システム約定結果,応札量合計（電源属地別）[MW],104.79,33.069,3.818,1.92,40,96.499,243.709,60,23.879,607.684
20250704B05,システム約定結果,落札量合計（電源属地別）[MW],104.79,33.069,3.818,1.92,40,96.499,243.709,60,23.879,607.684
20250704B05,システム約定結果,応札件数（電源属地別）[件],5,3,2,1,2,4,6,3,6,32
20250704B05,システム約定結果,落札件数（電源属地別）[件],5,3,2,1,2,4,6,3,6,32
20250704B05,システム約定結果,最高落札価格（電源属地別）[円/kW・30分],19.51,16.47,19.5,19.51,6.27,18.56,19.51,7.16,19.5,19.51
20250704B05,システム約定結果,最低落札価格（電源属地別）[円/kW・30分],0.46,3.6,5.57,19.51,4.31,1.42,1.46,1.13,0.71,0.46
20250704B05,システム約定結果,平均落札価格（電源属地別）[円/kW・30分],11.99,7.13,12.75,19.51,5.54,5.68,4.39,2.94,6.49,6.17
20250704B05,システム約定結果,最高落札価格（TSO別）[円/kW・30分],19.51,16.47,19.5,19.51,6.27,18.56,19.51,7.16,19.5,19.51
20250704B05,システム約定結果,最低落札価格（TSO別）[円/kW・30分],0.46,3.6,5.57,19.51,1.13,1.42,1.46,1.13,0.71,0.46
20250704B05,システム約定結果,平均落札価格（TSO別）[円/kW・30分],11.99,7.13,12.75,19.51,4.83,4.91,4.27,3.18,6.49,6.17
20250704B05,システム約定結果,落札量合計（TSO別）[MW],104.79,33.069,3.818,1.92,72.902,240.557,73.749,53,23.879,607.684
20250704B05,システム約定結果,（内訳）自エリアからの落札量[MW],104.79,33.069,3.818,1.92,40,96.499,73.749,53,23.879,430.724
20250704B05,追加調達結果,募集量（TSO別）[MW],-,-,-,-,-,-,-,-,-,-
20250704B05,追加調達結果,応札量合計（電源属地別）[MW],0,0,0,0,0,0,0,0,0,0
20250704B05,追加調達結果,約定量合計（電源属地別）[MW],0,0,0,0,0,0,0,0,0,0
20250704B05,追加調達結果,応札件数（電源属地別）[件],0,0,0,0,0,0,0,0,0,0
20250704B05,追加調達結果,約定件数（電源属地別）[件],0,0,0,0,0,0,0,0,0,0
20250704B05,追加調達結果,最高約定価格（電源属地別）[円/kW・30分],0,0,0,0,0,0,0,0,0,0
20250704B05,追加調達結果,最低約定価格（電源属地別）[円/kW・30分],0,0,0,0,0,0,0,0,0,0
20250704B05,追加調達結果,平均約定価格（電源属地別）[円/kW・30分],0,0,0,0,0,0,0,0,0,0
20250704B05,追加調達結果,最高約定価格（TSO別）[円/kW・30分],0,0,0,0,0,0,0,0,0,0
20250704B05,追加調達結果,最低約定価格（TSO別）[円/kW・30分],0,0,0,0,0,0,0,0,0,0
20250704B05,追加調達結果,平均約定価格（TSO別）[円/kW・30分],0,0,0,0,0,0,0,0,0,0
20250704B05,追加調達結果,約定量合計（TSO別）[MW],0,0,0,0,0,0,0,0,0,0
20250704B05,追加調達結果,（内訳）自エリアからの約定量[MW],0,0,0,0,0,0,0,0,0,0
20250704B05,合計（確報値）,募集量（TSO別）[MW],100,191,615,17,96,382,185,77,262,1925
20250704B05,合計（確報値）,応札量合計（電源属地別）[MW],104.79,57.069,3.818,1.92,40,96.499,243.709,60,38.879,646.684
20250704B05,合計（確報値）,約定量合計（電源属地別）[MW],104.79,33.069,3.818,1.92,40,96.499,243.709,60,21.89,605.695
20250704B05,合計（確報値）,応札件数（電源属地別）[件],5,5,2,1,2,4,6,3,9,37
20250704B05,合計（確報値）,約定件数（電源属地別）[件],5,3,2,1,2,4,6,3,6,32
20250704B05,合計（確報値）,最高約定価格（電源属地別）[円/kW・30分],19.51,16.47,19.5,19.51,6.27,18.56,19.51,7.16,19.5,19.51
20250704B05,合計（確報値）,最低約定価格（電源属地別）[円/kW・30分],0.46,3.6,5.57,19.51,4.31,1.42,1.46,1.13,0.71,0.46
20250704B05,合計（確報値）,平均約定価格（電源属地別）[円/kW・30分],11.99,7.13,12.75,19.51,5.54,5.68,4.39,2.94,5.35,6.13
20250704B05,合計（確報値）,最高約定価格（TSO別）[円/kW・30分],19.51,16.47,19.5,19.51,6.27,18.56,19.51,7.16,19.5,19.51
20250704B05,合計（確報値）,最低約定価格（TSO別）[円/kW・30分],0.46,3.6,5.57,19.51,1.13,1.42,1.46,1.13,0.71,0.46
20250704B05,合計（確報値）,平均約定価格（TSO別）[円/kW・30分],11.99,7.13,12.75,19.51,4.83,4.91,4.27,3.18,5.35,6.13
20250704B05,合計（確報値）,約定量合計（TSO別）[MW],104.79,33.069,3.818,1.92,72.902,240.557,73.749,53,21.89,605.695
20250704B05,合計（確報値）,（内訳）自エリアからの約定量[MW],104.79,33.069,3.818,1.92,40,96.499,73.749,53,21.89,428.735
20250704B06,システム約定結果,募集量（TSO別）[MW],93,191,619,82,103,382,248,64,259,2041
20250704B06,システム約定結果,応札量合計（電源属地別）[MW],149.79,45.069,9.818,25.968,40,96.499,243.709,60,24.531,695.384
20250704B06,システム約定結果,落札量合計（電源属地別）[MW],147.8,45.069,9.818,25.968,40,96.499,243.709,60,24.531,693.394
20250704B06,システム約定結果,応札件数（電源属地別）[件],5,4,8,3,2,4,6,3,10,45
20250704B06,システム約定結果,落札件数（電源属地別）[件],4,4,8,3,2,4,6,3,10,44
20250704B06,システム約定結果,最高落札価格（電源属地別）[円/kW・30分],19.51,16.47,19.5,19.51,9.4,18.56,19.51,8.02,19.51,19.51
20250704B06,システム約定結果,最低落札価格（電源属地別）[円/kW・30分],1.2,1.55,5.57,4.41,1.8,7.43,3.92,5.04,1.96,1.2
20250704B06,システム約定結果,平均落札価格（電源属地別）[円/kW・30分],7.34,5.65,16.88,5.57,6.55,8.67,6.89,6.85,12.43,7.42
20250704B06,システム約定結果,最高落札価格（TSO別）[円/kW・30分],19.51,16.47,19.5,19.51,9.4,18.56,19.51,8.02,19.51,19.51
20250704B06,システム約定結果,最低落札価格（TSO別）[円/kW・30分],1.2,1.55,5.57,19.51,1.8,4.41,3.92,5.04,1.96,1.2
20250704B06,システム約定結果,平均落札価格（TSO別）[円/kW・30分],7.34,5.65,16.88,19.51,6.55,7.71,6.89,7,12.43,7.42
20250704B06,システム約定結果,落札量合計（TSO別）[MW],147.8,45.069,9.818,1.92,40,127.878,243.378,53,24.531,693.394
20250704B06,システム約定結果,（内訳）自エリアからの落札量[MW],147.8,45.069,9.818,1.92,40,96.499,243.378,53,24.531,662.015
20250704B06,追加調達結果,募集量（TSO別）[MW],-,-,-,-,-,-,-,-,-,-
20250704B06,追加調達結果,応札量合計（電源属地別）[MW],0,0,0,0,0,0,0,0,0,0
20250704B06,追加調達結果,約定量合計（電源属地別）[MW],0,0,0,0,0,0,0,0,0,0
20250704B06,追加調達結果,応札件数（電源属地別）[件],0,0,0,0,0,0,0,0,0,0
20250704B06,追加調達結果,約定件数（電源属地別）[件],0,0,0,0,0,0,0,0,0,0
20250704B06,追加調達結果,最高約定価格（電源属地別）[円/kW・30分],0,0,0,0,0,0,0,0,0,0
20250704B06,追加調達結果,最低約定価格（電源属地別）[円/kW・30分],0,0,0,0,0,0,0,0,0,0
20250704B06,追加調達結果,平均約定価格（電源属地別）[円/kW・30分],0,0,0,0,0,0,0,0,0,0
20250704B06,追加調達結果,最高約定価格（TSO別）[円/kW・30分],0,0,0,0,0,0,0,0,0,0
20250704B06,追加調達結果,最低約定価格（TSO別）[円/kW・30分],0,0,0,0,0,0,0,0,0,0
20250704B06,追加調達結果,平均約定価格（TSO別）[円/kW・30分],0,0,0,0,0,0,0,0,0,0
20250704B06,追加調達結果,約定量合計（TSO別）[MW],0,0,0,0,0,0,0,0,0,0
20250704B06,追加調達結果,（内訳）自エリアからの約定量[MW],0,0,0,0,0,0,0,0,0,0
20250704B06,合計（確報値）,募集量（TSO別）[MW],93,191,619,82,103,382,248,64,259,2041
20250704B06,合計（確報値）,応札量合計（電源属地別）[MW],149.79,45.069,9.818,25.968,40,96.499,243.709,60,24.531,695.384
20250704B06,合計（確報値）,約定量合計（電源属地別）[MW],147.8,45.069,9.818,25.968,40,96.499,243.709,60,18.739,687.602
20250704B06,合計（確報値）,応札件数（電源属地別）[件],5,4,8,3,2,4,6,3,10,45
20250704B06,合計（確報値）,約定件数（電源属地別）[件],4,4,8,3,2,4,6,3,7,41
20250704B06,合計（確報値）,最高約定価格（電源属地別）[円/kW・30分],19.51,16.47,19.5,19.51,9.4,18.56,19.51,8.02,19.51,19.51
20250704B06,合計（確報値）,最低約定価格（電源属地別）[円/kW・30分],1.2,1.55,5.57,4.41,1.8,7.43,3.92,5.04,1.96,1.2
20250704B06,合計（確報値）,平均約定価格（電源属地別）[円/kW・30分],7.34,5.65,16.88,5.57,6.55,8.67,6.89,6.85,10.3,7.32
20250704B06,合計（確報値）,最高約定価格（TSO別）[円/kW・30分],19.51,16.47,19.5,19.51,9.4,18.56,19.51,8.02,19.51,19.51
20250704B06,合計（確報値）,最低約定価格（TSO別）[円/kW・30分],1.2,1.55,5.57,19.51,1.8,4.41,3.92,5.04,1.96,1.2
20250704B06,合計（確報値）,平均約定価格（TSO別）[円/kW・30分],7.34,5.65,16.88,19.51,6.55,7.71,6.89,7,10.3,7.32
20250704B06,合計（確報値）,約定量合計（TSO別）[MW],147.8,45.069,9.818,1.92,40,127.878,243.378,53,18.739,687.602
20250704B06,合計（確報値）,（内訳）自エリアからの約定量[MW],147.8,45.069,9.818,1.92,40,96.499,243.378,53,18.739,656.223
20250704B07,システム約定結果,募集量（TSO別）[MW],92,161,616,50,102,371,244,52,242,1930
20250704B07,システム約定結果,応札量合計（電源属地別）[MW],147.8,45.069,30.351,26.016,40,96.499,285.03,49,144.793,864.558
20250704B07,システム約定結果,落札量合計（電源属地別）[MW],146.3,45.069,30.351,26.016,40,96.499,285.03,49,144.793,863.058
20250704B07,システム約定結果,応札件数（電源属地別）[件],4,4,4,3,2,4,9,2,10,42
20250704B07,システム約定結果,落札件数（電源属地別）[件],3,4,4,3,2,4,9,2,10,41
20250704B07,システム約定結果,最高落札価格（電源属地別）[円/kW・30分],19.35,16.47,19.5,19.51,6.91,18.56,19.51,5.53,19.51,19.51
20250704B07,システム約定結果,最低落札価格（電源属地別）[円/kW・30分],0.44,1.82,4.98,3.93,5.05,7.57,6.24,4.93,5.54,0.44
20250704B07,システム約定結果,平均落札価格（電源属地別）[円/kW・30分],6.77,5.3,6.21,5.15,6.21,8.74,8.99,5.11,7.9,7.65
20250704B07,システム約定結果,最高落札価格（TSO別）[円/kW・30分],19.35,16.47,19.5,19.51,6.91,18.56,19.51,5.53,19.51,19.51
20250704B07,システム約定結果,最低落札価格（TSO別）[円/kW・30分],0.44,1.82,4.98,19.51,5.05,3.93,6.24,4.93,5.54,0.44
20250704B07,システム約定結果,平均落札価格（TSO別）[円/kW・30分],6.77,5.3,6.21,19.51,6.21,8.36,8.81,5.13,7.9,7.65
20250704B07,システム約定結果,落札量合計（TSO別）[MW],146.3,45.069,30.351,1.92,40,197.876,211.749,45,144.793,863.058
20250704B07,システム約定結果,（内訳）自エリアからの落札量[MW],146.3,45.069,30.351,1.92,40,96.499,211.749,45,144.793,761.681
20250704B07,追加調達結果,募集量（TSO別）[MW],-,-,-,-,-,-,-,-,-,-
20250704B07,追加調達結果,応札量合計（電源属地別）[MW],0,0,0,0,0,0,0,0,0,0
20250704B07,追加調達結果,約定量合計（電源属地別）[MW],0,0,0,0,0,0,0,0,0,0
20250704B07,追加調達結果,応札件数（電源属地別）[件],0,0,0,0,0,0,0,0,0,0
20250704B07,追加調達結果,約定件数（電源属地別）[件],0,0,0,0,0,0,0,0,0,0
20250704B07,追加調達結果,最高約定価格（電源属地別）[円/kW・30分],0,0,0,0,0,0,0,0,0,0
20250704B07,追加調達結果,最低約定価格（電源属地別）[円/kW・30分],0,0,0,0,0,0,0,0,0,0
20250704B07,追加調達結果,平均約定価格（電源属地別）[円/kW・30分],0,0,0,0,0,0,0,0,0,0
20250704B07,追加調達結果,最高約定価格（TSO別）[円/kW・30分],0,0,0,0,0,0,0,0,0,0
20250704B07,追加調達結果,最低約定価格（TSO別）[円/kW・30分],0,0,0,0,0,0,0,0,0,0
20250704B07,追加調達結果,平均約定価格（TSO別）[円/kW・30分],0,0,0,0,0,0,0,0,0,0
20250704B07,追加調達結果,約定量合計（TSO別）[MW],0,0,0,0,0,0,0,0,0,0
20250704B07,追加調達結果,（内訳）自エリアからの約定量[MW],0,0,0,0,0,0,0,0,0,0
20250704B07,合計（確報値）,募集量（TSO別）[MW],92,161,616,50,102,371,244,52,242,1930
20250704B07,合計（確報値）,応札量合計（電源属地別）[MW],147.8,45.069,30.351,26.016,40,96.499,297.757,49,144.793,877.285
20250704B07,合計（確報値）,約定量合計（電源属地別）[MW],146.3,45.069,30.351,26.016,40,96.499,285.03,49,140.915,859.18
20250704B07,合計（確報値）,応札件数（電源属地別）[件],4,4,4,3,2,4,10,2,10,43
20250704B07,合計（確報値）,約定件数（電源属地別）[件],3,4,4,3,2,4,9,2,8,39
20250704B07,合計（確報値）,最高約定価格（電源属地別）[円/kW・30分],19.35,16.47,19.5,19.51,6.91,18.56,19.51,5.53,19.51,19.51
20250704B07,合計（確報値）,最低約定価格（電源属地別）[円/kW・30分],0.44,1.82,4.98,3.93,5.05,7.57,6.24,4.93,5.54,0.44
20250704B07,合計（確報値）,平均約定価格（電源属地別）[円/kW・30分],6.77,5.3,6.21,5.15,6.21,8.74,8.99,5.11,7.58,7.59
20250704B07,合計（確報値）,最高約定価格（TSO別）[円/kW・30分],19.35,16.47,19.5,19.51,6.91,18.56,19.51,5.53,19.51,19.51
20250704B07,合計（確報値）,最低約定価格（TSO別）[円/kW・30分],0.44,1.82,4.98,19.51,5.05,3.93,6.24,4.93,5.54,0.44
20250704B07,合計（確報値）,平均約定価格（TSO別）[円/kW・30分],6.77,5.3,6.21,19.51,6.21,8.36,8.81,5.13,7.58,7.59
20250704B07,合計（確報値）,約定量合計（TSO別）[MW],146.3,45.069,30.351,1.92,40,197.876,211.749,45,140.915,859.18
20250704B07,合計（確報値）,（内訳）自エリアからの約定量[MW],146.3,45.069,30.351,1.92,40,96.499,211.749,45,140.915,757.803
20250704B08,システム約定結果,募集量（TSO別）[MW],99,105,588,0,92,345,194,56,235,1714
20250704B08,システム約定結果,応札量合計（電源属地別）[MW],158.79,21.069,22.309,26.016,40,97.159,285.03,60,84.308,794.681
20250704B08,システム約定結果,落札量合計（電源属地別）[MW],158.1,21.069,22.309,26.016,40,97.159,285.03,60,84.308,793.991
20250704B08,システム約定結果,応札件数（電源属地別）[件],5,2,3,3,2,4,9,3,8,39
20250704B08,システム約定結果,落札件数（電源属地別）[件],5,2,3,3,2,4,9,3,8,39
20250704B08,システム約定結果,最高落札価格（電源属地別）[円/kW・30分],19.5,16.47,19.51,19.51,11.91,9.53,19.51,7.08,19.51,19.51
20250704B08,システム約定結果,最低落札価格（電源属地別）[円/kW・30分],0.36,2.52,5.57,5.4,2.88,2.68,2.43,1.09,1.41,0.36
20250704B08,システム約定結果,平均落札価格（電源属地別）[円/kW・30分],6.95,8.52,6.87,6.48,6.27,6.07,5.2,2.92,4.75,5.67
20250704B08,システム約定結果,最高落札価格（TSO別）[円/kW・30分],19.5,16.47,19.51,0,11.91,19.51,5.91,7.08,19.51,19.51
20250704B08,システム約定結果,最低落札価格（TSO別）[円/kW・30分],0.36,16.47,2.52,0,2.88,2.68,2.43,1.09,1.41,0.36
20250704B08,システム約定結果,平均落札価格（TSO別）[円/kW・30分],6.95,16.47,5.35,0,5.98,6.25,4.77,2.62,5.38,5.67
20250704B08,システム約定結果,落札量合計（TSO別）[MW],158.1,9.069,34.309,0,61,132.124,194,56,149.389,793.991
20250704B08,システム約定結果,（内訳）自エリアからの落札量[MW],158.1,9.069,22.309,0,40,97.159,194,56,84.308,660.945
20250704B08,追加調達結果,募集量（TSO別）[MW],-,-,-,-,-,-,-,-,-,-
20250704B08,追加調達結果,応札量合計（電源属地別）[MW],0,0,0,0,0,0,0,0,0,0
20250704B08,追加調達結果,約定量合計（電源属地別）[MW],0,0,0,0,0,0,0,0,0,0
20250704B08,追加調達結果,応札件数（電源属地別）[件],0,0,0,0,0,0,0,0,0,0
20250704B08,追加調達結果,約定件数（電源属地別）[件],0,0,0,0,0,0,0,0,0,0
20250704B08,追加調達結果,最高約定価格（電源属地別）[円/kW・30分],0,0,0,0,0,0,0,0,0,0
20250704B08,追加調達結果,最低約定価格（電源属地別）[円/kW・30分],0,0,0,0,0,0,0,0,0,0
20250704B08,追加調達結果,平均約定価格（電源属地別）[円/kW・30分],0,0,0,0,0,0,0,0,0,0
20250704B08,追加調達結果,最高約定価格（TSO別）[円/kW・30分],0,0,0,0,0,0,0,0,0,0
20250704B08,追加調達結果,最低約定価格（TSO別）[円/kW・30分],0,0,0,0,0,0,0,0,0,0
20250704B08,追加調達結果,平均約定価格（TSO別）[円/kW・30分],0,0,0,0,0,0,0,0,0,0
20250704B08,追加調達結果,約定量合計（TSO別）[MW],0,0,0,0,0,0,0,0,0,0
20250704B08,追加調達結果,（内訳）自エリアからの約定量[MW],0,0,0,0,0,0,0,0,0,0
20250704B08,合計（確報値）,募集量（TSO別）[MW],99,105,588,0,92,345,194,56,235,1714
20250704B08,合計（確報値）,応札量合計（電源属地別）[MW],158.79,33.069,22.309,26.016,40,97.159,297.757,60,84.308,819.408
20250704B08,合計（確報値）,約定量合計（電源属地別）[MW],158.1,21.069,22.309,26.016,40,97.159,285.03,60,80.43,790.113
20250704B08,合計（確報値）,応札件数（電源属地別）[件],5,3,3,3,2,4,11,3,8,42
20250704B08,合計（確報値）,約定件数（電源属地別）[件],5,2,3,3,2,4,10,3,6,38
20250704B08,合計（確報値）,最高約定価格（電源属地別）[円/kW・30分],19.5,16.47,19.51,19.51,11.91,9.53,19.51,7.08,19.51,19.51
20250704B08,合計（確報値）,最低約定価格（電源属地別）[円/kW・30分],0.36,1.87,5.57,5.4,2.88,2.68,2.43,1.09,1.41,0.36
20250704B08,合計（確報値）,平均約定価格（電源属地別）[円/kW・30分],6.95,8.15,6.87,6.48,6.27,6.07,5.2,2.92,4.05,5.59
20250704B08,合計（確報値）,最高約定価格（TSO別）[円/kW・30分],19.5,16.47,19.51,0,11.91,19.51,5.91,7.08,19.51,19.51
20250704B08,合計（確報値）,最低約定価格（TSO別）[円/kW・30分],0.36,16.47,1.87,0,2.88,2.68,2.43,1.09,1.41,0.36
20250704B08,合計（確報値）,平均約定価格（TSO別）[円/kW・30分],6.95,16.47,5.12,0,5.98,6.25,4.77,2.62,5.01,5.59
20250704B08,合計（確報値）,約定量合計（TSO別）[MW],158.1,9.069,34.309,0,61,132.124,194,56,145.511,790.113
20250704B08,合計（確報値）,（内訳）自エリアからの約定量[MW],158.1,9.069,22.309,0,40,97.159,194,56,80.43,657.067
20250705B01,システム約定結果,募集量（TSO別）[MW],85,63,523,0,54,341,221,46,180,1513
20250705B01,システム約定結果,応札量合計（電源属地別）[MW],115.99,33.069,1.96,0,35,22.119,241.909,79,82.419,611.466
20250705B01,システム約定結果,落札量合計（電源属地別）[MW],114,33.069,1.96,0,35,22.119,241.909,79,82.419,609.476
20250705B01,システム約定結果,応札件数（電源属地別）[件],5,3,1,0,1,2,5,3,7,27
20250705B01,システム約定結果,落札件数（電源属地別）[件],4,3,1,0,1,2,5,3,7,26
20250705B01,システム約定結果,最高落札価格（電源属地別）[円/kW・30分],19.51,16.47,19.51,0,0.78,8.06,2.39,6.07,19.51,19.51
20250705B01,システム約定結果,最低落札価格（電源属地別）[円/kW・30分],2.14,2.61,19.51,0,0.78,0.36,0.36,0.96,0.36,0.36
20250705B01,システム約定結果,平均落札価格（電源属地別）[円/kW・30分],5.59,6.41,19.51,0,0.78,1.23,2.17,3.29,1.87,3.09
20250705B01,システム約定結果,最高落札価格（TSO別）[円/kW・30分],19.51,16.47,19.51,0,0.78,8.06,2.39,6.07,19.51,19.51
20250705B01,システム約定結果,最低落札価格（TSO別）[円/kW・30分],2.14,16.47,2.61,0,0.78,0.36,0.36,1.27,0.36,0.36
20250705B01,システム約定結果,平均落札価格（TSO別）[円/kW・30分],5.59,16.47,3.89,0,0.78,2.8,2.19,2.52,1.89,3.09
20250705B01,システム約定結果,落札量合計（TSO別）[MW],114,9.069,25.96,0,35,73,221,46,85.447,609.476
20250705B01,システム約定結果,（内訳）自エリアからの落札量[MW],114,9.069,1.96,0,35,22.119,221,46,82.419,531.567
20250705B01,追加調達結果,募集量（TSO別）[MW],-,-,-,-,-,-,-,-,-,-
20250705B01,追加調達結果,応札量合計（電源属地別）[MW],0,0,0,0,0,0,0,0,0,0
20250705B01,追加調達結果,約定量合計（電源属地別）[MW],0,0,0,0,0,0,0,0,0,0
20250705B01,追加調達結果,応札件数（電源属地別）[件],0,0,0,0,0,0,0,0,0,0
20250705B01,追加調達結果,約定件数（電源属地別）[件],0,0,0,0,0,0,0,0,0,0
20250705B01,追加調達結果,最高約定価格（電源属地別）[円/kW・30分],0,0,0,0,0,0,0,0,0,0
20250705B01,追加調達結果,最低約定価格（電源属地別）[円/kW・30分],0,0,0,0,0,0,0,0,0,0
20250705B01,追加調達結果,平均約定価格（電源属地別）[円/kW・30分],0,0,0,0,0,0,0,0,0,0
20250705B01,追加調達結果,最高約定価格（TSO別）[円/kW・30分],0,0,0,0,0,0,0,0,0,0
20250705B01,追加調達結果,最低約定価格（TSO別）[円/kW・30分],0,0,0,0,0,0,0,0,0,0
20250705B01,追加調達結果,平均約定価格（TSO別）[円/kW・30分],0,0,0,0,0,0,0,0,0,0
20250705B01,追加調達結果,約定量合計（TSO別）[MW],0,0,0,0,0,0,0,0,0,0
20250705B01,追加調達結果,（内訳）自エリアからの約定量[MW],0,0,0,0,0,0,0,0,0,0
20250705B01,合計（確報値）,募集量（TSO別）[MW],85,63,523,0,54,341,221,46,180,1513
20250705B01,合計（確報値）,応札量合計（電源属地別）[MW],115.99,33.069,1.96,0,35,22.119,241.909,79,82.419,611.466
20250705B01,合計（確報値）,約定量合計（電源属地別）[MW],114,33.069,1.96,0,35,22.119,241.909,79,80.43,607.487
20250705B01,合計（確報値）,応札件数（電源属地別）[件],5,3,1,0,1,2,5,3,7,27
20250705B01,合計（確報値）,約定件数（電源属地別）[件],4,3,1,0,1,2,5,3,6,25
20250705B01,合計（確報値）,最高約定価格（電源属地別）[円/kW・30分],19.51,16.47,19.51,0,0.78,8.06,2.39,6.07,19.51,19.51
20250705B01,合計（確報値）,最低約定価格（電源属地別）[円/kW・30分],2.14,2.61,19.51,0,0.78,0.36,0.36,0.96,0.36,0.36
20250705B01,合計（確報値）,平均約定価格（電源属地別）[円/kW・30分],5.59,6.41,19.51,0,0.78,1.23,2.17,3.29,1.45,3.03
20250705B01,合計（確報値）,最高約定価格（TSO別）[円/kW・30分],19.51,16.47,19.51,0,0.78,8.06,2.39,6.07,19.51,19.51
20250705B01,合計（確報値）,最低約定価格（TSO別）[円/kW・30分],2.14,16.47,2.61,0,0.78,0.36,0.36,1.27,0.36,0.36
20250705B01,合計（確報値）,平均約定価格（TSO別）[円/kW・30分],5.59,16.47,3.89,0,0.78,2.8,2.19,2.52,1.48,3.03
20250705B01,合計（確報値）,約定量合計（TSO別）[MW],114,9.069,25.96,0,35,73,221,46,83.458,607.487
20250705B01,合計（確報値）,（内訳）自エリアからの約定量[MW],114,9.069,1.96,0,35,22.119,221,46,80.43,529.578
20250705B02,システム約定結果,募集量（TSO別）[MW],76,83,471,0,68,340,219,47,206,1510
20250705B02,システム約定結果,応札量合計（電源属地別）[MW],99.5,33.069,22.068,0,35,68.876,243.709,79,141.419,722.641
20250705B02,システム約定結果,落札量合計（電源属地別）[MW],99.5,33.069,22.068,0,35,68.876,243.709,79,141.419,722.641
20250705B02,システム約定結果,応札件数（電源属地別）[件],3,3,3,0,1,3,6,3,8,30
20250705B02,システム約定結果,落札件数（電源属地別）[件],3,3,3,0,1,3,6,3,8,30
20250705B02,システム約定結果,最高落札価格（電源属地別）[円/kW・30分],19.51,16.47,19.51,0,0.75,9.53,19.51,6.14,19.51,19.51
20250705B02,システム約定結果,最低落札価格（電源属地別）[円/kW・30分],2.2,2.88,1.27,0,0.75,0.36,0.36,0.66,0.36,0.36
20250705B02,システム約定結果,平均落札価格（電源属地別）[円/kW・30分],3.39,6.61,3.2,0,0.75,6.89,2.12,3.32,1.28,2.89
20250705B02,システム約定結果,最高落札価格（TSO別）[円/kW・30分],19.51,16.47,19.51,0,0.75,19.51,2.17,6.14,19.51,19.51
20250705B02,システム約定結果,最低落札価格（TSO別）[円/kW・30分],2.2,2.88,1.27,0,0.75,0.36,0.36,0.66,0.36,0.36
20250705B02,システム約定結果,平均落札価格（TSO別）[円/kW・30分],3.39,6.61,3.2,0,0.75,5.61,2.01,2.33,1.28,2.89
20250705B02,システム約定結果,落札量合計（TSO別）[MW],99.5,33.069,22.068,0,35,125.585,219,47,141.419,722.641
20250705B02,システム約定結果,（内訳）自エリアからの落札量[MW],99.5,33.069,22.068,0,35,68.876,219,47,141.419,665.932
20250705B02,追加調達結果,募集量（TSO別）[MW],-,-,-,-,-,-,-,-,-,-
20250705B02,追加調達結果,応札量合計（電源属地別）[MW],0,0,0,0,0,0,0,0,0,0
20250705B02,追加調達結果,約定量合計（電源属地別）[MW],0,0,0,0,0,0,0,0,0,0
20250705B02,追加調達結果,応札件数（電源属地別）[件],0,0,0,0,0,0,0,0,0,0
20250705B02,追加調達結果,約定件数（電源属地別）[件],0,0,0,0,0,0,0,0,0,0
20250705B02,追加調達結果,最高約定価格（電源属地別）[円/kW・30分],0,0,0,0,0,0,0,0,0,0
20250705B02,追加調達結果,最低約定価格（電源属地別）[円/kW・30分],0,0,0,0,0,0,0,0,0,0
20250705B02,追加調達結果,平均約定価格（電源属地別）[円/kW・30分],0,0,0,0,0,0,0,0,0,0
20250705B02,追加調達結果,最高約定価格（TSO別）[円/kW・30分],0,0,0,0,0,0,0,0,0,0
20250705B02,追加調達結果,最低約定価格（TSO別）[円/kW・30分],0,0,0,0,0,0,0,0,0,0
20250705B02,追加調達結果,平均約定価格（TSO別）[円/kW・30分],0,0,0,0,0,0,0,0,0,0
20250705B02,追加調達結果,約定量合計（TSO別）[MW],0,0,0,0,0,0,0,0,0,0
20250705B02,追加調達結果,（内訳）自エリアからの約定量[MW],0,0,0,0,0,0,0,0,0,0
20250705B02,合計（確報値）,募集量（TSO別）[MW],76,83,471,0,68,340,219,47,206,1510
20250705B02,合計（確報値）,応札量合計（電源属地別）[MW],99.5,33.069,22.068,0,35,68.876,243.709,79,141.419,722.641
20250705B02,合計（確報値）,約定量合計（電源属地別）[MW],99.5,33.069,22.068,0,35,68.876,243.709,79,139.43,720.652
20250705B02,合計（確報値）,応札件数（電源属地別）[件],3,3,3,0,1,3,6,3,8,30
20250705B02,合計（確報値）,約定件数（電源属地別）[件],3,3,3,0,1,3,6,3,7,29
20250705B02,合計（確報値）,最高約定価格（電源属地別）[円/kW・30分],19.51,16.47,19.51,0,0.75,9.53,19.51,6.14,19.51,19.51
20250705B02,合計（確報値）,最低約定価格（電源属地別）[円/kW・30分],2.2,2.88,1.27,0,0.75,0.36,0.36,0.66,0.36,0.36
20250705B02,合計（確報値）,平均約定価格（電源属地別）[円/kW・30分],3.39,6.61,3.2,0,0.75,6.89,2.12,3.32,1.03,2.84
20250705B02,合計（確報値）,最高約定価格（TSO別）[円/kW・30分],19.51,16.47,19.51,0,0.75,19.51,2.17,6.14,19.51,19.51
20250705B02,合計（確報値）,最低約定価格（TSO別）[円/kW・30分],2.2,2.88,1.27,0,0.75,0.36,0.36,0.66,0.36,0.36
20250705B02,合計（確報値）,平均約定価格（TSO別）[円/kW・30分],3.39,6.61,3.2,0,0.75,5.61,2.01,2.33,1.03,2.84
20250705B02,合計（確報値）,約定量合計（TSO別）[MW],99.5,33.069,22.068,0,35,125.585,219,47,139.43,720.652
20250705B02,合計（確報値）,（内訳）自エリアからの約定量[MW],99.5,33.069,22.068,0,35,68.876,219,47,139.43,663.943
20250705B03,システム約定結果,募集量（TSO別）[MW],59,151,571,0,70,388,197,44,240,1720
20250705B03,システム約定結果,応札量合計（電源属地別）[MW],149.79,12,4.609,0,30,68.876,243.709,79,15.419,603.403
20250705B03,システム約定結果,落札量合計（電源属地別）[MW],68.6,12,4.609,0,30,68.876,243.709,79,15.419,522.213
20250705B03,システム約定結果,応札件数（電源属地別）[件],5,1,4,0,1,3,6,3,5,28
20250705B03,システム約定結果,落札件数（電源属地別）[件],3,1,4,0,1,3,6,3,5,26
20250705B03,システム約定結果,最高落札価格（電源属地別）[円/kW・30分],19.5,4.1,19.5,0,0.35,9.53,19.51,6.01,19.51,19.51
20250705B03,システム約定結果,最低落札価格（電源属地別）[円/kW・30分],3,4.1,5.57,0,0.35,0.36,0.36,1.18,0.36,0.35
20250705B03,システム約定結果,平均落札価格（電源属地別）[円/kW・30分],5.23,4.1,14.64,0,0.35,6.85,0.98,3.27,7.02,2.99
20250705B03,システム約定結果,最高落札価格（TSO別）[円/kW・30分],19.5,4.1,19.5,0,1.2,19.51,1.94,6.01,19.51,19.51
20250705B03,システム約定結果,最低落札価格（TSO別）[円/kW・30分],3,4.1,4.1,0,0.35,0.36,0.36,1.18,0.36,0.35
20250705B03,システム約定結果,平均落札価格（TSO別）[円/kW・30分],5.23,4.1,9.15,0,0.66,5.39,0.88,2.84,5.14,2.99
20250705B03,システム約定結果,落札量合計（TSO別）[MW],68.6,7,9.609,0,55,119.373,197,44,21.631,522.213
20250705B03,システム約定結果,（内訳）自エリアからの落札量[MW],68.6,7,4.609,0,30,68.876,197,44,15.419,435.504
20250705B03,追加調達結果,募集量（TSO別）[MW],-,-,-,-,-,-,-,-,-,-
20250705B03,追加調達結果,応札量合計（電源属地別）[MW],0,0,0,0,0,0,0,0,0,0
20250705B03,追加調達結果,約定量合計（電源属地別）[MW],0,0,0,0,0,0,0,0,0,0
20250705B03,追加調達結果,応札件数（電源属地別）[件],0,0,0,0,0,0,0,0,0,0
20250705B03,追加調達結果,約定件数（電源属地別）[件],0,0,0,0,0,0,0,0,0,0
20250705B03,追加調達結果,最高約定価格（電源属地別）[円/kW・30分],0,0,0,0,0,0,0,0,0,0
20250705B03,追加調達結果,最低約定価格（電源属地別）[円/kW・30分],0,0,0,0,0,0,0,0,0,0
20250705B03,追加調達結果,平均約定価格（電源属地別）[円/kW・30分],0,0,0,0,0,0,0,0,0,0
20250705B03,追加調達結果,最高約定価格（TSO別）[円/kW・30分],0,0,0,0,0,0,0,0,0,0
20250705B03,追加調達結果,最低約定価格（TSO別）[円/kW・30分],0,0,0,0,0,0,0,0,0,0
20250705B03,追加調達結果,平均約定価格（TSO別）[円/kW・30分],0,0,0,0,0,0,0,0,0,0
20250705B03,追加調達結果,約定量合計（TSO別）[MW],0,0,0,0,0,0,0,0,0,0
20250705B03,追加調達結果,（内訳）自エリアからの約定量[MW],0,0,0,0,0,0,0,0,0,0
20250705B03,合計（確報値）,募集量（TSO別）[MW],59,151,571,0,70,388,197,44,240,1720
20250705B03,合計（確報値）,応札量合計（電源属地別）[MW],149.79,12,4.609,0,60,68.876,243.709,79,15.419,633.403
20250705B03,合計（確報値）,約定量合計（電源属地別）[MW],68.6,12,4.609,0,30,68.876,243.709,79,13.43,520.224
20250705B03,合計（確報値）,応札件数（電源属地別）[件],5,1,4,0,3,3,6,3,5,30
20250705B03,合計（確報値）,約定件数（電源属地別）[件],3,1,4,0,2,3,6,3,4,26
20250705B03,合計（確報値）,最高約定価格（電源属地別）[円/kW・30分],19.5,4.1,19.5,0,0.35,9.53,19.51,6.01,19.51,19.51
20250705B03,合計（確報値）,最低約定価格（電源属地別）[円/kW・30分],3,4.1,5.57,0,0.35,0.36,0.36,1.18,0.36,0.35
20250705B03,合計（確報値）,平均約定価格（電源属地別）[円/kW・30分],5.23,4.1,14.64,0,0.35,6.85,0.98,3.27,5.25,2.93
20250705B03,合計（確報値）,最高約定価格（TSO別）[円/kW・30分],19.5,4.1,19.5,0,1.2,19.51,1.94,6.01,19.51,19.51
20250705B03,合計（確報値）,最低約定価格（TSO別）[円/kW・30分],3,4.1,4.1,0,0.35,0.36,0.36,1.18,0.36,0.35
20250705B03,合計（確報値）,平均約定価格（TSO別）[円/kW・30分],5.23,4.1,9.15,0,0.66,5.39,0.88,2.84,3.73,2.93
20250705B03,合計（確報値）,約定量合計（TSO別）[MW],68.6,7,9.609,0,55,119.373,197,44,19.642,520.224
20250705B03,合計（確報値）,（内訳）自エリアからの約定量[MW],68.6,7,4.609,0,30,68.876,197,44,13.43,433.515
20250705B04,システム約定結果,募集量（TSO別）[MW],103,197,628,25,97,421,209,66,259,2005
20250705B04,システム約定結果,応札量合計（電源属地別）[MW],104.79,33.069,8.537,0,30,68.876,243.709,105,25.343,619.324
20250705B04,システム約定結果,落札量合計（電源属地別）[MW],104.3,33.069,8.537,0,30,68.876,243.709,90.742,25.343,604.576
20250705B04,システム約定結果,応札件数（電源属地別）[件],5,3,6,0,1,3,6,4,7,35
20250705B04,システム約定結果,落札件数（電源属地別）[件],5,3,6,0,1,3,6,4,7,35
20250705B04,システム約定結果,最高落札価格（電源属地別）[円/kW・30分],19.51,16.47,19.51,0,0.35,9.53,19.51,6.15,19.51,19.51
20250705B04,システム約定結果,最低落札価格（電源属地別）[円/kW・30分],0.36,4.67,5.57,0,0.35,0.36,0.36,0.62,0.36,0.35
20250705B04,システム約定結果,平均落札価格（電源属地別）[円/kW・30分],10.44,7.91,16.88,0,0.35,6.89,0.95,2.41,10.17,4.45
20250705B04,システム約定結果,最高落札価格（TSO別）[円/kW・30分],19.51,16.47,19.51,0,0.35,9.53,19.51,6.15,19.51,19.51
20250705B04,システム約定結果,最低落札価格（TSO別）[円/kW・30分],0.36,4.67,5.57,0,0.35,0.36,0.61,0.62,0.36,0.35
20250705B04,システム約定結果,平均落札価格（TSO別）[円/kW・30分],10.44,7.91,16.88,0,0.35,2.76,1.11,2.36,10.17,4.45
20250705B04,システム約定結果,落札量合計（TSO別）[MW],104.3,33.069,8.537,0,30,239.527,97.8,66,25.343,604.576
20250705B04,システム約定結果,（内訳）自エリアからの落札量[MW],104.3,33.069,8.537,0,30,68.876,97.8,66,25.343,433.925
20250705B04,追加調達結果,募集量（TSO別）[MW],-,-,-,-,-,-,-,-,-,-
20250705B04,追加調達結果,応札量合計（電源属地別）[MW],0,0,0,0,0,0,0,0,0,0
20250705B04,追加調達結果,約定量合計（電源属地別）[MW],0,0,0,0,0,0,0,0,0,0
20250705B04,追加調達結果,応札件数（電源属地別）[件],0,0,0,0,0,0,0,0,0,0
20250705B04,追加調達結果,約定件数（電源属地別）[件],0,0,0,0,0,0,0,0,0,0
20250705B04,追加調達結果,最高約定価格（電源属地別）[円/kW・30分],0,0,0,0,0,0,0,0,0,0
20250705B04,追加調達結果,最低約定価格（電源属地別）[円/kW・30分],0,0,0,0,0,0,0,0,0,0
20250705B04,追加調達結果,平均約定価格（電源属地別）[円/kW・30分],0,0,0,0,0,0,0,0,0,0
20250705B04,追加調達結果,最高約定価格（TSO別）[円/kW・30分],0,0,0,0,0,0,0,0,0,0
20250705B04,追加調達結果,最低約定価格（TSO別）[円/kW・30分],0,0,0,0,0,0,0,0,0,0
20250705B04,追加調達結果,平均約定価格（TSO別）[円/kW・30分],0,0,0,0,0,0,0,0,0,0
20250705B04,追加調達結果,約定量合計（TSO別）[MW],0,0,0,0,0,0,0,0,0,0
20250705B04,追加調達結果,（内訳）自エリアからの約定量[MW],0,0,0,0,0,0,0,0,0,0
20250705B04,合計（確報値）,募集量（TSO別）[MW],103,197,628,25,97,421,209,66,259,2005
20250705B04,合計（確報値）,応札量合計（電源属地別）[MW],104.79,33.069,8.537,0,60,68.876,243.709,105,40.343,664.324
20250705B04,合計（確報値）,約定量合計（電源属地別）[MW],104.3,33.069,8.537,0,30,68.876,243.709,90.742,23.354,602.587
20250705B04,合計（確報値）,応札件数（電源属地別）[件],5,3,6,0,3,3,6,4,10,40
20250705B04,合計（確報値）,約定件数（電源属地別）[件],5,3,6,0,2,3,6,4,7,36
20250705B04,合計（確報値）,最高約定価格（電源属地別）[円/kW・30分],19.51,16.47,19.51,0,0.35,9.53,19.51,6.15,19.51,19.51
20250705B04,合計（確報値）,最低約定価格（電源属地別）[円/kW・30分],0.36,4.67,5.57,0,0.35,0.36,0.36,0.62,0.36,0.35
20250705B04,合計（確報値）,平均約定価格（電源属地別）[円/kW・30分],10.44,7.91,16.88,0,0.35,6.89,0.95,2.41,7.29,4.31
20250705B04,合計（確報値）,最高約定価格（TSO別）[円/kW・30分],19.51,16.47,19.51,0,0.35,9.53,19.51,6.15,19.51,19.51
20250705B04,合計（確報値）,最低約定価格（TSO別）[円/kW・30分],0.36,4.67,5.57,0,0.35,0.36,0.61,0.62,0.36,0.35
20250705B04,合計（確報値）,平均約定価格（TSO別）[円/kW・30分],10.44,7.91,16.88,0,0.35,2.76,1.11,2.36,7.29,4.31
20250705B04,合計（確報値）,約定量合計（TSO別）[MW],104.3,33.069,8.537,0,30,239.527,97.8,66,23.354,602.587
20250705B04,合計（確報値）,（内訳）自エリアからの約定量[MW],104.3,33.069,8.537,0,30,68.876,97.8,66,23.354,431.936
20250705B05,システム約定結果,募集量（TSO別）[MW],97,191,628,17,96,382,185,77,262,1935
20250705B05,システム約定結果,応札量合計（電源属地別）[MW],104.79,33.069,8.537,0,30,68.876,243.709,110,21.903,620.884
20250705B05,システム約定結果,落札量合計（電源属地別）[MW],102.8,33.069,8.537,0,30,68.876,243.709,106.032,21.903,614.926
20250705B05,システム約定結果,応札件数（電源属地別）[件],5,3,6,0,1,3,6,4,5,33
20250705B05,システム約定結果,落札件数（電源属地別）[件],4,3,6,0,1,3,6,4,5,32
20250705B05,システム約定結果,最高落札価格（電源属地別）[円/kW・30分],19.51,16.47,19.51,0,0.35,9.53,19.51,5.99,19.51,19.51
20250705B05,システム約定結果,最低落札価格（電源属地別）[円/kW・30分],0.83,4.07,5.57,0,0.35,0.36,0.36,0.81,0.36,0.35
20250705B05,システム約定結果,平均落札価格（電源属地別）[円/kW・30分],11.13,7.47,16.88,0,0.35,6.84,1.22,2.44,9.07,4.51
20250705B05,システム約定結果,最高落札価格（TSO別）[円/kW・30分],19.51,16.47,19.51,0,1.29,9.53,19.51,5.99,19.51,19.51
20250705B05,システム約定結果,最低落札価格（TSO別）[円/kW・30分],0.83,4.07,5.57,0,0.35,0.36,0.96,0.81,0.36,0.35
20250705B05,システム約定結果,平均落札価格（TSO別）[円/kW・30分],11.13,7.47,16.88,0,0.78,3.45,1.65,1.98,9.07,4.51
20250705B05,システム約定結果,落札量合計（TSO別）[MW],102.8,33.069,8.537,0,83,192.033,96.584,77,21.903,614.926
20250705B05,システム約定結果,（内訳）自エリアからの落札量[MW],102.8,33.069,8.537,0,30,68.876,96.584,77,21.903,438.769
20250705B05,追加調達結果,募集量（TSO別）[MW],-,-,-,-,-,-,-,-,-,-
20250705B05,追加調達結果,応札量合計（電源属地別）[MW],0,0,0,0,0,0,0,0,0,0
20250705B05,追加調達結果,約定量合計（電源属地別）[MW],0,0,0,0,0,0,0,0,0,0
20250705B05,追加調達結果,応札件数（電源属地別）[件],0,0,0,0,0,0,0,0,0,0
20250705B05,追加調達結果,約定件数（電源属地別）[件],0,0,0,0,0,0,0,0,0,0
20250705B05,追加調達結果,最高約定価格（電源属地別）[円/kW・30分],0,0,0,0,0,0,0,0,0,0
20250705B05,追加調達結果,最低約定価格（電源属地別）[円/kW・30分],0,0,0,0,0,0,0,0,0,0
20250705B05,追加調達結果,平均約定価格（電源属地別）[円/kW・30分],0,0,0,0,0,0,0,0,0,0
20250705B05,追加調達結果,最高約定価格（TSO別）[円/kW・30分],0,0,0,0,0,0,0,0,0,0
20250705B05,追加調達結果,最低約定価格（TSO別）[円/kW・30分],0,0,0,0,0,0,0,0,0,0
20250705B05,追加調達結果,平均約定価格（TSO別）[円/kW・30分],0,0,0,0,0,0,0,0,0,0
20250705B05,追加調達結果,約定量合計（TSO別）[MW],0,0,0,0,0,0,0,0,0,0
20250705B05,追加調達結果,（内訳）自エリアからの約定量[MW],0,0,0,0,0,0,0,0,0,0
20250705B05,合計（確報値）,募集量（TSO別）[MW],97,191,628,17,96,382,185,77,262,1935
20250705B05,合計（確報値）,応札量合計（電源属地別）[MW],104.79,33.069,8.537,0,60,68.876,243.709,110,36.903,665.884
20250705B05,合計（確報値）,約定量合計（電源属地別）[MW],102.8,33.069,8.537,0,30,68.876,243.709,106.032,19.914,612.937
20250705B05,合計（確報値）,応札件数（電源属地別）[件],5,3,6,0,3,3,6,4,7,37
20250705B05,合計（確報値）,約定件数（電源属地別）[件],4,3,6,0,2,3,6,4,4,32
20250705B05,合計（確報値）,最高約定価格（電源属地別）[円/kW・30分],19.51,16.47,19.51,0,0.35,9.53,19.51,5.99,19.51,19.51
20250705B05,合計（確報値）,最低約定価格（電源属地別）[円/kW・30分],0.83,4.07,5.57,0,0.35,0.36,0.36,0.81,0.36,0.35
20250705B05,合計（確報値）,平均約定価格（電源属地別）[円/kW・30分],11.13,7.47,16.88,0,0.35,6.84,1.22,2.44,5.43,4.38
20250705B05,合計（確報値）,最高約定価格（TSO別）[円/kW・30分],19.51,16.47,19.51,0,1.29,9.53,19.51,5.99,19.51,19.51
20250705B05,合計（確報値）,最低約定価格（TSO別）[円/kW・30分],0.83,4.07,5.57,0,0.35,0.36,0.96,0.81,0.36,0.35
20250705B05,合計（確報値）,平均約定価格（TSO別）[円/kW・30分],11.13,7.47,16.88,0,0.78,3.45,1.65,1.98,5.43,4.38
20250705B05,合計（確報値）,約定量合計（TSO別）[MW],102.8,33.069,8.537,0,83,192.033,96.584,77,19.914,612.937
20250705B05,合計（確報値）,（内訳）自エリアからの約定量[MW],102.8,33.069,8.537,0,30,68.876,96.584,77,19.914,436.78
20250705B06,システム約定結果,募集量（TSO別）[MW],92,191,632,82,103,382,248,64,259,2053
20250705B06,システム約定結果,応札量合計（電源属地別）[MW],147.8,45.069,11.537,12.048,35,68.876,243.709,79,19.257,662.296
20250705B06,システム約定結果,落札量合計（電源属地別）[MW],147.8,45.069,11.537,12.048,35,68.876,243.709,79,19.257,662.296
20250705B06,システム約定結果,応札件数（電源属地別）[件],4,4,9,1,1,3,6,3,7,38
20250705B06,システム約定結果,落札件数（電源属地別）[件],4,4,9,1,1,3,6,3,7,38
20250705B06,システム約定結果,最高落札価格（電源属地別）[円/kW・30分],19.51,16.47,19.51,4.35,1.38,9.53,19.51,5.68,19.51,19.51
20250705B06,システム約定結果,最低落札価格（電源属地別）[円/kW・30分],2.4,2.91,5.57,4.35,1.38,0.36,0.8,2.02,0.58,0.36
20250705B06,システム約定結果,平均落札価格（電源属地別）[円/kW・30分],9.15,5.66,17.56,4.35,1.38,6.78,3.6,3.67,9.67,5.63
20250705B06,システム約定結果,最高落札価格（TSO別）[円/kW・30分],19.51,16.47,19.51,4.35,1.38,9.53,19.51,5.68,19.51,19.51
20250705B06,システム約定結果,最低落札価格（TSO別）[円/kW・30分],2.4,2.91,5.57,4.35,1.38,0.36,0.8,2.02,0.58,0.36
20250705B06,システム約定結果,平均落札価格（TSO別）[円/kW・30分],9.15,5.66,17.56,4.35,1.38,6.42,3.6,2.68,9.67,5.63
20250705B06,システム約定結果,落札量合計（TSO別）[MW],147.8,45.069,11.537,12.048,35,97.031,241.554,53,19.257,662.296
20250705B06,システム約定結果,（内訳）自エリアからの落札量[MW],147.8,45.069,11.537,12.048,35,68.876,241.554,53,19.257,634.141
20250705B06,追加調達結果,募集量（TSO別）[MW],-,-,-,-,-,-,-,-,-,-
20250705B06,追加調達結果,応札量合計（電源属地別）[MW],0,0,0,0,0,0,0,0,0,0
20250705B06,追加調達結果,約定量合計（電源属地別）[MW],0,0,0,0,0,0,0,0,0,0
20250705B06,追加調達結果,応札件数（電源属地別）[件],0,0,0,0,0,0,0,0,0,0
20250705B06,追加調達結果,約定件数（電源属地別）[件],0,0,0,0,0,0,0,0,0,0
20250705B06,追加調達結果,最高約定価格（電源属地別）[円/kW・30分],0,0,0,0,0,0,0,0,0,0
20250705B06,追加調達結果,最低約定価格（電源属地別）[円/kW・30分],0,0,0,0,0,0,0,0,0,0
20250705B06,追加調達結果,平均約定価格（電源属地別）[円/kW・30分],0,0,0,0,0,0,0,0,0,0
20250705B06,追加調達結果,最高約定価格（TSO別）[円/kW・30分],0,0,0,0,0,0,0,0,0,0
20250705B06,追加調達結果,最低約定価格（TSO別）[円/kW・30分],0,0,0,0,0,0,0,0,0,0
20250705B06,追加調達結果,平均約定価格（TSO別）[円/kW・30分],0,0,0,0,0,0,0,0,0,0
20250705B06,追加調達結果,約定量合計（TSO別）[MW],0,0,0,0,0,0,0,0,0,0
20250705B06,追加調達結果,（内訳）自エリアからの約定量[MW],0,0,0,0,0,0,0,0,0,0
20250705B06,合計（確報値）,募集量（TSO別）[MW],92,191,632,82,103,382,248,64,259,2053
20250705B06,合計（確報値）,応札量合計（電源属地別）[MW],147.8,69.069,11.537,12.048,35,68.876,243.709,79,19.257,686.296
20250705B06,合計（確報値）,約定量合計（電源属地別）[MW],147.8,45.069,11.537,12.048,35,68.876,243.709,79,17.268,660.307
20250705B06,合計（確報値）,応札件数（電源属地別）[件],4,7,9,1,1,3,6,3,7,41
20250705B06,合計（確報値）,約定件数（電源属地別）[件],4,5,9,1,1,3,6,3,6,38
20250705B06,合計（確報値）,最高約定価格（電源属地別）[円/kW・30分],19.51,16.47,19.51,4.35,1.38,9.53,19.51,5.68,19.51,19.51
20250705B06,合計（確報値）,最低約定価格（電源属地別）[円/kW・30分],2.4,2.34,5.57,4.35,1.38,0.36,0.8,2.02,0.58,0.36
20250705B06,合計（確報値）,平均約定価格（電源属地別）[円/kW・30分],9.15,5.49,17.56,4.35,1.38,6.78,3.6,3.67,8.6,5.58
20250705B06,合計（確報値）,最高約定価格（TSO別）[円/kW・30分],19.51,16.47,19.51,4.35,1.38,9.53,19.51,5.68,19.51,19.51
20250705B06,合計（確報値）,最低約定価格（TSO別）[円/kW・30分],2.4,2.34,5.57,4.35,1.38,0.36,0.8,2.02,0.58,0.36
20250705B06,合計（確報値）,平均約定価格（TSO別）[円/kW・30分],9.15,5.49,17.56,4.35,1.38,6.42,3.6,2.68,8.6,5.58
20250705B06,合計（確報値）,約定量合計（TSO別）[MW],147.8,45.069,11.537,12.048,35,97.031,241.554,53,17.268,660.307
20250705B06,合計（確報値）,（内訳）自エリアからの約定量[MW],147.8,45.069,11.537,12.048,35,68.876,241.554,53,17.268,632.152
20250705B07,システム約定結果,募集量（TSO別）[MW],91,161,629,50,102,371,244,52,242,1942
20250705B07,システム約定結果,応札量合計（電源属地別）[MW],149.79,45.069,8.537,60.241,35,68.876,269.163,79,141.419,857.095
20250705B07,システム約定結果,落札量合計（電源属地別）[MW],100.8,45.069,8.537,60.241,35,68.876,269.163,79,141.419,808.105
20250705B07,システム約定結果,応札件数（電源属地別）[件],5,4,6,5,1,3,8,3,8,43
20250705B07,システム約定結果,落札件数（電源属地別）[件],4,4,6,5,1,3,8,3,8,42
20250705B07,システム約定結果,最高落札価格（電源属地別）[円/kW・30分],19.5,16.47,19.51,6.27,4.31,9.53,19.51,8.44,19.51,19.51
20250705B07,システム約定結果,最低落札価格（電源属地別）[円/kW・30分],0.51,0.81,5.57,5.05,4.31,2.74,2.67,5.01,1.95,0.51
20250705B07,システム約定結果,平均落札価格（電源属地別）[円/kW・30分],2.19,4.52,16.88,5.94,4.31,7.54,5.5,6.52,4.11,5.16
20250705B07,システム約定結果,最高落札価格（TSO別）[円/kW・30分],19.5,16.47,19.51,6.16,6.16,9.53,19.51,8.44,19.51,19.51
20250705B07,システム約定結果,最低落札価格（TSO別）[円/kW・30分],0.51,0.81,5.57,6.16,4.31,2.74,2.67,5.01,1.95,0.51
20250705B07,システム約定結果,平均落札価格（TSO別）[円/kW・30分],2.19,4.52,16.88,6.16,5.3,6.51,5.23,7.24,4.11,5.16
20250705B07,システム約定結果,落札量合計（TSO別）[MW],100.8,45.069,8.537,0.447,89,192.033,185.8,45,141.419,808.105
20250705B07,システム約定結果,（内訳）自エリアからの落札量[MW],100.8,45.069,8.537,0.447,35,68.876,185.8,45,141.419,630.948
20250705B07,追加調達結果,募集量（TSO別）[MW],-,-,-,-,-,-,-,-,-,-
20250705B07,追加調達結果,応札量合計（電源属地別）[MW],0,0,0,0,0,0,0,0,0,0
20250705B07,追加調達結果,約定量合計（電源属地別）[MW],0,0,0,0,0,0,0,0,0,0
20250705B07,追加調達結果,応札件数（電源属地別）[件],0,0,0,0,0,0,0,0,0,0
20250705B07,追加調達結果,約定件数（電源属地別）[件],0,0,0,0,0,0,0,0,0,0
20250705B07,追加調達結果,最高約定価格（電源属地別）[円/kW・30分],0,0,0,0,0,0,0,0,0,0
20250705B07,追加調達結果,最低約定価格（電源属地別）[円/kW・30分],0,0,0,0,0,0,0,0,0,0
20250705B07,追加調達結果,平均約定価格（電源属地別）[円/kW・30分],0,0,0,0,0,0,0,0,0,0
20250705B07,追加調達結果,最高約定価格（TSO別）[円/kW・30分],0,0,0,0,0,0,0,0,0,0
20250705B07,追加調達結果,最低約定価格（TSO別）[円/kW・30分],0,0,0,0,0,0,0,0,0,0
20250705B07,追加調達結果,平均約定価格（TSO別）[円/kW・30分],0,0,0,0,0,0,0,0,0,0
20250705B07,追加調達結果,約定量合計（TSO別）[MW],0,0,0,0,0,0,0,0,0,0
20250705B07,追加調達結果,（内訳）自エリアからの約定量[MW],0,0,0,0,0,0,0,0,0,0
20250705B07,合計（確報値）,募集量（TSO別）[MW],91,161,629,50,102,371,244,52,242,1942
20250705B07,合計（確報値）,応札量合計（電源属地別）[MW],149.79,45.069,8.537,84.337,35,68.876,269.163,79,141.419,881.191
20250705B07,合計（確報値）,約定量合計（電源属地別）[MW],100.8,45.069,8.537,60.241,35,68.876,269.163,79,139.43,806.116
20250705B07,合計（確報値）,応札件数（電源属地別）[件],5,4,6,7,1,3,8,3,8,45
20250705B07,合計（確報値）,約定件数（電源属地別）[件],4,4,6,5,1,3,8,3,7,41
20250705B07,合計（確報値）,最高約定価格（電源属地別）[円/kW・30分],19.5,16.47,19.51,6.22,4.31,9.53,19.51,8.44,19.51,19.51
20250705B07,合計（確報値）,最低約定価格（電源属地別）[円/kW・30分],0.51,0.81,5.57,0.36,4.31,2.74,2.67,5.01,1.95,0.36
20250705B07,合計（確報値）,平均約定価格（電源属地別）[円/kW・30分],2.19,4.52,16.88,3.82,4.31,7.54,5.5,6.52,3.9,4.97
20250705B07,合計（確報値）,最高約定価格（TSO別）[円/kW・30分],19.5,16.47,19.51,6.16,6.16,9.53,19.51,8.44,19.51,19.51
20250705B07,合計（確報値）,最低約定価格（TSO別）[円/kW・30分],0.51,0.81,5.57,6.16,4.31,0.36,2.67,5.01,1.95,0.36
20250705B07,合計（確報値）,平均約定価格（TSO別）[円/kW・30分],2.19,4.52,16.88,6.16,5.3,5.85,5.23,7.24,3.9,4.97
20250705B07,合計（確報値）,約定量合計（TSO別）[MW],100.8,45.069,8.537,0.447,89,192.033,185.8,45,139.43,806.116
20250705B07,合計（確報値）,（内訳）自エリアからの約定量[MW],100.8,45.069,8.537,0.447,35,68.876,185.8,45,139.43,628.959
20250705B08,システム約定結果,募集量（TSO別）[MW],98,105,601,0,92,345,194,56,235,1726
20250705B08,システム約定結果,応札量合計（電源属地別）[MW],115.89,33.069,58.168,60.241,35,68.876,171.424,79,82.419,704.087
20250705B08,システム約定結果,落札量合計（電源属地別）[MW],115.2,33.069,58.168,60.241,35,68.876,171.424,79,82.419,703.397
20250705B08,システム約定結果,応札件数（電源属地別）[件],5,3,5,5,1,3,7,3,7,39
20250705B08,システム約定結果,落札件数（電源属地別）[件],5,3,5,5,1,3,7,3,7,39
20250705B08,システム約定結果,最高落札価格（電源属地別）[円/kW・30分],19.51,16.47,19.51,4.64,2.24,9.53,19.51,5.62,19.51,19.51
20250705B08,システム約定結果,最低落札価格（電源属地別）[円/kW・30分],2.39,2.55,4.12,3.65,2.24,0.36,0.8,1.92,0.85,0.36
20250705B08,システム約定結果,平均落札価格（電源属地別）[円/kW・30分],5.64,6.37,5.07,3.97,2.24,6.79,3.15,3.63,3.73,4.37
20250705B08,システム約定結果,最高落札価格（TSO別）[円/kW・30分],19.51,16.47,19.51,0,5.62,9.53,19.51,5.62,19.51,19.51
20250705B08,システム約定結果,最低落札価格（TSO別）[円/kW・30分],2.39,16.47,2.55,0,1.92,0.36,0.8,1.92,0.85,0.36
20250705B08,システム約定結果,平均落札価格（TSO別）[円/kW・30分],5.64,16.47,4.33,0,3.35,5.51,3.15,3.08,3.73,4.37
20250705B08,システム約定結果,落札量合計（TSO別）[MW],115.2,9.069,82.168,0,61,126.117,171.424,56,82.419,703.397
20250705B08,システム約定結果,（内訳）自エリアからの落札量[MW],115.2,9.069,58.168,0,35,68.876,171.424,56,82.419,596.156
20250705B08,追加調達結果,募集量（TSO別）[MW],-,-,-,-,-,-,-,-,-,-
20250705B08,追加調達結果,応札量合計（電源属地別）[MW],0,0,0,0,0,0,0,0,0,0
20250705B08,追加調達結果,約定量合計（電源属地別）[MW],0,0,0,0,0,0,0,0,0,0
20250705B08,追加調達結果,応札件数（電源属地別）[件],0,0,0,0,0,0,0,0,0,0
20250705B08,追加調達結果,約定件数（電源属地別）[件],0,0,0,0,0,0,0,0,0,0
20250705B08,追加調達結果,最高約定価格（電源属地別）[円/kW・30分],0,0,0,0,0,0,0,0,0,0
20250705B08,追加調達結果,最低約定価格（電源属地別）[円/kW・30分],0,0,0,0,0,0,0,0,0,0
20250705B08,追加調達結果,平均約定価格（電源属地別）[円/kW・30分],0,0,0,0,0,0,0,0,0,0
20250705B08,追加調達結果,最高約定価格（TSO別）[円/kW・30分],0,0,0,0,0,0,0,0,0,0
20250705B08,追加調達結果,最低約定価格（TSO別）[円/kW・30分],0,0,0,0,0,0,0,0,0,0
20250705B08,追加調達結果,平均約定価格（TSO別）[円/kW・30分],0,0,0,0,0,0,0,0,0,0
20250705B08,追加調達結果,約定量合計（TSO別）[MW],0,0,0,0,0,0,0,0,0,0
20250705B08,追加調達結果,（内訳）自エリアからの約定量[MW],0,0,0,0,0,0,0,0,0,0
20250705B08,合計（確報値）,募集量（TSO別）[MW],98,105,601,0,92,345,194,56,235,1726
20250705B08,合計（確報値）,応札量合計（電源属地別）[MW],115.89,57.069,75.818,84.337,35,68.876,171.424,79,82.419,769.833
20250705B08,合計（確報値）,約定量合計（電源属地別）[MW],115.2,33.069,39.669,60.241,35,68.876,171.424,79,80.43,682.909
20250705B08,合計（確報値）,応札件数（電源属地別）[件],5,5,6,7,1,3,7,3,7,44
20250705B08,合計（確報値）,約定件数（電源属地別）[件],5,3,4,5,1,3,7,3,6,37
20250705B08,合計（確報値）,最高約定価格（電源属地別）[円/kW・30分],19.51,16.47,19.51,3.83,2.24,9.53,19.51,5.62,19.51,19.51
20250705B08,合計（確報値）,最低約定価格（電源属地別）[円/kW・30分],2.39,1.66,0.36,0.36,2.24,0.36,0.8,1.92,0.85,0.36
20250705B08,合計（確報値）,平均約定価格（電源属地別）[円/kW・30分],5.64,5.72,3.3,2.4,2.24,6.79,3.15,3.63,3.35,4.04
20250705B08,合計（確報値）,最高約定価格（TSO別）[円/kW・30分],19.51,16.47,19.51,0,5.62,9.53,19.51,5.62,19.51,19.51
20250705B08,合計（確報値）,最低約定価格（TSO別）[円/kW・30分],2.39,16.47,0.36,0,1.92,0.36,0.8,1.92,0.85,0.36
20250705B08,合計（確報値）,平均約定価格（TSO別）[円/kW・30分],5.64,16.47,2.68,0,3.35,4.76,3.15,3.08,3.35,4.04
20250705B08,合計（確報値）,約定量合計（TSO別）[MW],115.2,9.069,63.669,0,61,126.117,171.424,56,80.43,682.909
20250705B08,合計（確報値）,（内訳）自エリアからの約定量[MW],115.2,9.069,39.669,0,35,68.876,171.424,56,80.43,575.668
20250706B01,システム約定結果,募集量（TSO別）[MW],85,63,523,0,54,341,221,46,180,1513
20250706B01,システム約定結果,応札量合計（電源属地別）[MW],101.49,33.069,1.96,271.056,30,22.119,241.909,79,49.419,830.022
20250706B01,システム約定結果,落札量合計（電源属地別）[MW],99.5,33.069,1.96,271.056,30,22.119,241.909,79,49.419,828.032
20250706B01,システム約定結果,応札件数（電源属地別）[件],4,3,1,11,1,2,5,3,6,36
20250706B01,システム約定結果,落札件数（電源属地別）[件],3,3,1,11,1,2,5,3,6,35
20250706B01,システム約定結果,最高落札価格（電源属地別）[円/kW・30分],19.51,16.47,19.51,19.51,0.35,8.75,1.94,6.14,19.51,19.51
20250706B01,システム約定結果,最低落札価格（電源属地別）[円/kW・30分],2.46,3.02,19.51,0.45,0.35,0.36,0.36,0.66,0.36,0.35
20250706B01,システム約定結果,平均落札価格（電源属地別）[円/kW・30分],4.51,6.71,19.51,2.89,0.35,1.31,1.8,3.16,2.62,2.83
20250706B01,システム約定結果,最高落札価格（TSO別）[円/kW・30分],19.51,16.47,19.51,0,0.35,19.51,1.94,6.14,19.51,19.51
20250706B01,システム約定結果,最低落札価格（TSO別）[円/kW・30分],2.46,3.02,19.51,0,0.35,0.36,0.36,0.66,0.36,0.35
20250706B01,システム約定結果,平均落札価格（TSO別）[円/kW・30分],4.51,6.71,19.51,0,0.35,2.86,1.82,2.59,2.42,2.83
20250706B01,システム約定結果,落札量合計（TSO別）[MW],99.5,33.069,1.96,0,30,330.387,221,46,66.116,828.032
20250706B01,システム約定結果,（内訳）自エリアからの落札量[MW],99.5,33.069,1.96,0,30,22.119,221,46,49.419,503.067
20250706B01,追加調達結果,募集量（TSO別）[MW],-,-,-,-,-,-,-,-,-,-
20250706B01,追加調達結果,応札量合計（電源属地別）[MW],0,0,0,0,0,0,0,0,0,0
20250706B01,追加調達結果,約定量合計（電源属地別）[MW],0,0,0,0,0,0,0,0,0,0
20250706B01,追加調達結果,応札件数（電源属地別）[件],0,0,0,0,0,0,0,0,0,0
20250706B01,追加調達結果,約定件数（電源属地別）[件],0,0,0,0,0,0,0,0,0,0
20250706B01,追加調達結果,最高約定価格（電源属地別）[円/kW・30分],0,0,0,0,0,0,0,0,0,0
20250706B01,追加調達結果,最低約定価格（電源属地別）[円/kW・30分],0,0,0,0,0,0,0,0,0,0
20250706B01,追加調達結果,平均約定価格（電源属地別）[円/kW・30分],0,0,0,0,0,0,0,0,0,0
20250706B01,追加調達結果,最高約定価格（TSO別）[円/kW・30分],0,0,0,0,0,0,0,0,0,0
20250706B01,追加調達結果,最低約定価格（TSO別）[円/kW・30分],0,0,0,0,0,0,0,0,0,0
20250706B01,追加調達結果,平均約定価格（TSO別）[円/kW・30分],0,0,0,0,0,0,0,0,0,0
20250706B01,追加調達結果,約定量合計（TSO別）[MW],0,0,0,0,0,0,0,0,0,0
20250706B01,追加調達結果,（内訳）自エリアからの約定量[MW],0,0,0,0,0,0,0,0,0,0
20250706B01,合計（確報値）,募集量（TSO別）[MW],85,63,523,0,54,341,221,46,180,1513
20250706B01,合計（確報値）,応札量合計（電源属地別）[MW],101.49,33.069,1.96,409.528,60,22.119,241.909,79,49.419,998.494
20250706B01,合計（確報値）,約定量合計（電源属地別）[MW],99.5,33.069,1.96,271.056,30,22.119,241.909,79,47.43,826.043
20250706B01,合計（確報値）,応札件数（電源属地別）[件],4,3,1,19,2,2,5,3,6,45
20250706B01,合計（確報値）,約定件数（電源属地別）[件],3,3,1,13,1,2,5,3,5,36
20250706B01,合計（確報値）,最高約定価格（電源属地別）[円/kW・30分],19.51,16.47,19.51,19.51,0.35,8.75,1.94,6.14,19.51,19.51
20250706B01,合計（確報値）,最低約定価格（電源属地別）[円/kW・30分],2.46,3.02,19.51,0.36,0.35,0.36,0.36,0.66,0.36,0.35
20250706B01,合計（確報値）,平均約定価格（電源属地別）[円/kW・30分],4.51,6.71,19.51,1.26,0.35,1.31,1.8,3.16,1.94,2.26
20250706B01,合計（確報値）,最高約定価格（TSO別）[円/kW・30分],19.51,16.47,19.51,0,0.35,19.51,1.94,6.14,19.51,19.51
20250706B01,合計（確報値）,最低約定価格（TSO別）[円/kW・30分],2.46,3.02,19.51,0,0.35,0.36,0.36,0.66,0.36,0.35
20250706B01,合計（確報値）,平均約定価格（TSO別）[円/kW・30分],4.51,6.71,19.51,0,0.35,1.52,1.82,2.59,1.91,2.26
20250706B01,合計（確報値）,約定量合計（TSO別）[MW],99.5,33.069,1.96,0,30,330.387,221,46,64.127,826.043
20250706B01,合計（確報値）,（内訳）自エリアからの約定量[MW],99.5,33.069,1.96,0,30,22.119,221,46,47.43,501.078
20250706B02,システム約定結果,募集量（TSO別）[MW],76,83,471,0,68,340,219,47,206,1510
20250706B02,システム約定結果,応札量合計（電源属地別）[MW],118.2,33.069,39.64,177.403,35,68.876,243.709,79,176.419,971.316
20250706B02,システム約定結果,落札量合計（電源属地別）[MW],118.2,33.069,39.64,177.403,35,68.876,243.709,79,176.419,971.316
20250706B02,システム約定結果,応札件数（電源属地別）[件],4,3,4,9,1,3,6,3,8,41
20250706B02,システム約定結果,落札件数（電源属地別）[件],4,3,4,9,1,3,6,3,8,41
20250706B02,システム約定結果,最高落札価格（電源属地別）[円/kW・30分],19.51,16.47,19.51,19.51,0.57,9.53,19.51,6.21,19.51,19.51
20250706B02,システム約定結果,最低落札価格（電源属地別）[円/kW・30分],2.47,3.91,0.45,0.36,0.57,0.36,0.36,0.38,0.36,0.36
20250706B02,システム約定結果,平均落札価格（電源属地別）[円/kW・30分],6.79,7.35,1.7,4.56,0.57,6.91,1.85,3.19,1.1,3.42
20250706B02,システム約定結果,最高落札価格（TSO別）[円/kW・30分],19.51,16.47,19.51,0,0.57,19.51,1.94,6.21,19.51,19.51
20250706B02,システム約定結果,最低落札価格（TSO別）[円/kW・30分],2.47,3.91,0.45,0,0.57,0.36,0.36,0.38,0.36,0.36
20250706B02,システム約定結果,平均落札価格（TSO別）[円/kW・30分],6.79,7.35,1.7,0,0.57,5.02,1.74,2.56,1.13,3.42
20250706B02,システム約定結果,落札量合計（TSO別）[MW],118.2,33.069,39.64,0,35,292.988,219,47,186.419,971.316
20250706B02,システム約定結果,（内訳）自エリアからの落札量[MW],118.2,33.069,39.64,0,35,68.876,219,47,176.419,737.204
20250706B02,追加調達結果,募集量（TSO別）[MW],-,-,-,-,-,-,-,-,-,-
20250706B02,追加調達結果,応札量合計（電源属地別）[MW],0,0,0,0,0,0,0,0,0,0
20250706B02,追加調達結果,約定量合計（電源属地別）[MW],0,0,0,0,0,0,0,0,0,0
20250706B02,追加調達結果,応札件数（電源属地別）[件],0,0,0,0,0,0,0,0,0,0
20250706B02,追加調達結果,約定件数（電源属地別）[件],0,0,0,0,0,0,0,0,0,0
20250706B02,追加調達結果,最高約定価格（電源属地別）[円/kW・30分],0,0,0,0,0,0,0,0,0,0
20250706B02,追加調達結果,最低約定価格（電源属地別）[円/kW・30分],0,0,0,0,0,0,0,0,0,0
20250706B02,追加調達結果,平均約定価格（電源属地別）[円/kW・30分],0,0,0,0,0,0,0,0,0,0
20250706B02,追加調達結果,最高約定価格（TSO別）[円/kW・30分],0,0,0,0,0,0,0,0,0,0
20250706B02,追加調達結果,最低約定価格（TSO別）[円/kW・30分],0,0,0,0,0,0,0,0,0,0
20250706B02,追加調達結果,平均約定価格（TSO別）[円/kW・30分],0,0,0,0,0,0,0,0,0,0
20250706B02,追加調達結果,約定量合計（TSO別）[MW],0,0,0,0,0,0,0,0,0,0
20250706B02,追加調達結果,（内訳）自エリアからの約定量[MW],0,0,0,0,0,0,0,0,0,0
20250706B02,合計（確報値）,募集量（TSO別）[MW],76,83,471,0,68,340,219,47,206,1510
20250706B02,合計（確報値）,応札量合計（電源属地別）[MW],118.2,33.069,39.64,307.983,35,68.876,243.709,79,176.419,1101.896
20250706B02,合計（確報値）,約定量合計（電源属地別）[MW],118.2,33.069,39.64,177.403,35,68.876,243.709,79,174.43,969.327
20250706B02,合計（確報値）,応札件数（電源属地別）[件],4,3,4,22,1,3,6,3,8,54
20250706B02,合計（確報値）,約定件数（電源属地別）[件],4,3,4,13,1,3,6,3,7,44
20250706B02,合計（確報値）,最高約定価格（電源属地別）[円/kW・30分],19.51,16.47,19.51,19.51,0.57,9.53,19.51,6.21,19.51,19.51
20250706B02,合計（確報値）,最低約定価格（電源属地別）[円/kW・30分],2.47,3.91,0.45,0.36,0.57,0.36,0.36,0.38,0.36,0.36
20250706B02,合計（確報値）,平均約定価格（電源属地別）[円/kW・30分],6.79,7.35,1.7,1.9,0.57,6.91,1.85,3.19,0.9,2.9
20250706B02,合計（確報値）,最高約定価格（TSO別）[円/kW・30分],19.51,16.47,19.51,0,0.57,19.51,1.94,6.21,19.51,19.51
20250706B02,合計（確報値）,最低約定価格（TSO別）[円/kW・30分],2.47,3.91,0.45,0,0.57,0.36,0.36,0.38,0.36,0.36
20250706B02,合計（確報値）,平均約定価格（TSO別）[円/kW・30分],6.79,7.35,1.7,0,0.57,3.41,1.74,2.56,0.94,2.9
20250706B02,合計（確報値）,約定量合計（TSO別）[MW],118.2,33.069,39.64,0,35,292.988,219,47,184.43,969.327
20250706B02,合計（確報値）,（内訳）自エリアからの約定量[MW],118.2,33.069,39.64,0,35,68.876,219,47,174.43,735.215
20250706B03,システム約定結果,募集量（TSO別）[MW],59,151,571,0,70,388,197,44,240,1720
20250706B03,システム約定結果,応札量合計（電源属地別）[MW],101.49,12,23.108,1.92,30,68.876,243.709,79,15.419,575.522
20250706B03,システム約定結果,落札量合計（電源属地別）[MW],99.3,12,23.108,1.92,30,68.876,243.709,79,15.419,573.332
20250706B03,システム約定結果,応札件数（電源属地別）[件],4,1,5,1,1,3,6,3,5,29
20250706B03,システム約定結果,落札件数（電源属地別）[件],3,1,5,1,1,3,6,3,5,28
20250706B03,システム約定結果,最高落札価格（電源属地別）[円/kW・30分],19.5,4.68,19.5,19.51,0.35,9.53,19.51,6.15,19.51,19.51
20250706B03,システム約定結果,最低落札価格（電源属地別）[円/kW・30分],2.47,4.68,0.36,19.51,0.35,0.36,0.36,0.61,0.36,0.35
20250706B03,システム約定結果,平均落札価格（電源属地別）[円/kW・30分],4.51,4.68,3.21,19.51,0.35,6.89,0.76,3.17,7.02,2.87
20250706B03,システム約定結果,最高落札価格（TSO別）[円/kW・30分],19.5,4.68,19.5,0,1.02,19.51,1.94,6.15,19.51,19.51
20250706B03,システム約定結果,最低落札価格（TSO別）[円/kW・30分],2.47,4.68,0.36,0,0.35,0.36,0.36,0.61,0.36,0.35
20250706B03,システム約定結果,平均落札価格（TSO別）[円/kW・30分],4.51,4.68,3.47,0,0.64,5.05,0.67,3.6,6.27,2.87
20250706B03,システム約定結果,落札量合計（TSO別）[MW],99.3,7,28.108,0,55,125.505,197,44,17.419,573.332
20250706B03,システム約定結果,（内訳）自エリアからの落札量[MW],99.3,7,23.108,0,30,68.876,197,44,15.419,484.703
20250706B03,追加調達結果,募集量（TSO別）[MW],-,-,-,-,-,-,-,-,-,-
20250706B03,追加調達結果,応札量合計（電源属地別）[MW],0,0,0,0,0,0,0,0,0,0
20250706B03,追加調達結果,約定量合計（電源属地別）[MW],0,0,0,0,0,0,0,0,0,0
20250706B03,追加調達結果,応札件数（電源属地別）[件],0,0,0,0,0,0,0,0,0,0
20250706B03,追加調達結果,約定件数（電源属地別）[件],0,0,0,0,0,0,0,0,0,0
20250706B03,追加調達結果,最高約定価格（電源属地別）[円/kW・30分],0,0,0,0,0,0,0,0,0,0
20250706B03,追加調達結果,最低約定価格（電源属地別）[円/kW・30分],0,0,0,0,0,0,0,0,0,0
20250706B03,追加調達結果,平均約定価格（電源属地別）[円/kW・30分],0,0,0,0,0,0,0,0,0,0
20250706B03,追加調達結果,最高約定価格（TSO別）[円/kW・30分],0,0,0,0,0,0,0,0,0,0
20250706B03,追加調達結果,最低約定価格（TSO別）[円/kW・30分],0,0,0,0,0,0,0,0,0,0
20250706B03,追加調達結果,平均約定価格（TSO別）[円/kW・30分],0,0,0,0,0,0,0,0,0,0
20250706B03,追加調達結果,約定量合計（TSO別）[MW],0,0,0,0,0,0,0,0,0,0
20250706B03,追加調達結果,（内訳）自エリアからの約定量[MW],0,0,0,0,0,0,0,0,0,0
20250706B03,合計（確報値）,募集量（TSO別）[MW],59,151,571,0,70,388,197,44,240,1720
20250706B03,合計（確報値）,応札量合計（電源属地別）[MW],101.49,12,23.108,1.92,60,68.876,243.709,79,15.419,605.522
20250706B03,合計（確報値）,約定量合計（電源属地別）[MW],99.3,12,23.108,1.92,30,68.876,243.709,79,13.43,571.343
20250706B03,合計（確報値）,応札件数（電源属地別）[件],4,1,5,1,3,3,6,3,5,31
20250706B03,合計（確報値）,約定件数（電源属地別）[件],3,1,5,1,2,3,6,3,4,28
20250706B03,合計（確報値）,最高約定価格（電源属地別）[円/kW・30分],19.5,4.68,19.5,19.51,0.35,9.53,19.51,6.15,19.51,19.51
20250706B03,合計（確報値）,最低約定価格（電源属地別）[円/kW・30分],2.47,4.68,0.36,19.51,0.35,0.36,0.36,0.61,0.36,0.35
20250706B03,合計（確報値）,平均約定価格（電源属地別）[円/kW・30分],4.51,4.68,3.21,19.51,0.35,6.89,0.76,3.17,5.25,2.81
20250706B03,合計（確報値）,最高約定価格（TSO別）[円/kW・30分],19.5,4.68,19.5,0,1.02,19.51,1.94,6.15,19.51,19.51
20250706B03,合計（確報値）,最低約定価格（TSO別）[円/kW・30分],2.47,4.68,0.36,0,0.35,0.36,0.36,0.61,0.36,0.35
20250706B03,合計（確報値）,平均約定価格（TSO別）[円/kW・30分],4.51,4.68,3.47,0,0.64,5.05,0.67,3.6,4.62,2.81
20250706B03,合計（確報値）,約定量合計（TSO別）[MW],99.3,7,28.108,0,55,125.505,197,44,15.43,571.343
20250706B03,合計（確報値）,（内訳）自エリアからの約定量[MW],99.3,7,23.108,0,30,68.876,197,44,13.43,482.714
20250706B04,システム約定結果,募集量（TSO別）[MW],103,197,628,25,97,421,209,66,259,2005
20250706B04,システム約定結果,応札量合計（電源属地別）[MW],104.79,33.069,21.153,1.92,30,68.876,243.709,105,25.343,633.86
20250706B04,システム約定結果,落札量合計（電源属地別）[MW],104.1,33.069,21.153,1.92,30,68.876,243.709,90.742,25.343,618.912
20250706B04,システム約定結果,応札件数（電源属地別）[件],5,3,7,1,1,3,6,4,7,37
20250706B04,システム約定結果,落札件数（電源属地別）[件],5,3,7,1,1,3,6,4,7,37
20250706B04,システム約定結果,最高落札価格（電源属地別）[円/kW・30分],19.51,16.47,19.51,19.51,0.35,9.82,19.51,6.26,19.51,19.51
20250706B04,システム約定結果,最低落札価格（電源属地別）[円/kW・30分],0.43,5.07,0.42,19.51,0.35,0.36,0.36,0.67,0.36,0.35
20250706B04,システム約定結果,平均落札価格（電源属地別）[円/kW・30分],9.57,8.2,7.06,19.51,0.35,6.93,0.71,2.27,10.17,4.17
20250706B04,システム約定結果,最高落札価格（TSO別）[円/kW・30分],19.51,16.47,19.51,19.51,0.35,9.82,19.51,6.26,19.51,19.51
20250706B04,システム約定結果,最低落札価格（TSO別）[円/kW・30分],0.43,5.07,0.42,19.51,0.35,0.36,0.36,0.67,0.36,0.35
20250706B04,システム約定結果,平均落札価格（TSO別）[円/kW・30分],9.57,8.2,7.06,19.51,0.35,2.64,0.71,2.33,10.17,4.17
20250706B04,システム約定結果,落札量合計（TSO別）[MW],104.1,33.069,21.153,1.92,30,239.527,97.8,66,25.343,618.912
20250706B04,システム約定結果,（内訳）自エリアからの落札量[MW],104.1,33.069,21.153,1.92,30,68.876,97.8,66,25.343,448.261
20250706B04,追加調達結果,募集量（TSO別）[MW],-,-,-,-,-,-,-,-,-,-
20250706B04,追加調達結果,応札量合計（電源属地別）[MW],0,0,0,0,0,0,0,0,0,0
20250706B04,追加調達結果,約定量合計（電源属地別）[MW],0,0,0,0,0,0,0,0,0,0
20250706B04,追加調達結果,応札件数（電源属地別）[件],0,0,0,0,0,0,0,0,0,0
20250706B04,追加調達結果,約定件数（電源属地別）[件],0,0,0,0,0,0,0,0,0,0
20250706B04,追加調達結果,最高約定価格（電源属地別）[円/kW・30分],0,0,0,0,0,0,0,0,0,0
20250706B04,追加調達結果,最低約定価格（電源属地別）[円/kW・30分],0,0,0,0,0,0,0,0,0,0
20250706B04,追加調達結果,平均約定価格（電源属地別）[円/kW・30分],0,0,0,0,0,0,0,0,0,0
20250706B04,追加調達結果,最高約定価格（TSO別）[円/kW・30分],0,0,0,0,0,0,0,0,0,0
20250706B04,追加調達結果,最低約定価格（TSO別）[円/kW・30分],0,0,0,0,0,0,0,0,0,0
20250706B04,追加調達結果,平均約定価格（TSO別）[円/kW・30分],0,0,0,0,0,0,0,0,0,0
20250706B04,追加調達結果,約定量合計（TSO別）[MW],0,0,0,0,0,0,0,0,0,0
20250706B04,追加調達結果,（内訳）自エリアからの約定量[MW],0,0,0,0,0,0,0,0,0,0
20250706B04,合計（確報値）,募集量（TSO別）[MW],103,197,628,25,97,421,209,66,259,2005
20250706B04,合計（確報値）,応札量合計（電源属地別）[MW],104.79,33.069,21.153,1.92,60,68.876,243.709,105,40.343,678.86
20250706B04,合計（確報値）,約定量合計（電源属地別）[MW],104.1,33.069,21.153,1.92,30,68.876,243.709,90.742,23.354,616.923
20250706B04,合計（確報値）,応札件数（電源属地別）[件],5,3,7,1,2,3,6,4,9,40
20250706B04,合計（確報値）,約定件数（電源属地別）[件],5,3,7,1,1,3,6,4,6,36
20250706B04,合計（確報値）,最高約定価格（電源属地別）[円/kW・30分],19.51,16.47,19.51,19.51,0.35,9.82,19.51,6.26,19.51,19.51
20250706B04,合計（確報値）,最低約定価格（電源属地別）[円/kW・30分],0.43,5.07,0.42,19.51,0.35,0.36,0.36,0.67,0.36,0.35
20250706B04,合計（確報値）,平均約定価格（電源属地別）[円/kW・30分],9.57,8.2,7.06,19.51,0.35,6.93,0.71,2.27,7.28,4.04
20250706B04,合計（確報値）,最高約定価格（TSO別）[円/kW・30分],19.51,16.47,19.51,19.51,0.35,9.82,19.51,6.26,19.51,19.51
20250706B04,合計（確報値）,最低約定価格（TSO別）[円/kW・30分],0.43,5.07,0.42,19.51,0.35,0.36,0.36,0.67,0.36,0.35
20250706B04,合計（確報値）,平均約定価格（TSO別）[円/kW・30分],9.57,8.2,7.06,19.51,0.35,2.64,0.71,2.33,7.28,4.04
20250706B04,合計（確報値）,約定量合計（TSO別）[MW],104.1,33.069,21.153,1.92,30,239.527,97.8,66,23.354,616.923
20250706B04,合計（確報値）,（内訳）自エリアからの約定量[MW],104.1,33.069,21.153,1.92,30,68.876,97.8,66,23.354,446.272
20250706B05,システム約定結果,募集量（TSO別）[MW],97,191,628,17,96,382,185,77,262,1935
20250706B05,システム約定結果,応札量合計（電源属地別）[MW],104.79,33.069,8.537,1.92,30,68.876,243.709,110,23.893,624.794
20250706B05,システム約定結果,落札量合計（電源属地別）[MW],102.8,33.069,8.537,1.92,30,68.876,243.709,106.032,23.893,618.836
20250706B05,システム約定結果,応札件数（電源属地別）[件],5,3,6,1,1,3,6,4,6,35
20250706B05,システム約定結果,落札件数（電源属地別）[件],4,3,6,1,1,3,6,4,6,34
20250706B05,システム約定結果,最高落札価格（電源属地別）[円/kW・30分],19.51,16.47,19.51,19.51,0.35,9.53,19.51,6.07,19.51,19.51
20250706B05,システム約定結果,最低落札価格（電源属地別）[円/kW・30分],0.36,4.39,5.57,19.51,0.35,0.36,0.36,0.67,0.36,0.35
20250706B05,システム約定結果,平均落札価格（電源属地別）[円/kW・30分],10.97,7.7,16.88,19.51,0.35,6.87,0.85,2.31,9.94,4.42
20250706B05,システム約定結果,最高落札価格（TSO別）[円/kW・30分],19.51,16.47,19.51,19.51,0.51,9.53,19.51,6.07,19.51,19.51
20250706B05,システム約定結果,最低落札価格（TSO別）[円/kW・30分],0.36,4.39,5.57,19.51,0.35,0.36,0.36,0.67,0.36,0.35
20250706B05,システム約定結果,平均落札価格（TSO別）[円/kW・30分],10.97,7.7,16.88,19.51,0.45,3.35,1.14,1.87,9.94,4.42
20250706B05,システム約定結果,落札量合計（TSO別）[MW],102.8,33.069,8.537,1.92,83,192.033,96.584,77,23.893,618.836
20250706B05,システム約定結果,（内訳）自エリアからの落札量[MW],102.8,33.069,8.537,1.92,30,68.876,96.584,77,23.893,442.679
20250706B05,追加調達結果,募集量（TSO別）[MW],-,-,-,-,-,-,-,-,-,-
20250706B05,追加調達結果,応札量合計（電源属地別）[MW],0,0,0,0,0,0,0,0,0,0
20250706B05,追加調達結果,約定量合計（電源属地別）[MW],0,0,0,0,0,0,0,0,0,0
20250706B05,追加調達結果,応札件数（電源属地別）[件],0,0,0,0,0,0,0,0,0,0
20250706B05,追加調達結果,約定件数（電源属地別）[件],0,0,0,0,0,0,0,0,0,0
20250706B05,追加調達結果,最高約定価格（電源属地別）[円/kW・30分],0,0,0,0,0,0,0,0,0,0
20250706B05,追加調達結果,最低約定価格（電源属地別）[円/kW・30分],0,0,0,0,0,0,0,0,0,0
20250706B05,追加調達結果,平均約定価格（電源属地別）[円/kW・30分],0,0,0,0,0,0,0,0,0,0
20250706B05,追加調達結果,最高約定価格（TSO別）[円/kW・30分],0,0,0,0,0,0,0,0,0,0
20250706B05,追加調達結果,最低約定価格（TSO別）[円/kW・30分],0,0,0,0,0,0,0,0,0,0
20250706B05,追加調達結果,平均約定価格（TSO別）[円/kW・30分],0,0,0,0,0,0,0,0,0,0
20250706B05,追加調達結果,約定量合計（TSO別）[MW],0,0,0,0,0,0,0,0,0,0
20250706B05,追加調達結果,（内訳）自エリアからの約定量[MW],0,0,0,0,0,0,0,0,0,0
20250706B05,合計（確報値）,募集量（TSO別）[MW],97,191,628,17,96,382,185,77,262,1935
20250706B05,合計（確報値）,応札量合計（電源属地別）[MW],104.79,33.069,8.537,1.92,60,68.876,243.709,110,38.893,669.794
20250706B05,合計（確報値）,約定量合計（電源属地別）[MW],102.8,33.069,8.537,1.92,30,68.876,243.709,106.032,21.904,616.847
20250706B05,合計（確報値）,応札件数（電源属地別）[件],5,3,6,1,2,3,6,4,8,38
20250706B05,合計（確報値）,約定件数（電源属地別）[件],4,3,6,1,1,3,6,4,5,33
20250706B05,合計（確報値）,最高約定価格（電源属地別）[円/kW・30分],19.51,16.47,19.51,19.51,0.35,9.53,19.51,6.07,19.51,19.51
20250706B05,合計（確報値）,最低約定価格（電源属地別）[円/kW・30分],0.36,4.39,5.57,19.51,0.35,0.36,0.36,0.67,0.36,0.35
20250706B05,合計（確報値）,平均約定価格（電源属地別）[円/kW・30分],10.97,7.7,16.88,19.51,0.35,6.87,0.85,2.31,6.66,4.29
20250706B05,合計（確報値）,最高約定価格（TSO別）[円/kW・30分],19.51,16.47,19.51,19.51,0.51,9.53,19.51,6.07,19.51,19.51
20250706B05,合計（確報値）,最低約定価格（TSO別）[円/kW・30分],0.36,4.39,5.57,19.51,0.35,0.36,0.36,0.67,0.36,0.35
20250706B05,合計（確報値）,平均約定価格（TSO別）[円/kW・30分],10.97,7.7,16.88,19.51,0.45,3.35,1.14,1.87,6.66,4.29
20250706B05,合計（確報値）,約定量合計（TSO別）[MW],102.8,33.069,8.537,1.92,83,192.033,96.584,77,21.904,616.847
20250706B05,合計（確報値）,（内訳）自エリアからの約定量[MW],102.8,33.069,8.537,1.92,30,68.876,96.584,77,21.904,440.69
20250706B06,システム約定結果,募集量（TSO別）[MW],92,191,632,82,103,382,248,64,259,2053
20250706B06,システム約定結果,応札量合計（電源属地別）[MW],147.8,45.069,11.537,1.92,35,68.876,243.709,79,19.257,652.168
20250706B06,システム約定結果,落札量合計（電源属地別）[MW],147.8,45.069,11.537,1.92,35,68.876,243.709,79,19.257,652.168
20250706B06,システム約定結果,応札件数（電源属地別）[件],4,4,9,1,1,3,6,3,7,38
20250706B06,システム約定結果,落札件数（電源属地別）[件],4,4,9,1,1,3,6,3,7,38
20250706B06,システム約定結果,最高落札価格（電源属地別）[円/kW・30分],19.51,16.47,19.51,19.51,2.17,9.53,19.51,5.89,19.51,19.51
20250706B06,システム約定結果,最低落札価格（電源属地別）[円/kW・30分],2.3,3.72,5.57,19.51,2.17,1.05,0.67,1.68,0.58,0.58
20250706B06,システム約定結果,平均落札価格（電源属地別）[円/kW・30分],8.77,6.32,17.56,19.51,2.17,7,2.9,3.5,9.67,5.44
20250706B06,システム約定結果,最高落札価格（TSO別）[円/kW・30分],19.51,16.47,19.51,19.51,2.17,9.53,19.51,5.89,19.51,19.51
20250706B06,システム約定結果,最低落札価格（TSO別）[円/kW・30分],2.3,3.72,5.57,19.51,2.17,1.05,0.67,1.68,0.58,0.58
20250706B06,システム約定結果,平均落札価格（TSO別）[円/kW・30分],8.77,6.32,17.56,19.51,2.17,6.31,2.89,2.88,9.67,5.44
20250706B06,システム約定結果,落札量合計（TSO別）[MW],147.8,45.069,11.537,1.92,35,97.031,241.554,53,19.257,652.168
20250706B06,システム約定結果,（内訳）自エリアからの落札量[MW],147.8,45.069,11.537,1.92,35,68.876,241.554,53,19.257,624.013
20250706B06,追加調達結果,募集量（TSO別）[MW],-,-,-,-,-,-,-,-,-,-
20250706B06,追加調達結果,応札量合計（電源属地別）[MW],0,0,0,0,0,0,0,0,0,0
20250706B06,追加調達結果,約定量合計（電源属地別）[MW],0,0,0,0,0,0,0,0,0,0
20250706B06,追加調達結果,応札件数（電源属地別）[件],0,0,0,0,0,0,0,0,0,0
20250706B06,追加調達結果,約定件数（電源属地別）[件],0,0,0,0,0,0,0,0,0,0
20250706B06,追加調達結果,最高約定価格（電源属地別）[円/kW・30分],0,0,0,0,0,0,0,0,0,0
20250706B06,追加調達結果,最低約定価格（電源属地別）[円/kW・30分],0,0,0,0,0,0,0,0,0,0
20250706B06,追加調達結果,平均約定価格（電源属地別）[円/kW・30分],0,0,0,0,0,0,0,0,0,0
20250706B06,追加調達結果,最高約定価格（TSO別）[円/kW・30分],0,0,0,0,0,0,0,0,0,0
20250706B06,追加調達結果,最低約定価格（TSO別）[円/kW・30分],0,0,0,0,0,0,0,0,0,0
20250706B06,追加調達結果,平均約定価格（TSO別）[円/kW・30分],0,0,0,0,0,0,0,0,0,0
20250706B06,追加調達結果,約定量合計（TSO別）[MW],0,0,0,0,0,0,0,0,0,0
20250706B06,追加調達結果,（内訳）自エリアからの約定量[MW],0,0,0,0,0,0,0,0,0,0
20250706B06,合計（確報値）,募集量（TSO別）[MW],92,191,632,82,103,382,248,64,259,2053
20250706B06,合計（確報値）,応札量合計（電源属地別）[MW],147.8,69.069,11.537,1.92,35,68.876,243.709,79,19.257,676.168
20250706B06,合計（確報値）,約定量合計（電源属地別）[MW],147.8,45.069,11.537,1.92,35,68.876,243.709,79,17.268,650.179
20250706B06,合計（確報値）,応札件数（電源属地別）[件],4,6,9,1,1,3,6,3,7,40
20250706B06,合計（確報値）,約定件数（電源属地別）[件],4,4,9,1,1,3,6,3,6,37
20250706B06,合計（確報値）,最高約定価格（電源属地別）[円/kW・30分],19.51,16.47,19.51,19.51,2.17,9.53,19.51,5.89,19.51,19.51
20250706B06,合計（確報値）,最低約定価格（電源属地別）[円/kW・30分],2.3,3.12,5.57,19.51,2.17,1.05,0.67,1.68,0.58,0.58
20250706B06,合計（確報値）,平均約定価格（電源属地別）[円/kW・30分],8.77,6.16,17.56,19.51,2.17,7,2.9,3.5,8.6,5.39
20250706B06,合計（確報値）,最高約定価格（TSO別）[円/kW・30分],19.51,16.47,19.51,19.51,2.17,9.53,19.51,5.89,19.51,19.51
20250706B06,合計（確報値）,最低約定価格（TSO別）[円/kW・30分],2.3,3.12,5.57,19.51,2.17,1.05,0.67,1.68,0.58,0.58
20250706B06,合計（確報値）,平均約定価格（TSO別）[円/kW・30分],8.77,6.16,17.56,19.51,2.17,6.31,2.89,2.88,8.6,5.39
20250706B06,合計（確報値）,約定量合計（TSO別）[MW],147.8,45.069,11.537,1.92,35,97.031,241.554,53,17.268,650.179
20250706B06,合計（確報値）,（内訳）自エリアからの約定量[MW],147.8,45.069,11.537,1.92,35,68.876,241.554,53,17.268,622.024
20250706B07,システム約定結果,募集量（TSO別）[MW],91,161,629,50,102,371,244,52,242,1942
20250706B07,システム約定結果,応札量合計（電源属地別）[MW],149.79,45.069,30.684,62.161,35,68.876,269.163,79,176.419,916.162
20250706B07,システム約定結果,落札量合計（電源属地別）[MW],100.8,45.069,30.684,62.161,35,68.876,269.163,79,176.419,867.172
20250706B07,システム約定結果,応札件数（電源属地別）[件],5,4,7,6,1,3,8,3,8,45
20250706B07,システム約定結果,落札件数（電源属地別）[件],4,4,7,6,1,3,8,3,8,44
20250706B07,システム約定結果,最高落札価格（電源属地別）[円/kW・30分],19.5,16.47,19.51,19.51,4.34,9.53,19.51,7.33,19.51,19.51
20250706B07,システム約定結果,最低落札価格（電源属地別）[円/kW・30分],0.36,1.77,1.62,5.2,4.34,2.58,2.36,3.9,1.95,0.36
20250706B07,システム約定結果,平均落札価格（電源属地別）[円/kW・30分],1.25,4.74,5.86,5.74,4.34,7.46,5.2,6,3.84,4.72
20250706B07,システム約定結果,最高落札価格（TSO別）[円/kW・30分],19.5,16.47,19.51,5.4,4.34,19.51,19.51,7.33,19.51,19.51
20250706B07,システム約定結果,最低落札価格（TSO別）[円/kW・30分],0.36,1.77,1.62,5.2,4.34,2.5,2.36,3.9,1.95,0.36
20250706B07,システム約定結果,平均落札価格（TSO別）[円/kW・30分],1.25,4.74,5.86,5.3,4.34,6.47,5,5.91,3.84,4.72
20250706B07,システム約定結果,落札量合計（TSO別）[MW],100.8,45.069,30.684,50,35,198.4,185.8,45,176.419,867.172
20250706B07,システム約定結果,（内訳）自エリアからの落札量[MW],100.8,45.069,30.684,50,35,68.876,185.8,45,176.419,737.648
20250706B07,追加調達結果,募集量（TSO別）[MW],-,-,-,-,-,-,-,-,-,-
20250706B07,追加調達結果,応札量合計（電源属地別）[MW],0,0,0,0,0,0,0,0,0,0
20250706B07,追加調達結果,約定量合計（電源属地別）[MW],0,0,0,0,0,0,0,0,0,0
20250706B07,追加調達結果,応札件数（電源属地別）[件],0,0,0,0,0,0,0,0,0,0
20250706B07,追加調達結果,約定件数（電源属地別）[件],0,0,0,0,0,0,0,0,0,0
20250706B07,追加調達結果,最高約定価格（電源属地別）[円/kW・30分],0,0,0,0,0,0,0,0,0,0
20250706B07,追加調達結果,最低約定価格（電源属地別）[円/kW・30分],0,0,0,0,0,0,0,0,0,0
20250706B07,追加調達結果,平均約定価格（電源属地別）[円/kW・30分],0,0,0,0,0,0,0,0,0,0
20250706B07,追加調達結果,最高約定価格（TSO別）[円/kW・30分],0,0,0,0,0,0,0,0,0,0
20250706B07,追加調達結果,最低約定価格（TSO別）[円/kW・30分],0,0,0,0,0,0,0,0,0,0
20250706B07,追加調達結果,平均約定価格（TSO別）[円/kW・30分],0,0,0,0,0,0,0,0,0,0
20250706B07,追加調達結果,約定量合計（TSO別）[MW],0,0,0,0,0,0,0,0,0,0
20250706B07,追加調達結果,（内訳）自エリアからの約定量[MW],0,0,0,0,0,0,0,0,0,0
20250706B07,合計（確報値）,募集量（TSO別）[MW],91,161,629,50,102,371,244,52,242,1942
20250706B07,合計（確報値）,応札量合計（電源属地別）[MW],149.79,45.069,30.684,98.306,35,68.876,269.163,79,176.419,952.307
20250706B07,合計（確報値）,約定量合計（電源属地別）[MW],100.8,45.069,30.684,62.161,35,68.876,269.163,79,174.43,865.183
20250706B07,合計（確報値）,応札件数（電源属地別）[件],5,4,7,10,1,3,8,3,8,49
20250706B07,合計（確報値）,約定件数（電源属地別）[件],4,4,7,7,1,3,8,3,7,44
20250706B07,合計（確報値）,最高約定価格（電源属地別）[円/kW・30分],19.5,16.47,19.51,19.51,4.34,9.53,19.51,7.33,19.51,19.51
20250706B07,合計（確報値）,最低約定価格（電源属地別）[円/kW・30分],0.36,1.77,1.62,0.36,4.34,2.58,2.36,3.9,1.95,0.36
20250706B07,合計（確報値）,平均約定価格（電源属地別）[円/kW・30分],1.25,4.74,5.86,2.9,4.34,7.46,5.2,6,3.67,4.48
20250706B07,合計（確報値）,最高約定価格（TSO別）[円/kW・30分],19.5,16.47,19.51,5.4,4.34,19.51,19.51,7.33,19.51,19.51
20250706B07,合計（確報値）,最低約定価格（TSO別）[円/kW・30分],0.36,1.77,1.62,0.36,4.34,0.36,2.36,3.9,1.95,0.36
20250706B07,合計（確報値）,平均約定価格（TSO別）[円/kW・30分],1.25,4.74,5.86,2.34,4.34,6.33,5,5.91,3.67,4.48
20250706B07,合計（確報値）,約定量合計（TSO別）[MW],100.8,45.069,30.684,50,35,198.4,185.8,45,174.43,865.183
20250706B07,合計（確報値）,（内訳）自エリアからの約定量[MW],100.8,45.069,30.684,50,35,68.876,185.8,45,174.43,735.659
20250706B08,システム約定結果,募集量（TSO別）[MW],98,105,601,0,92,345,194,56,235,1726
20250706B08,システム約定結果,応札量合計（電源属地別）[MW],116.69,33.069,30.102,60.241,35,68.876,269.163,79,82.419,774.56
20250706B08,システム約定結果,落札量合計（電源属地別）[MW],116,33.069,30.102,60.241,35,68.876,269.163,79,82.419,773.87
20250706B08,システム約定結果,応札件数（電源属地別）[件],5,3,4,5,1,3,8,3,7,39
20250706B08,システム約定結果,落札件数（電源属地別）[件],5,3,4,5,1,3,8,3,7,39
20250706B08,システム約定結果,最高落札価格（電源属地別）[円/kW・30分],19.51,16.47,19.51,3.77,2.63,9.53,19.51,5.71,19.51,19.51
20250706B08,システム約定結果,最低落札価格（電源属地別）[円/kW・30分],2.26,3.12,2.66,3.45,2.63,0.39,0.84,1.52,0.85,0.39
20250706B08,システム約定結果,平均落札価格（電源属地別）[円/kW・30分],5.78,6.78,4.39,3.56,2.63,6.78,3.47,3.45,3.73,4.28
20250706B08,システム約定結果,最高落札価格（TSO別）[円/kW・30分],19.51,16.47,19.51,0,3.94,19.51,4.05,5.71,19.51,19.51
20250706B08,システム約定結果,最低落札価格（TSO別）[円/kW・30分],2.26,16.47,2.66,0,0.94,0.39,0.84,1.52,0.85,0.39
20250706B08,システム約定結果,平均落札価格（TSO別）[円/kW・30分],5.78,16.47,3.83,0,2.84,5.31,3.18,2.82,3.8,4.28
20250706B08,システム約定結果,落札量合計（TSO別）[MW],116,9.069,54.102,0,61,172.276,194,56,111.423,773.87
20250706B08,システム約定結果,（内訳）自エリアからの落札量[MW],116,9.069,30.102,0,35,68.876,194,56,82.419,591.466
20250706B08,追加調達結果,募集量（TSO別）[MW],-,-,-,-,-,-,-,-,-,-
20250706B08,追加調達結果,応札量合計（電源属地別）[MW],0,0,0,0,0,0,0,0,0,0
20250706B08,追加調達結果,約定量合計（電源属地別）[MW],0,0,0,0,0,0,0,0,0,0
20250706B08,追加調達結果,応札件数（電源属地別）[件],0,0,0,0,0,0,0,0,0,0
20250706B08,追加調達結果,約定件数（電源属地別）[件],0,0,0,0,0,0,0,0,0,0
20250706B08,追加調達結果,最高約定価格（電源属地別）[円/kW・30分],0,0,0,0,0,0,0,0,0,0
20250706B08,追加調達結果,最低約定価格（電源属地別）[円/kW・30分],0,0,0,0,0,0,0,0,0,0
20250706B08,追加調達結果,平均約定価格（電源属地別）[円/kW・30分],0,0,0,0,0,0,0,0,0,0
20250706B08,追加調達結果,最高約定価格（TSO別）[円/kW・30分],0,0,0,0,0,0,0,0,0,0
20250706B08,追加調達結果,最低約定価格（TSO別）[円/kW・30分],0,0,0,0,0,0,0,0,0,0
20250706B08,追加調達結果,平均約定価格（TSO別）[円/kW・30分],0,0,0,0,0,0,0,0,0,0
20250706B08,追加調達結果,約定量合計（TSO別）[MW],0,0,0,0,0,0,0,0,0,0
20250706B08,追加調達結果,（内訳）自エリアからの約定量[MW],0,0,0,0,0,0,0,0,0,0
20250706B08,合計（確報値）,募集量（TSO別）[MW],98,105,601,0,92,345,194,56,235,1726
20250706B08,合計（確報値）,応札量合計（電源属地別）[MW],116.69,57.069,30.102,96.386,35,68.876,269.163,79,82.419,834.705
20250706B08,合計（確報値）,約定量合計（電源属地別）[MW],116,33.069,30.102,60.241,35,68.876,269.163,79,80.43,771.881
20250706B08,合計（確報値）,応札件数（電源属地別）[件],5,5,4,8,1,3,8,3,7,44
20250706B08,合計（確報値）,約定件数（電源属地別）[件],5,3,4,5,1,3,8,3,6,38
20250706B08,合計（確報値）,最高約定価格（電源属地別）[円/kW・30分],19.51,16.47,19.51,3.77,2.63,9.53,19.51,5.71,19.51,19.51
20250706B08,合計（確報値）,最低約定価格（電源属地別）[円/kW・30分],2.26,3.11,2.66,0.36,2.63,0.39,0.84,1.52,0.85,0.36
20250706B08,合計（確報値）,平均約定価格（電源属地別）[円/kW・30分],5.78,6.77,4.39,1.68,2.63,6.78,3.47,3.45,3.35,4.1
20250706B08,合計（確報値）,最高約定価格（TSO別）[円/kW・30分],19.51,16.47,19.51,0,3.94,19.51,4.05,5.71,19.51,19.51
20250706B08,合計（確報値）,最低約定価格（TSO別）[円/kW・30分],2.26,16.47,2.66,0,0.36,0.36,0.84,1.52,0.85,0.36
20250706B08,合計（確報値）,平均約定価格（TSO別）[円/kW・30分],5.78,16.47,3.82,0,2.23,4.87,3.18,2.82,3.53,4.1
20250706B08,合計（確報値）,約定量合計（TSO別）[MW],116,9.069,54.102,0,61,172.276,194,56,109.434,771.881
20250706B08,合計（確報値）,（内訳）自エリアからの約定量[MW],116,9.069,30.102,0,35,68.876,194,56,80.43,589.477
20250707B01,システム約定結果,募集量（TSO別）[MW],85,63,523,0,54,341,221,46,180,1513
20250707B01,システム約定結果,応札量合計（電源属地別）[MW],101.49,33.069,33.659,1.92,35,22.119,241.909,79,84.308,632.474
20250707B01,システム約定結果,落札量合計（電源属地別）[MW],99.5,33.069,33.659,1.92,35,22.119,241.909,79,84.308,630.484
20250707B01,システム約定結果,応札件数（電源属地別）[件],4,3,3,1,1,2,5,3,8,30
20250707B01,システム約定結果,落札件数（電源属地別）[件],3,3,3,1,1,2,5,3,8,29
20250707B01,システム約定結果,最高落札価格（電源属地別）[円/kW・30分],19.51,16.47,19.51,19.51,1.1,7.86,1.94,6.04,19.51,19.51
20250707B01,システム約定結果,最低落札価格（電源属地別）[円/kW・30分],2.43,2.94,1.7,19.51,1.1,0.36,0.36,1.05,0.36,0.36
20250707B01,システム約定結果,平均落札価格（電源属地別）[円/kW・30分],4.43,6.65,2.75,19.51,1.1,1.21,1.8,3.65,2.69,2.87
20250707B01,システム約定結果,最高落札価格（TSO別）[円/kW・30分],19.51,16.47,19.51,0,1.1,19.51,1.94,6.04,19.51,19.51
20250707B01,システム約定結果,最低落札価格（TSO別）[円/kW・30分],2.43,16.47,1.7,0,1.1,0.36,0.36,1.05,0.36,0.36
20250707B01,システム約定結果,平均落札価格（TSO別）[円/kW・30分],4.43,16.47,2.83,0,1.1,3.11,1.82,3.13,2.69,2.87
20250707B01,システム約定結果,落札量合計（TSO別）[MW],99.5,9.069,57.659,0,35,77.948,221,46,84.308,630.484
20250707B01,システム約定結果,（内訳）自エリアからの落札量[MW],99.5,9.069,33.659,0,35,22.119,221,46,84.308,550.655
20250707B01,追加調達結果,募集量（TSO別）[MW],-,-,-,-,-,-,-,-,-,-
20250707B01,追加調達結果,応札量合計（電源属地別）[MW],0,0,0,0,0,0,0,0,0,0
20250707B01,追加調達結果,約定量合計（電源属地別）[MW],0,0,0,0,0,0,0,0,0,0
20250707B01,追加調達結果,応札件数（電源属地別）[件],0,0,0,0,0,0,0,0,0,0
20250707B01,追加調達結果,約定件数（電源属地別）[件],0,0,0,0,0,0,0,0,0,0
20250707B01,追加調達結果,最高約定価格（電源属地別）[円/kW・30分],0,0,0,0,0,0,0,0,0,0
20250707B01,追加調達結果,最低約定価格（電源属地別）[円/kW・30分],0,0,0,0,0,0,0,0,0,0
20250707B01,追加調達結果,平均約定価格（電源属地別）[円/kW・30分],0,0,0,0,0,0,0,0,0,0
20250707B01,追加調達結果,最高約定価格（TSO別）[円/kW・30分],0,0,0,0,0,0,0,0,0,0
20250707B01,追加調達結果,最低約定価格（TSO別）[円/kW・30分],0,0,0,0,0,0,0,0,0,0
20250707B01,追加調達結果,平均約定価格（TSO別）[円/kW・30分],0,0,0,0,0,0,0,0,0,0
20250707B01,追加調達結果,約定量合計（TSO別）[MW],0,0,0,0,0,0,0,0,0,0
20250707B01,追加調達結果,（内訳）自エリアからの約定量[MW],0,0,0,0,0,0,0,0,0,0
20250707B01,合計（確報値）,募集量（TSO別）[MW],85,63,523,0,54,341,221,46,180,1513
20250707B01,合計（確報値）,応札量合計（電源属地別）[MW],101.49,33.069,33.659,1.92,35,22.119,241.909,79,84.308,632.474
20250707B01,合計（確報値）,約定量合計（電源属地別）[MW],99.5,33.069,33.659,1.92,35,22.119,241.909,79,80.43,626.606
20250707B01,合計（確報値）,応札件数（電源属地別）[件],4,3,3,1,1,2,5,3,8,30
20250707B01,合計（確報値）,約定件数（電源属地別）[件],3,3,3,1,1,2,5,3,6,27
20250707B01,合計（確報値）,最高約定価格（電源属地別）[円/kW・30分],19.51,16.47,19.51,19.51,1.1,7.86,1.94,6.04,19.51,19.51
20250707B01,合計（確報値）,最低約定価格（電源属地別）[円/kW・30分],2.43,2.94,1.7,19.51,1.1,0.36,0.36,1.05,0.36,0.36
20250707B01,合計（確報値）,平均約定価格（電源属地別）[円/kW・30分],4.43,6.65,2.75,19.51,1.1,1.21,1.8,3.65,1.89,2.76
20250707B01,合計（確報値）,最高約定価格（TSO別）[円/kW・30分],19.51,16.47,19.51,0,1.1,19.51,1.94,6.04,19.51,19.51
20250707B01,合計（確報値）,最低約定価格（TSO別）[円/kW・30分],2.43,16.47,1.7,0,1.1,0.36,0.36,1.05,0.36,0.36
20250707B01,合計（確報値）,平均約定価格（TSO別）[円/kW・30分],4.43,16.47,2.83,0,1.1,3.11,1.82,3.13,1.89,2.76
20250707B01,合計（確報値）,約定量合計（TSO別）[MW],99.5,9.069,57.659,0,35,77.948,221,46,80.43,626.606
20250707B01,合計（確報値）,（内訳）自エリアからの約定量[MW],99.5,9.069,33.659,0,35,22.119,221,46,80.43,546.777
20250707B02,システム約定結果,募集量（TSO別）[MW],76,83,471,0,68,340,219,47,206,1510
20250707B02,システム約定結果,応札量合計（電源属地別）[MW],118.2,33.069,44.609,158.424,35,68.876,243.709,79,178.308,959.195
20250707B02,システム約定結果,落札量合計（電源属地別）[MW],118.2,33.069,44.609,158.424,35,68.876,243.709,79,178.308,959.195
20250707B02,システム約定結果,応札件数（電源属地別）[件],4,3,5,9,1,3,6,3,9,43
20250707B02,システム約定結果,落札件数（電源属地別）[件],4,3,5,9,1,3,6,3,9,43
20250707B02,システム約定結果,最高落札価格（電源属地別）[円/kW・30分],19.51,16.47,19.51,19.51,0.96,9.53,19.51,6.08,19.51,19.51
20250707B02,システム約定結果,最低落札価格（電源属地別）[円/kW・30分],2.4,2.7,1.84,0.68,0.96,0.36,0.36,0.89,0.36,0.36
20250707B02,システム約定結果,平均落札価格（電源属地別）[円/kW・30分],6.48,6.48,2.8,9.35,0.96,6.87,2.03,3.66,1.47,4.32
20250707B02,システム約定結果,最高落札価格（TSO別）[円/kW・30分],19.51,16.47,19.51,0,0.96,19.51,2.06,6.08,19.51,19.51
20250707B02,システム約定結果,最低落札価格（TSO別）[円/kW・30分],2.4,2.7,1.84,0,0.96,0.36,0.36,0.89,0.36,0.36
20250707B02,システム約定結果,平均落札価格（TSO別）[円/kW・30分],6.48,6.48,2.8,0,0.96,8.17,1.88,3.1,1.54,4.32
20250707B02,システム約定結果,落札量合計（TSO別）[MW],118.2,33.069,44.609,0,35,261.1,219,47,201.217,959.195
20250707B02,システム約定結果,（内訳）自エリアからの落札量[MW],118.2,33.069,44.609,0,35,68.876,219,47,178.308,744.062
20250707B02,追加調達結果,募集量（TSO別）[MW],-,-,-,-,-,-,-,-,-,-
20250707B02,追加調達結果,応札量合計（電源属地別）[MW],0,0,0,0,0,0,0,0,0,0
20250707B02,追加調達結果,約定量合計（電源属地別）[MW],0,0,0,0,0,0,0,0,0,0
20250707B02,追加調達結果,応札件数（電源属地別）[件],0,0,0,0,0,0,0,0,0,0
20250707B02,追加調達結果,約定件数（電源属地別）[件],0,0,0,0,0,0,0,0,0,0
20250707B02,追加調達結果,最高約定価格（電源属地別）[円/kW・30分],0,0,0,0,0,0,0,0,0,0
20250707B02,追加調達結果,最低約定価格（電源属地別）[円/kW・30分],0,0,0,0,0,0,0,0,0,0
20250707B02,追加調達結果,平均約定価格（電源属地別）[円/kW・30分],0,0,0,0,0,0,0,0,0,0
20250707B02,追加調達結果,最高約定価格（TSO別）[円/kW・30分],0,0,0,0,0,0,0,0,0,0
20250707B02,追加調達結果,最低約定価格（TSO別）[円/kW・30分],0,0,0,0,0,0,0,0,0,0
20250707B02,追加調達結果,平均約定価格（TSO別）[円/kW・30分],0,0,0,0,0,0,0,0,0,0
20250707B02,追加調達結果,約定量合計（TSO別）[MW],0,0,0,0,0,0,0,0,0,0
20250707B02,追加調達結果,（内訳）自エリアからの約定量[MW],0,0,0,0,0,0,0,0,0,0
20250707B02,合計（確報値）,募集量（TSO別）[MW],76,83,471,0,68,340,219,47,206,1510
20250707B02,合計（確報値）,応札量合計（電源属地別）[MW],118.2,33.069,44.609,252.847,35,68.876,243.709,79,178.308,1053.618
20250707B02,合計（確報値）,約定量合計（電源属地別）[MW],118.2,33.069,44.609,154.246,35,68.876,243.709,79,174.43,951.139
20250707B02,合計（確報値）,応札件数（電源属地別）[件],4,3,5,16,1,3,6,3,9,50
20250707B02,合計（確報値）,約定件数（電源属地別）[件],4,3,5,11,1,3,6,3,7,43
20250707B02,合計（確報値）,最高約定価格（電源属地別）[円/kW・30分],19.51,16.47,19.51,19.51,0.96,9.53,19.51,6.08,19.51,19.51
20250707B02,合計（確報値）,最低約定価格（電源属地別）[円/kW・30分],2.4,2.7,1.84,0.36,0.96,0.36,0.36,0.89,0.36,0.36
20250707B02,合計（確報値）,平均約定価格（電源属地別）[円/kW・30分],6.48,6.48,2.8,2.28,0.96,6.87,2.03,3.66,1.07,3.09
20250707B02,合計（確報値）,最高約定価格（TSO別）[円/kW・30分],19.51,16.47,19.51,0,0.96,19.51,2.06,6.08,19.51,19.51
20250707B02,合計（確報値）,最低約定価格（TSO別）[円/kW・30分],2.4,2.7,1.84,0,0.96,0.36,0.36,0.89,0.36,0.36
20250707B02,合計（確報値）,平均約定価格（TSO別）[円/kW・30分],6.48,6.48,2.8,0,0.96,3.91,1.88,3.1,1.19,3.09
20250707B02,合計（確報値）,約定量合計（TSO別）[MW],118.2,33.069,44.609,0,35,256.922,219,47,197.339,951.139
20250707B02,合計（確報値）,（内訳）自エリアからの約定量[MW],118.2,33.069,44.609,0,35,68.876,219,47,174.43,740.184
20250707B03,システム約定結果,募集量（TSO別）[MW],59,151,571,0,70,388,197,44,240,1720
20250707B03,システム約定結果,応札量合計（電源属地別）[MW],101.49,12,6.569,1.92,35,68.876,243.709,79,15.419,563.983
20250707B03,システム約定結果,落札量合計（電源属地別）[MW],99.3,12,6.569,1.92,35,68.876,243.709,79,15.419,561.793
20250707B03,システム約定結果,応札件数（電源属地別）[件],4,1,5,1,1,3,6,3,5,29
20250707B03,システム約定結果,落札件数（電源属地別）[件],3,1,5,1,1,3,6,3,5,28
20250707B03,システム約定結果,最高落札価格（電源属地別）[円/kW・30分],19.5,3.5,19.51,19.51,1.22,9.53,19.51,5.91,19.51,19.51
20250707B03,システム約定結果,最低落札価格（電源属地別）[円/kW・30分],2.56,3.5,5.57,19.51,1.22,0.36,0.36,1.61,0.36,0.36
20250707B03,システム約定結果,平均落札価格（電源属地別）[円/kW・30分],4.76,3.5,16.09,19.51,1.22,6.81,2.18,3.6,7.02,3.73
20250707B03,システム約定結果,最高落札価格（TSO別）[円/kW・30分],19.5,3.5,19.51,0,5.91,19.51,2.25,5.91,19.51,19.51
20250707B03,システム約定結果,最低落札価格（TSO別）[円/kW・30分],2.56,3.5,3.5,0,1.22,0.36,0.36,1.61,0.36,0.36
20250707B03,システム約定結果,平均落札価格（TSO別）[円/kW・30分],4.76,3.5,10.65,0,2.08,5.54,2.06,2.64,6.48,3.73
20250707B03,システム約定結果,落札量合計（TSO別）[MW],99.3,7,11.569,0,55,130.505,197,44,17.419,561.793
20250707B03,システム約定結果,（内訳）自エリアからの落札量[MW],99.3,7,6.569,0,35,68.876,197,44,15.419,473.164
20250707B03,追加調達結果,募集量（TSO別）[MW],-,-,-,-,-,-,-,-,-,-
20250707B03,追加調達結果,応札量合計（電源属地別）[MW],0,0,0,0,0,0,0,0,0,0
20250707B03,追加調達結果,約定量合計（電源属地別）[MW],0,0,0,0,0,0,0,0,0,0
20250707B03,追加調達結果,応札件数（電源属地別）[件],0,0,0,0,0,0,0,0,0,0
20250707B03,追加調達結果,約定件数（電源属地別）[件],0,0,0,0,0,0,0,0,0,0
20250707B03,追加調達結果,最高約定価格（電源属地別）[円/kW・30分],0,0,0,0,0,0,0,0,0,0
20250707B03,追加調達結果,最低約定価格（電源属地別）[円/kW・30分],0,0,0,0,0,0,0,0,0,0
20250707B03,追加調達結果,平均約定価格（電源属地別）[円/kW・30分],0,0,0,0,0,0,0,0,0,0
20250707B03,追加調達結果,最高約定価格（TSO別）[円/kW・30分],0,0,0,0,0,0,0,0,0,0
20250707B03,追加調達結果,最低約定価格（TSO別）[円/kW・30分],0,0,0,0,0,0,0,0,0,0
20250707B03,追加調達結果,平均約定価格（TSO別）[円/kW・30分],0,0,0,0,0,0,0,0,0,0
20250707B03,追加調達結果,約定量合計（TSO別）[MW],0,0,0,0,0,0,0,0,0,0
20250707B03,追加調達結果,（内訳）自エリアからの約定量[MW],0,0,0,0,0,0,0,0,0,0
20250707B03,合計（確報値）,募集量（TSO別）[MW],59,151,571,0,70,388,197,44,240,1720
20250707B03,合計（確報値）,応札量合計（電源属地別）[MW],101.49,12,6.569,1.92,35,68.876,243.709,79,15.419,563.983
20250707B03,合計（確報値）,約定量合計（電源属地別）[MW],99.3,12,6.569,1.92,35,68.876,243.709,79,13.43,559.804
20250707B03,合計（確報値）,応札件数（電源属地別）[件],4,1,5,1,1,3,6,3,5,29
20250707B03,合計（確報値）,約定件数（電源属地別）[件],3,1,5,1,1,3,6,3,4,27
20250707B03,合計（確報値）,最高約定価格（電源属地別）[円/kW・30分],19.5,3.5,19.51,19.51,1.22,9.53,19.51,5.91,19.51,19.51
20250707B03,合計（確報値）,最低約定価格（電源属地別）[円/kW・30分],2.56,3.5,5.57,19.51,1.22,0.36,0.36,1.61,0.36,0.36
20250707B03,合計（確報値）,平均約定価格（電源属地別）[円/kW・30分],4.76,3.5,16.09,19.51,1.22,6.81,2.18,3.6,5.25,3.67
20250707B03,合計（確報値）,最高約定価格（TSO別）[円/kW・30分],19.5,3.5,19.51,0,5.91,19.51,2.25,5.91,19.51,19.51
20250707B03,合計（確報値）,最低約定価格（TSO別）[円/kW・30分],2.56,3.5,3.5,0,1.22,0.36,0.36,1.61,0.36,0.36
20250707B03,合計（確報値）,平均約定価格（TSO別）[円/kW・30分],4.76,3.5,10.65,0,2.08,5.54,2.06,2.64,4.86,3.67
20250707B03,合計（確報値）,約定量合計（TSO別）[MW],99.3,7,11.569,0,55,130.505,197,44,15.43,559.804
20250707B03,合計（確報値）,（内訳）自エリアからの約定量[MW],99.3,7,6.569,0,35,68.876,197,44,13.43,471.175
20250707B04,システム約定結果,募集量（TSO別）[MW],103,197,628,25,97,421,209,66,259,2005
20250707B04,システム約定結果,応札量合計（電源属地別）[MW],152.49,33.069,4.968,0,60,70.726,229.597,105,25.157,681.007
20250707B04,システム約定結果,落札量合計（電源属地別）[MW],151.8,33.069,4.968,0,60,70.726,229.597,90.742,25.157,666.059
20250707B04,システム約定結果,応札件数（電源属地別）[件],5,3,4,0,2,4,5,4,9,36
20250707B04,システム約定結果,落札件数（電源属地別）[件],5,3,4,0,2,4,5,4,9,36
20250707B04,システム約定結果,最高落札価格（電源属地別）[円/kW・30分],19.51,16.47,19.5,0,4.07,18.56,19.51,5.7,19.51,19.51
20250707B04,システム約定結果,最低落札価格（電源属地別）[円/kW・30分],3.27,2.88,19.5,0,3.89,3.7,1.94,1.68,0.36,0.36
20250707B04,システム約定結果,平均落札価格（電源属地別）[円/kW・30分],6.3,6.61,19.5,0,4,8.01,2.58,2.76,9.99,4.76
20250707B04,システム約定結果,最高落札価格（TSO別）[円/kW・30分],19.51,16.47,19.5,0,4.07,18.56,19.51,5.7,19.51,19.51
20250707B04,システム約定結果,最低落札価格（TSO別）[円/kW・30分],3.27,2.88,19.5,0,3.89,1.68,1.94,1.68,0.36,0.36
20250707B04,システム約定結果,平均落札価格（TSO別）[円/kW・30分],6.3,6.61,19.5,0,4,4.23,2.64,2.88,9.99,4.76
20250707B04,システム約定結果,落札量合計（TSO別）[MW],151.8,33.069,4.968,0,60,227.265,97.8,66,25.157,666.059
20250707B04,システム約定結果,（内訳）自エリアからの落札量[MW],151.8,33.069,4.968,0,60,70.726,97.8,66,25.157,509.52
20250707B04,追加調達結果,募集量（TSO別）[MW],-,-,-,-,-,-,-,-,-,-
20250707B04,追加調達結果,応札量合計（電源属地別）[MW],0,0,0,0,0,0,0,0,0,0
20250707B04,追加調達結果,約定量合計（電源属地別）[MW],0,0,0,0,0,0,0,0,0,0
20250707B04,追加調達結果,応札件数（電源属地別）[件],0,0,0,0,0,0,0,0,0,0
20250707B04,追加調達結果,約定件数（電源属地別）[件],0,0,0,0,0,0,0,0,0,0
20250707B04,追加調達結果,最高約定価格（電源属地別）[円/kW・30分],0,0,0,0,0,0,0,0,0,0
20250707B04,追加調達結果,最低約定価格（電源属地別）[円/kW・30分],0,0,0,0,0,0,0,0,0,0
20250707B04,追加調達結果,平均約定価格（電源属地別）[円/kW・30分],0,0,0,0,0,0,0,0,0,0
20250707B04,追加調達結果,最高約定価格（TSO別）[円/kW・30分],0,0,0,0,0,0,0,0,0,0
20250707B04,追加調達結果,最低約定価格（TSO別）[円/kW・30分],0,0,0,0,0,0,0,0,0,0
20250707B04,追加調達結果,平均約定価格（TSO別）[円/kW・30分],0,0,0,0,0,0,0,0,0,0
20250707B04,追加調達結果,約定量合計（TSO別）[MW],0,0,0,0,0,0,0,0,0,0
20250707B04,追加調達結果,（内訳）自エリアからの約定量[MW],0,0,0,0,0,0,0,0,0,0
20250707B04,合計（確報値）,募集量（TSO別）[MW],103,197,628,25,97,421,209,66,259,2005
20250707B04,合計（確報値）,応札量合計（電源属地別）[MW],152.49,33.069,4.968,0,60,70.726,229.597,105,25.157,681.007
20250707B04,合計（確報値）,約定量合計（電源属地別）[MW],151.8,33.069,4.968,0,60,70.726,229.597,90.742,23.168,664.07
20250707B04,合計（確報値）,応札件数（電源属地別）[件],5,3,4,0,2,4,5,4,9,36
20250707B04,合計（確報値）,約定件数（電源属地別）[件],5,3,4,0,2,4,5,4,8,35
20250707B04,合計（確報値）,最高約定価格（電源属地別）[円/kW・30分],19.51,16.47,19.5,0,4.07,18.56,19.51,5.7,19.51,19.51
20250707B04,合計（確報値）,最低約定価格（電源属地別）[円/kW・30分],3.27,2.88,19.5,0,3.89,3.7,1.94,1.68,0.36,0.36
20250707B04,合計（確報値）,平均約定価格（電源属地別）[円/kW・30分],6.3,6.61,19.5,0,4,8.01,2.58,2.76,9.21,4.72
20250707B04,合計（確報値）,最高約定価格（TSO別）[円/kW・30分],19.51,16.47,19.5,0,4.07,18.56,19.51,5.7,19.51,19.51
20250707B04,合計（確報値）,最低約定価格（TSO別）[円/kW・30分],3.27,2.88,19.5,0,3.89,1.68,1.94,1.68,0.36,0.36
20250707B04,合計（確報値）,平均約定価格（TSO別）[円/kW・30分],6.3,6.61,19.5,0,4,4.23,2.64,2.88,9.21,4.72
20250707B04,合計（確報値）,約定量合計（TSO別）[MW],151.8,33.069,4.968,0,60,227.265,97.8,66,23.168,664.07
20250707B04,合計（確報値）,（内訳）自エリアからの約定量[MW],151.8,33.069,4.968,0,60,70.726,97.8,66,23.168,507.531
20250707B05,システム約定結果,募集量（TSO別）[MW],97,191,628,17,96,382,185,77,262,1935
20250707B05,システム約定結果,応札量合計（電源属地別）[MW],104.79,33.069,4.968,1.92,60,70.726,243.709,110,17.889,647.071
20250707B05,システム約定結果,落札量合計（電源属地別）[MW],102.8,33.069,4.968,1.92,60,70.726,243.709,106.032,17.889,641.113
20250707B05,システム約定結果,応札件数（電源属地別）[件],5,3,4,1,2,4,6,4,5,34
20250707B05,システム約定結果,落札件数（電源属地別）[件],4,3,4,1,2,4,6,4,5,33
20250707B05,システム約定結果,最高落札価格（電源属地別）[円/kW・30分],19.51,16.47,19.5,19.51,5.74,18.56,19.51,5.37,19.5,19.51
20250707B05,システム約定結果,最低落札価格（電源属地別）[円/kW・30分],0.36,1.97,19.5,19.51,5.57,4.1,0.37,0.87,0.36,0.36
20250707B05,システム約定結果,平均落札価格（電源属地別）[円/kW・30分],11.71,5.95,19.5,19.51,5.67,8.17,2.68,2.58,6.28,5.45
20250707B05,システム約定結果,最高落札価格（TSO別）[円/kW・30分],19.51,16.47,19.5,19.51,5.74,18.56,19.51,5.37,19.5,19.51
20250707B05,システム約定結果,最低落札価格（TSO別）[円/kW・30分],0.36,1.97,19.5,19.51,0.37,2.75,0.37,0.87,0.36,0.36
20250707B05,システム約定結果,平均落札価格（TSO別）[円/kW・30分],11.71,5.95,19.5,19.51,4.61,4.87,2.65,2.31,6.28,5.45
20250707B05,システム約定結果,落札量合計（TSO別）[MW],102.8,33.069,4.968,1.92,85,193.883,124.584,77,17.889,641.113
20250707B05,システム約定結果,（内訳）自エリアからの落札量[MW],102.8,33.069,4.968,1.92,60,70.726,124.584,77,17.889,492.956
20250707B05,追加調達結果,募集量（TSO別）[MW],-,-,-,-,-,-,-,-,-,-
20250707B05,追加調達結果,応札量合計（電源属地別）[MW],0,0,0,0,0,0,0,0,0,0
20250707B05,追加調達結果,約定量合計（電源属地別）[MW],0,0,0,0,0,0,0,0,0,0
20250707B05,追加調達結果,応札件数（電源属地別）[件],0,0,0,0,0,0,0,0,0,0
20250707B05,追加調達結果,約定件数（電源属地別）[件],0,0,0,0,0,0,0,0,0,0
20250707B05,追加調達結果,最高約定価格（電源属地別）[円/kW・30分],0,0,0,0,0,0,0,0,0,0
20250707B05,追加調達結果,最低約定価格（電源属地別）[円/kW・30分],0,0,0,0,0,0,0,0,0,0
20250707B05,追加調達結果,平均約定価格（電源属地別）[円/kW・30分],0,0,0,0,0,0,0,0,0,0
20250707B05,追加調達結果,最高約定価格（TSO別）[円/kW・30分],0,0,0,0,0,0,0,0,0,0
20250707B05,追加調達結果,最低約定価格（TSO別）[円/kW・30分],0,0,0,0,0,0,0,0,0,0
20250707B05,追加調達結果,平均約定価格（TSO別）[円/kW・30分],0,0,0,0,0,0,0,0,0,0
20250707B05,追加調達結果,約定量合計（TSO別）[MW],0,0,0,0,0,0,0,0,0,0
20250707B05,追加調達結果,（内訳）自エリアからの約定量[MW],0,0,0,0,0,0,0,0,0,0
20250707B05,合計（確報値）,募集量（TSO別）[MW],97,191,628,17,96,382,185,77,262,1935
20250707B05,合計（確報値）,応札量合計（電源属地別）[MW],104.79,57.069,4.968,1.92,60,70.726,243.709,110,17.889,671.071
20250707B05,合計（確報値）,約定量合計（電源属地別）[MW],102.8,33.069,4.968,1.92,60,70.726,243.709,106.032,15.9,639.124
20250707B05,合計（確報値）,応札件数（電源属地別）[件],5,5,4,1,2,4,6,4,5,36
20250707B05,合計（確報値）,約定件数（電源属地別）[件],4,3,4,1,2,4,6,4,4,32
20250707B05,合計（確報値）,最高約定価格（電源属地別）[円/kW・30分],19.51,16.47,19.5,19.51,5.74,18.56,19.51,5.37,19.5,19.51
20250707B05,合計（確報値）,最低約定価格（電源属地別）[円/kW・30分],0.36,1.76,19.5,19.51,5.57,4.1,0.37,0.87,0.36,0.36
20250707B05,合計（確報値）,平均約定価格（電源属地別）[円/kW・30分],11.71,5.79,19.5,19.51,5.67,8.17,2.68,2.58,4.69,5.4
20250707B05,合計（確報値）,最高約定価格（TSO別）[円/kW・30分],19.51,16.47,19.5,19.51,5.74,18.56,19.51,5.37,19.5,19.51
20250707B05,合計（確報値）,最低約定価格（TSO別）[円/kW・30分],0.36,1.76,19.5,19.51,0.37,2.75,0.37,0.87,0.36,0.36
20250707B05,合計（確報値）,平均約定価格（TSO別）[円/kW・30分],11.71,5.79,19.5,19.51,4.61,4.87,2.65,2.31,4.69,5.4
20250707B05,合計（確報値）,約定量合計（TSO別）[MW],102.8,33.069,4.968,1.92,85,193.883,124.584,77,15.9,639.124
20250707B05,合計（確報値）,（内訳）自エリアからの約定量[MW],102.8,33.069,4.968,1.92,60,70.726,124.584,77,15.9,490.967
20250707B06,システム約定結果,募集量（TSO別）[MW],92,191,632,82,103,382,248,64,259,2053
20250707B06,システム約定結果,応札量合計（電源属地別）[MW],147.8,41.069,7.968,1.92,35,68.216,63.513,68,22.642,456.128
20250707B06,システム約定結果,落札量合計（電源属地別）[MW],147.8,41.069,7.968,1.92,35,68.216,63.513,68,22.642,456.128
20250707B06,システム約定結果,応札件数（電源属地別）[件],4,3,7,1,1,3,5,2,9,35
20250707B06,システム約定結果,落札件数（電源属地別）[件],4,3,7,1,1,3,5,2,9,35
20250707B06,システム約定結果,最高落札価格（電源属地別）[円/kW・30分],19.51,16.47,19.5,19.51,7.53,18.56,19.51,5.8,19.51,19.51
20250707B06,システム約定結果,最低落札価格（電源属地別）[円/kW・30分],0.36,1.84,19.5,19.51,7.53,5.89,2.25,4.84,1.4,0.36
20250707B06,システム約定結果,平均落札価格（電源属地別）[円/kW・30分],7.17,5.11,19.5,19.51,7.53,8.73,3.98,5.32,11.53,7.01
20250707B06,システム約定結果,最高落札価格（TSO別）[円/kW・30分],19.51,16.47,19.5,19.51,7.53,18.56,19.51,5.8,19.51,19.51
20250707B06,システム約定結果,最低落札価格（TSO別）[円/kW・30分],0.36,1.84,19.5,19.51,7.53,4.84,2.25,4.84,1.4,0.36
20250707B06,システム約定結果,平均落札価格（TSO別）[円/kW・30分],7.17,5.11,19.5,19.51,7.53,7.88,3.98,5.51,11.53,7.01
20250707B06,システム約定結果,落札量合計（TSO別）[MW],147.8,41.069,7.968,1.92,35,87.216,63.513,49,22.642,456.128
20250707B06,システム約定結果,（内訳）自エリアからの落札量[MW],147.8,41.069,7.968,1.92,35,68.216,63.513,49,22.642,437.128
20250707B06,追加調達結果,募集量（TSO別）[MW],-,-,-,-,-,-,-,-,-,-
20250707B06,追加調達結果,応札量合計（電源属地別）[MW],0,0,0,0,0,0,0,0,0,0
20250707B06,追加調達結果,約定量合計（電源属地別）[MW],0,0,0,0,0,0,0,0,0,0
20250707B06,追加調達結果,応札件数（電源属地別）[件],0,0,0,0,0,0,0,0,0,0
20250707B06,追加調達結果,約定件数（電源属地別）[件],0,0,0,0,0,0,0,0,0,0
20250707B06,追加調達結果,最高約定価格（電源属地別）[円/kW・30分],0,0,0,0,0,0,0,0,0,0
20250707B06,追加調達結果,最低約定価格（電源属地別）[円/kW・30分],0,0,0,0,0,0,0,0,0,0
20250707B06,追加調達結果,平均約定価格（電源属地別）[円/kW・30分],0,0,0,0,0,0,0,0,0,0
20250707B06,追加調達結果,最高約定価格（TSO別）[円/kW・30分],0,0,0,0,0,0,0,0,0,0
20250707B06,追加調達結果,最低約定価格（TSO別）[円/kW・30分],0,0,0,0,0,0,0,0,0,0
20250707B06,追加調達結果,平均約定価格（TSO別）[円/kW・30分],0,0,0,0,0,0,0,0,0,0
20250707B06,追加調達結果,約定量合計（TSO別）[MW],0,0,0,0,0,0,0,0,0,0
20250707B06,追加調達結果,（内訳）自エリアからの約定量[MW],0,0,0,0,0,0,0,0,0,0
20250707B06,合計（確報値）,募集量（TSO別）[MW],92,191,632,82,103,382,248,64,259,2053
20250707B06,合計（確報値）,応札量合計（電源属地別）[MW],147.8,41.069,7.968,1.92,35,68.216,63.513,68,22.642,456.128
20250707B06,合計（確報値）,約定量合計（電源属地別）[MW],147.8,41.069,7.968,1.92,35,68.216,63.513,68,20.653,454.139
20250707B06,合計（確報値）,応札件数（電源属地別）[件],4,3,7,1,1,3,5,2,9,35
20250707B06,合計（確報値）,約定件数（電源属地別）[件],4,3,7,1,1,3,5,2,8,34
20250707B06,合計（確報値）,最高約定価格（電源属地別）[円/kW・30分],19.51,16.47,19.5,19.51,7.53,18.56,19.51,5.8,19.51,19.51
20250707B06,合計（確報値）,最低約定価格（電源属地別）[円/kW・30分],0.36,1.84,19.5,19.51,7.53,5.89,2.25,4.84,1.4,0.36
20250707B06,合計（確報値）,平均約定価格（電源属地別）[円/kW・30分],7.17,5.11,19.5,19.51,7.53,8.73,3.98,5.32,10.81,6.96
20250707B06,合計（確報値）,最高約定価格（TSO別）[円/kW・30分],19.51,16.47,19.5,19.51,7.53,18.56,19.51,5.8,19.51,19.51
20250707B06,合計（確報値）,最低約定価格（TSO別）[円/kW・30分],0.36,1.84,19.5,19.51,7.53,4.84,2.25,4.84,1.4,0.36
20250707B06,合計（確報値）,平均約定価格（TSO別）[円/kW・30分],7.17,5.11,19.5,19.51,7.53,7.88,3.98,5.51,10.81,6.96
20250707B06,合計（確報値）,約定量合計（TSO別）[MW],147.8,41.069,7.968,1.92,35,87.216,63.513,49,20.653,454.139
20250707B06,合計（確報値）,（内訳）自エリアからの約定量[MW],147.8,41.069,7.968,1.92,35,68.216,63.513,49,20.653,435.139
20250707B07,システム約定結果,募集量（TSO別）[MW],91,161,629,50,102,371,244,52,242,1942
20250707B07,システム約定結果,応札量合計（電源属地別）[MW],101.49,41.069,6.577,1.92,35,68.216,285.03,79,175.915,794.217
20250707B07,システム約定結果,落札量合計（電源属地別）[MW],100.8,41.069,6.577,1.92,35,68.216,285.03,79,175.915,793.527
20250707B07,システム約定結果,応札件数（電源属地別）[件],4,3,5,1,1,3,9,3,8,37
20250707B07,システム約定結果,落札件数（電源属地別）[件],4,3,5,1,1,3,9,3,8,37
20250707B07,システム約定結果,最高落札価格（電源属地別）[円/kW・30分],19.5,16.47,19.5,19.51,6.44,18.56,19.51,9.69,19.51,19.51
20250707B07,システム約定結果,最低落札価格（電源属地別）[円/kW・30分],0.81,2.62,5.57,19.51,6.44,4.04,3.9,5.02,4.1,0.81
20250707B07,システム約定結果,平均落札価格（電源属地別）[円/kW・30分],1.15,6.44,16.09,19.51,6.44,8.2,6.66,7.4,5.93,6.09
20250707B07,システム約定結果,最高落札価格（TSO別）[円/kW・30分],19.5,16.47,19.5,19.51,6.44,18.56,19.51,9.69,19.51,19.51
20250707B07,システム約定結果,最低落札価格（TSO別）[円/kW・30分],0.81,2.62,5.57,19.51,6.44,4.04,3.9,5.02,4.1,0.81
20250707B07,システム約定結果,平均落札価格（TSO別）[円/kW・30分],1.15,6.44,16.09,19.51,6.44,7.43,6.31,8.13,5.87,6.09
20250707B07,システム約定結果,落札量合計（TSO別）[MW],100.8,41.069,6.577,1.92,35,213.446,185.8,45,163.915,793.527
20250707B07,システム約定結果,（内訳）自エリアからの落札量[MW],100.8,41.069,6.577,1.92,35,68.216,185.8,45,163.915,648.297
20250707B07,追加調達結果,募集量（TSO別）[MW],-,-,-,-,-,-,-,-,-,-
20250707B07,追加調達結果,応札量合計（電源属地別）[MW],0,0,0,0,0,0,0,0,0,0
20250707B07,追加調達結果,約定量合計（電源属地別）[MW],0,0,0,0,0,0,0,0,0,0
20250707B07,追加調達結果,応札件数（電源属地別）[件],0,0,0,0,0,0,0,0,0,0
20250707B07,追加調達結果,約定件数（電源属地別）[件],0,0,0,0,0,0,0,0,0,0
20250707B07,追加調達結果,最高約定価格（電源属地別）[円/kW・30分],0,0,0,0,0,0,0,0,0,0
20250707B07,追加調達結果,最低約定価格（電源属地別）[円/kW・30分],0,0,0,0,0,0,0,0,0,0
20250707B07,追加調達結果,平均約定価格（電源属地別）[円/kW・30分],0,0,0,0,0,0,0,0,0,0
20250707B07,追加調達結果,最高約定価格（TSO別）[円/kW・30分],0,0,0,0,0,0,0,0,0,0
20250707B07,追加調達結果,最低約定価格（TSO別）[円/kW・30分],0,0,0,0,0,0,0,0,0,0
20250707B07,追加調達結果,平均約定価格（TSO別）[円/kW・30分],0,0,0,0,0,0,0,0,0,0
20250707B07,追加調達結果,約定量合計（TSO別）[MW],0,0,0,0,0,0,0,0,0,0
20250707B07,追加調達結果,（内訳）自エリアからの約定量[MW],0,0,0,0,0,0,0,0,0,0
20250707B07,合計（確報値）,募集量（TSO別）[MW],91,161,629,50,102,371,244,52,242,1942
20250707B07,合計（確報値）,応札量合計（電源属地別）[MW],101.49,41.069,6.577,1.92,35,68.216,285.03,79,175.915,794.217
20250707B07,合計（確報値）,約定量合計（電源属地別）[MW],100.8,41.069,4.968,1.92,35,68.216,285.03,68,175.915,780.918
20250707B07,合計（確報値）,応札件数（電源属地別）[件],4,3,5,1,1,3,9,3,8,37
20250707B07,合計（確報値）,約定件数（電源属地別）[件],4,3,4,1,1,3,9,2,8,35
20250707B07,合計（確報値）,最高約定価格（電源属地別）[円/kW・30分],19.5,16.47,19.5,19.51,6.44,18.56,19.51,9.69,19.51,19.51
20250707B07,合計（確報値）,最低約定価格（電源属地別）[円/kW・30分],0.81,2.62,19.5,19.51,6.44,4.04,3.9,5.02,4.1,0.81
20250707B07,合計（確報値）,平均約定価格（電源属地別）[円/kW・30分],1.15,6.44,19.5,19.51,6.44,8.2,6.66,7.36,5.93,6.07
20250707B07,合計（確報値）,最高約定価格（TSO別）[円/kW・30分],19.5,16.47,19.5,19.51,6.44,18.56,19.51,9.69,19.51,19.51
20250707B07,合計（確報値）,最低約定価格（TSO別）[円/kW・30分],0.81,2.62,19.5,19.51,6.44,4.04,3.9,5.02,4.1,0.81
20250707B07,合計（確報値）,平均約定価格（TSO別）[円/kW・30分],1.15,6.44,19.5,19.51,6.44,7.42,6.31,8.13,5.87,6.07
20250707B07,合計（確報値）,約定量合計（TSO別）[MW],100.8,41.069,4.968,1.92,35,202.446,185.8,45,163.915,780.918
20250707B07,合計（確報値）,（内訳）自エリアからの約定量[MW],100.8,41.069,4.968,1.92,35,68.216,185.8,45,163.915,646.688
20250707B08,システム約定結果,募集量（TSO別）[MW],98,105,601,0,92,345,194,56,235,1726
20250707B08,システム約定結果,応札量合計（電源属地別）[MW],120.19,20,1.609,62.161,35,68.876,187.291,79,82.419,656.546
20250707B08,システム約定結果,落札量合計（電源属地別）[MW],119.5,20,1.609,62.161,35,68.876,187.291,79,82.419,655.856
20250707B08,システム約定結果,応札件数（電源属地別）[件],5,1,1,6,1,3,8,3,7,35
20250707B08,システム約定結果,落札件数（電源属地別）[件],5,1,1,6,1,3,8,3,7,35
20250707B08,システム約定結果,最高落札価格（電源属地別）[円/kW・30分],19.51,3.4,5.57,19.51,3.36,9.53,19.51,5.36,19.51,19.51
20250707B08,システム約定結果,最低落札価格（電源属地別）[円/kW・30分],1.68,3.4,5.57,3.87,3.36,0.92,1.76,1.27,1.25,0.92
20250707B08,システム約定結果,平均落札価格（電源属地別）[円/kW・30分],4.92,3.4,5.57,4.99,3.36,6.98,4.21,3.39,4.3,4.55
20250707B08,システム約定結果,最高落札価格（TSO別）[円/kW・30分],19.51,0,5.57,0,5.38,19.51,19.51,5.36,19.51,19.51
20250707B08,システム約定結果,最低落札価格（TSO別）[円/kW・30分],1.68,0,3.4,0,3.36,0.92,1.76,1.27,1.25,0.92
20250707B08,システム約定結果,平均落札価格（TSO別）[円/kW・30分],4.92,0,3.56,0,3.83,6.11,4.21,2.87,4.3,4.55
20250707B08,システム約定結果,落札量合計（TSO別）[MW],119.5,0,21.609,0,61,128.037,187.291,56,82.419,655.856
20250707B08,システム約定結果,（内訳）自エリアからの落札量[MW],119.5,0,1.609,0,35,68.876,187.291,56,82.419,550.695
20250707B08,追加調達結果,募集量（TSO別）[MW],-,-,-,-,-,-,-,-,-,-
20250707B08,追加調達結果,応札量合計（電源属地別）[MW],0,0,0,0,0,0,0,0,0,0
20250707B08,追加調達結果,約定量合計（電源属地別）[MW],0,0,0,0,0,0,0,0,0,0
20250707B08,追加調達結果,応札件数（電源属地別）[件],0,0,0,0,0,0,0,0,0,0
20250707B08,追加調達結果,約定件数（電源属地別）[件],0,0,0,0,0,0,0,0,0,0
20250707B08,追加調達結果,最高約定価格（電源属地別）[円/kW・30分],0,0,0,0,0,0,0,0,0,0
20250707B08,追加調達結果,最低約定価格（電源属地別）[円/kW・30分],0,0,0,0,0,0,0,0,0,0
20250707B08,追加調達結果,平均約定価格（電源属地別）[円/kW・30分],0,0,0,0,0,0,0,0,0,0
20250707B08,追加調達結果,最高約定価格（TSO別）[円/kW・30分],0,0,0,0,0,0,0,0,0,0
20250707B08,追加調達結果,最低約定価格（TSO別）[円/kW・30分],0,0,0,0,0,0,0,0,0,0
20250707B08,追加調達結果,平均約定価格（TSO別）[円/kW・30分],0,0,0,0,0,0,0,0,0,0
20250707B08,追加調達結果,約定量合計（TSO別）[MW],0,0,0,0,0,0,0,0,0,0
20250707B08,追加調達結果,（内訳）自エリアからの約定量[MW],0,0,0,0,0,0,0,0,0,0
20250707B08,合計（確報値）,募集量（TSO別）[MW],98,105,601,0,92,345,194,56,235,1726
20250707B08,合計（確報値）,応札量合計（電源属地別）[MW],120.19,20,1.609,62.161,35,68.876,187.291,79,82.419,656.546
20250707B08,合計（確報値）,約定量合計（電源属地別）[MW],119.5,20,0,62.161,35,68.876,187.291,79,80.43,652.258
20250707B08,合計（確報値）,応札件数（電源属地別）[件],5,1,1,6,1,3,8,3,7,35
20250707B08,合計（確報値）,約定件数（電源属地別）[件],5,1,0,6,1,3,8,3,6,33
20250707B08,合計（確報値）,最高約定価格（電源属地別）[円/kW・30分],19.51,3.4,0,19.51,3.36,9.53,19.51,5.36,19.51,19.51
20250707B08,合計（確報値）,最低約定価格（電源属地別）[円/kW・30分],1.68,3.4,0,3.87,3.36,0.92,1.76,1.27,1.25,0.92
20250707B08,合計（確報値）,平均約定価格（電源属地別）[円/kW・30分],4.92,3.4,0,4.99,3.36,6.98,4.21,3.39,3.94,4.5
20250707B08,合計（確報値）,最高約定価格（TSO別）[円/kW・30分],19.51,0,3.4,0,5.38,19.51,19.51,5.36,19.51,19.51
20250707B08,合計（確報値）,最低約定価格（TSO別）[円/kW・30分],1.68,0,3.4,0,3.36,0.92,1.76,1.27,1.25,0.92
20250707B08,合計（確報値）,平均約定価格（TSO別）[円/kW・30分],4.92,0,3.4,0,3.83,6.11,4.21,2.87,3.94,4.5
20250707B08,合計（確報値）,約定量合計（TSO別）[MW],119.5,0,20,0,61,128.037,187.291,56,80.43,652.258
20250707B08,合計（確報値）,（内訳）自エリアからの約定量[MW],119.5,0,0,0,35,68.876,187.291,56,80.43,547.097
20250708B01,システム約定結果,募集量（TSO別）[MW],85,63,523,0,54,341,221,46,180,1513
20250708B01,システム約定結果,応札量合計（電源属地別）[MW],101.49,29.069,1.96,50.113,35,22.119,241.909,79,82.419,643.079
20250708B01,システム約定結果,落札量合計（電源属地別）[MW],99.5,29.069,1.96,50.113,35,22.119,241.909,79,82.419,641.089
20250708B01,システム約定結果,応札件数（電源属地別）[件],4,2,1,5,1,2,5,3,7,30
20250708B01,システム約定結果,落札件数（電源属地別）[件],3,2,1,5,1,2,5,3,7,29
20250708B01,システム約定結果,最高落札価格（電源属地別）[円/kW・30分],19.51,16.47,19.51,19.51,1.1,7.54,2.74,6.01,19.51,19.51
20250708B01,システム約定結果,最低落札価格（電源属地別）[円/kW・30分],2.26,4.34,19.51,3.27,1.1,0.36,0.36,1.2,0.36,0.36
20250708B01,システム約定結果,平均落札価格（電源属地別）[円/kW・30分],3.92,8.12,19.51,4.23,1.1,1.17,2.45,3.63,2.39,3.15
20250708B01,システム約定結果,最高落札価格（TSO別）[円/kW・30分],19.51,16.47,19.51,0,1.1,19.51,2.74,6.01,19.51,19.51
20250708B01,システム約定結果,最低落札価格（TSO別）[円/kW・30分],2.26,4.34,4.34,0,1.1,0.36,0.36,1.2,0.36,0.36
20250708B01,システム約定結果,平均落札価格（TSO別）[円/kW・30分],3.92,8.15,18.15,0,1.1,3.62,2.43,3.13,2.46,3.15
20250708B01,システム約定結果,落札量合計（TSO別）[MW],99.5,28.876,2.153,0,35,105.232,221,46,103.328,641.089
20250708B01,システム約定結果,（内訳）自エリアからの落札量[MW],99.5,28.876,1.96,0,35,22.119,221,46,82.419,536.874
20250708B01,追加調達結果,募集量（TSO別）[MW],-,-,-,-,-,-,-,-,-,-
20250708B01,追加調達結果,応札量合計（電源属地別）[MW],0,0,0,0,0,0,0,0,0,0
20250708B01,追加調達結果,約定量合計（電源属地別）[MW],0,0,0,0,0,0,0,0,0,0
20250708B01,追加調達結果,応札件数（電源属地別）[件],0,0,0,0,0,0,0,0,0,0
20250708B01,追加調達結果,約定件数（電源属地別）[件],0,0,0,0,0,0,0,0,0,0
20250708B01,追加調達結果,最高約定価格（電源属地別）[円/kW・30分],0,0,0,0,0,0,0,0,0,0
20250708B01,追加調達結果,最低約定価格（電源属地別）[円/kW・30分],0,0,0,0,0,0,0,0,0,0
20250708B01,追加調達結果,平均約定価格（電源属地別）[円/kW・30分],0,0,0,0,0,0,0,0,0,0
20250708B01,追加調達結果,最高約定価格（TSO別）[円/kW・30分],0,0,0,0,0,0,0,0,0,0
20250708B01,追加調達結果,最低約定価格（TSO別）[円/kW・30分],0,0,0,0,0,0,0,0,0,0
20250708B01,追加調達結果,平均約定価格（TSO別）[円/kW・30分],0,0,0,0,0,0,0,0,0,0
20250708B01,追加調達結果,約定量合計（TSO別）[MW],0,0,0,0,0,0,0,0,0,0
20250708B01,追加調達結果,（内訳）自エリアからの約定量[MW],0,0,0,0,0,0,0,0,0,0
20250708B01,合計（確報値）,募集量（TSO別）[MW],85,63,523,0,54,341,221,46,180,1513
20250708B01,合計（確報値）,応札量合計（電源属地別）[MW],101.49,29.069,1.96,50.113,35,22.119,241.909,79,82.419,643.079
20250708B01,合計（確報値）,約定量合計（電源属地別）[MW],99.5,29.069,1.96,50.113,35,22.119,241.909,79,80.43,639.1
20250708B01,合計（確報値）,応札件数（電源属地別）[件],4,2,1,5,1,2,5,3,7,30
20250708B01,合計（確報値）,約定件数（電源属地別）[件],3,2,1,5,1,2,5,3,6,28
20250708B01,合計（確報値）,最高約定価格（電源属地別）[円/kW・30分],19.51,16.47,19.51,19.51,1.1,7.54,2.74,6.01,19.51,19.51
20250708B01,合計（確報値）,最低約定価格（電源属地別）[円/kW・30分],2.26,4.34,19.51,3.27,1.1,0.36,0.36,1.2,0.36,0.36
20250708B01,合計（確報値）,平均約定価格（電源属地別）[円/kW・30分],3.92,8.12,19.51,4.23,1.1,1.17,2.45,3.63,1.98,3.1
20250708B01,合計（確報値）,最高約定価格（TSO別）[円/kW・30分],19.51,16.47,19.51,0,1.1,19.51,2.74,6.01,19.51,19.51
20250708B01,合計（確報値）,最低約定価格（TSO別）[円/kW・30分],2.26,4.34,4.34,0,1.1,0.36,0.36,1.2,0.36,0.36
20250708B01,合計（確報値）,平均約定価格（TSO別）[円/kW・30分],3.92,8.15,18.15,0,1.1,3.62,2.43,3.13,2.13,3.1
20250708B01,合計（確報値）,約定量合計（TSO別）[MW],99.5,28.876,2.153,0,35,105.232,221,46,101.339,639.1
20250708B01,合計（確報値）,（内訳）自エリアからの約定量[MW],99.5,28.876,1.96,0,35,22.119,221,46,80.43,534.885
20250708B02,システム約定結果,募集量（TSO別）[MW],76,83,471,0,68,340,219,47,206,1510
20250708B02,システム約定結果,応札量合計（電源属地別）[MW],118.2,29.069,11.644,50.113,35,68.876,243.709,79,176.308,811.919
20250708B02,システム約定結果,落札量合計（電源属地別）[MW],118.2,29.069,11.644,50.113,35,68.876,243.709,79,176.308,811.919
20250708B02,システム約定結果,応札件数（電源属地別）[件],4,2,3,5,1,3,6,3,10,37
20250708B02,システム約定結果,落札件数（電源属地別）[件],4,2,3,5,1,3,6,3,10,37
20250708B02,システム約定結果,最高落札価格（電源属地別）[円/kW・30分],19.51,16.47,19.51,19.51,0.96,9.53,19.51,6.05,19.51,19.51
20250708B02,システム約定結果,最低落札価格（電源属地別）[円/kW・30分],2.14,4.48,1.98,3.28,0.96,0.36,0.36,1.03,0.36,0.36
20250708B02,システム約定結果,平均落札価格（電源属地別）[円/kW・30分],6.08,8.22,5.43,4.25,0.96,6.86,2.51,3.65,1.7,3.62
20250708B02,システム約定結果,最高落札価格（TSO別）[円/kW・30分],19.51,16.47,19.51,0,0.96,19.51,2.66,6.05,19.51,19.51
20250708B02,システム約定結果,最低落札価格（TSO別）[円/kW・30分],2.14,4.48,1.98,0,0.96,0.36,0.36,1.03,0.36,0.36
20250708B02,システム約定結果,平均落札価格（TSO別）[円/kW・30分],6.08,8.22,5.43,0,0.96,5.24,2.37,3.11,1.7,3.62
20250708B02,システム約定結果,落札量合計（TSO別）[MW],118.2,29.069,11.644,0,35,175.698,219,47,176.308,811.919
20250708B02,システム約定結果,（内訳）自エリアからの落札量[MW],118.2,29.069,11.644,0,35,68.876,219,47,176.308,705.097
20250708B02,追加調達結果,募集量（TSO別）[MW],-,-,-,-,-,-,-,-,-,-
20250708B02,追加調達結果,応札量合計（電源属地別）[MW],0,0,0,0,0,0,0,0,0,0
20250708B02,追加調達結果,約定量合計（電源属地別）[MW],0,0,0,0,0,0,0,0,0,0
20250708B02,追加調達結果,応札件数（電源属地別）[件],0,0,0,0,0,0,0,0,0,0
20250708B02,追加調達結果,約定件数（電源属地別）[件],0,0,0,0,0,0,0,0,0,0
20250708B02,追加調達結果,最高約定価格（電源属地別）[円/kW・30分],0,0,0,0,0,0,0,0,0,0
20250708B02,追加調達結果,最低約定価格（電源属地別）[円/kW・30分],0,0,0,0,0,0,0,0,0,0
20250708B02,追加調達結果,平均約定価格（電源属地別）[円/kW・30分],0,0,0,0,0,0,0,0,0,0
20250708B02,追加調達結果,最高約定価格（TSO別）[円/kW・30分],0,0,0,0,0,0,0,0,0,0
20250708B02,追加調達結果,最低約定価格（TSO別）[円/kW・30分],0,0,0,0,0,0,0,0,0,0
20250708B02,追加調達結果,平均約定価格（TSO別）[円/kW・30分],0,0,0,0,0,0,0,0,0,0
20250708B02,追加調達結果,約定量合計（TSO別）[MW],0,0,0,0,0,0,0,0,0,0
20250708B02,追加調達結果,（内訳）自エリアからの約定量[MW],0,0,0,0,0,0,0,0,0,0
20250708B02,合計（確報値）,募集量（TSO別）[MW],76,83,471,0,68,340,219,47,206,1510
20250708B02,合計（確報値）,応札量合計（電源属地別）[MW],118.2,29.069,11.644,50.113,35,68.876,243.709,79,176.308,811.919
20250708B02,合計（確報値）,約定量合計（電源属地別）[MW],118.2,29.069,10.035,50.113,35,68.876,243.709,79,172.43,806.432
20250708B02,合計（確報値）,応札件数（電源属地別）[件],4,2,3,5,1,3,6,3,10,37
20250708B02,合計（確報値）,約定件数（電源属地別）[件],4,2,2,5,1,3,6,3,8,34
20250708B02,合計（確報値）,最高約定価格（電源属地別）[円/kW・30分],19.51,16.47,19.51,19.51,0.96,9.53,19.51,6.05,19.51,19.51
20250708B02,合計（確報値）,最低約定価格（電源属地別）[円/kW・30分],2.14,4.48,1.98,3.28,0.96,0.36,0.36,1.03,0.36,0.36
20250708B02,合計（確報値）,平均約定価格（電源属地別）[円/kW・30分],6.08,8.22,5.4,4.25,0.96,6.86,2.51,3.65,1.31,3.54
20250708B02,合計（確報値）,最高約定価格（TSO別）[円/kW・30分],19.51,16.47,19.51,0,0.96,19.51,2.66,6.05,19.51,19.51
20250708B02,合計（確報値）,最低約定価格（TSO別）[円/kW・30分],2.14,4.48,1.98,0,0.96,0.36,0.36,1.03,0.36,0.36
20250708B02,合計（確報値）,平均約定価格（TSO別）[円/kW・30分],6.08,8.22,5.4,0,0.96,5.24,2.37,3.11,1.31,3.54
20250708B02,合計（確報値）,約定量合計（TSO別）[MW],118.2,29.069,10.035,0,35,175.698,219,47,172.43,806.432
20250708B02,合計（確報値）,（内訳）自エリアからの約定量[MW],118.2,29.069,10.035,0,35,68.876,219,47,172.43,699.61
20250708B03,システム約定結果,募集量（TSO別）[MW],59,151,571,0,70,388,197,44,240,1720
20250708B03,システム約定結果,応札量合計（電源属地別）[MW],101.49,29.069,6.569,26.016,35,68.876,243.709,79,17.308,607.037
20250708B03,システム約定結果,落札量合計（電源属地別）[MW],99.3,29.069,6.569,26.016,35,68.876,243.709,79,17.308,604.847
20250708B03,システム約定結果,応札件数（電源属地別）[件],4,2,5,3,1,3,6,3,6,33
20250708B03,システム約定結果,落札件数（電源属地別）[件],3,2,5,3,1,3,6,3,6,32
20250708B03,システム約定結果,最高落札価格（電源属地別）[円/kW・30分],19.5,16.47,19.51,19.51,1.22,9.53,19.51,5.91,19.51,19.51
20250708B03,システム約定結果,最低落札価格（電源属地別）[円/kW・30分],2.4,5.44,5.57,2.84,1.22,0.36,0.36,1.59,0.36,0.36
20250708B03,システム約定結果,平均落札価格（電源属地別）[円/kW・30分],4.73,8.88,16.09,4.21,1.22,6.81,2.14,3.6,8.39,3.98
20250708B03,システム約定結果,最高落札価格（TSO別）[円/kW・30分],19.5,16.47,19.51,0,5.91,19.51,2.2,5.91,19.51,19.51
20250708B03,システム約定結果,最低落札価格（TSO別）[円/kW・30分],2.4,5.44,5.44,0,1.22,0.36,0.36,1.59,0.36,0.36
20250708B03,システム約定結果,平均落札価格（TSO別）[円/kW・30分],4.73,11.67,9.02,0,2,5.2,2,2.64,7.75,3.98
20250708B03,システム約定結果,落札量合計（TSO別）[MW],99.3,16.069,19.569,0,55,154.601,197,44,19.308,604.847
20250708B03,システム約定結果,（内訳）自エリアからの落札量[MW],99.3,16.069,6.569,0,35,68.876,197,44,17.308,484.122
20250708B03,追加調達結果,募集量（TSO別）[MW],-,-,-,-,-,-,-,-,-,-
20250708B03,追加調達結果,応札量合計（電源属地別）[MW],0,0,0,0,0,0,0,0,0,0
20250708B03,追加調達結果,約定量合計（電源属地別）[MW],0,0,0,0,0,0,0,0,0,0
20250708B03,追加調達結果,応札件数（電源属地別）[件],0,0,0,0,0,0,0,0,0,0
20250708B03,追加調達結果,約定件数（電源属地別）[件],0,0,0,0,0,0,0,0,0,0
20250708B03,追加調達結果,最高約定価格（電源属地別）[円/kW・30分],0,0,0,0,0,0,0,0,0,0
20250708B03,追加調達結果,最低約定価格（電源属地別）[円/kW・30分],0,0,0,0,0,0,0,0,0,0
20250708B03,追加調達結果,平均約定価格（電源属地別）[円/kW・30分],0,0,0,0,0,0,0,0,0,0
20250708B03,追加調達結果,最高約定価格（TSO別）[円/kW・30分],0,0,0,0,0,0,0,0,0,0
20250708B03,追加調達結果,最低約定価格（TSO別）[円/kW・30分],0,0,0,0,0,0,0,0,0,0
20250708B03,追加調達結果,平均約定価格（TSO別）[円/kW・30分],0,0,0,0,0,0,0,0,0,0
20250708B03,追加調達結果,約定量合計（TSO別）[MW],0,0,0,0,0,0,0,0,0,0
20250708B03,追加調達結果,（内訳）自エリアからの約定量[MW],0,0,0,0,0,0,0,0,0,0
20250708B03,合計（確報値）,募集量（TSO別）[MW],59,151,571,0,70,388,197,44,240,1720
20250708B03,合計（確報値）,応札量合計（電源属地別）[MW],101.49,29.069,6.569,26.016,35,68.876,243.709,79,17.308,607.037
20250708B03,合計（確報値）,約定量合計（電源属地別）[MW],99.3,29.069,4.96,26.016,35,68.876,243.709,79,13.43,599.36
20250708B03,合計（確報値）,応札件数（電源属地別）[件],4,2,5,3,1,3,6,3,6,33
20250708B03,合計（確報値）,約定件数（電源属地別）[件],3,2,4,3,1,3,6,3,4,29
20250708B03,合計（確報値）,最高約定価格（電源属地別）[円/kW・30分],19.5,16.47,19.51,19.51,1.22,9.53,19.51,5.91,19.51,19.51
20250708B03,合計（確報値）,最低約定価格（電源属地別）[円/kW・30分],2.4,5.44,19.5,2.84,1.22,0.36,0.36,1.59,0.36,0.36
20250708B03,合計（確報値）,平均約定価格（電源属地別）[円/kW・30分],4.73,8.88,19.5,4.21,1.22,6.81,2.14,3.6,5.25,3.88
20250708B03,合計（確報値）,最高約定価格（TSO別）[円/kW・30分],19.5,16.47,19.51,0,5.91,19.51,2.2,5.91,19.51,19.51
20250708B03,合計（確報値）,最低約定価格（TSO別）[円/kW・30分],2.4,5.44,5.44,0,1.22,0.36,0.36,1.59,0.36,0.36
20250708B03,合計（確報値）,平均約定価格（TSO別）[円/kW・30分],4.73,11.67,9.32,0,2,5.2,2,2.64,4.85,3.88
20250708B03,合計（確報値）,約定量合計（TSO別）[MW],99.3,16.069,17.96,0,55,154.601,197,44,15.43,599.36
20250708B03,合計（確報値）,（内訳）自エリアからの約定量[MW],99.3,16.069,4.96,0,35,68.876,197,44,13.43,478.635
20250708B04,システム約定結果,募集量（TSO別）[MW],103,197,628,25,97,421,209,66,259,2005
20250708B04,システム約定結果,応札量合計（電源属地別）[MW],152.49,29.069,6.577,0,84,70.726,243.709,71,26.607,684.178
20250708B04,システム約定結果,落札量合計（電源属地別）[MW],151.8,29.069,6.577,0,84,70.726,243.709,71,26.607,683.488
20250708B04,システム約定結果,応札件数（電源属地別）[件],5,2,5,0,2,4,6,3,10,37
20250708B04,システム約定結果,落札件数（電源属地別）[件],5,2,5,0,2,4,6,3,10,37
20250708B04,システム約定結果,最高落札価格（電源属地別）[円/kW・30分],19.51,16.47,19.5,0,4.07,18.56,19.51,3.46,19.51,19.51
20250708B04,システム約定結果,最低落札価格（電源属地別）[円/kW・30分],2.97,3.76,5.57,0,4,3.7,0.36,1.38,0.36,0.36
20250708B04,システム約定結果,平均落札価格（電源属地別）[円/kW・30分],5.75,7.73,16.09,0,4.03,8.04,2.56,1.82,10.51,4.6
20250708B04,システム約定結果,最高落札価格（TSO別）[円/kW・30分],19.51,16.47,19.5,0,4.07,18.56,19.51,3.46,19.51,19.51
20250708B04,システム約定結果,最低落札価格（TSO別）[円/kW・30分],2.97,3.76,5.57,0,4,0.36,0.36,1.38,0.36,0.36
20250708B04,システム約定結果,平均落札価格（TSO別）[円/kW・30分],5.75,7.73,16.09,0,4.03,4.07,2.64,1.98,10.51,4.6
20250708B04,システム約定結果,落札量合計（TSO別）[MW],151.8,29.069,6.577,0,82,238.635,97.8,51,26.607,683.488
20250708B04,システム約定結果,（内訳）自エリアからの落札量[MW],151.8,29.069,6.577,0,82,70.726,97.8,51,26.607,515.579
20250708B04,追加調達結果,募集量（TSO別）[MW],-,-,-,-,-,-,-,-,-,-
20250708B04,追加調達結果,応札量合計（電源属地別）[MW],0,0,0,0,0,0,0,0,0,0
20250708B04,追加調達結果,約定量合計（電源属地別）[MW],0,0,0,0,0,0,0,0,0,0
20250708B04,追加調達結果,応札件数（電源属地別）[件],0,0,0,0,0,0,0,0,0,0
20250708B04,追加調達結果,約定件数（電源属地別）[件],0,0,0,0,0,0,0,0,0,0
20250708B04,追加調達結果,最高約定価格（電源属地別）[円/kW・30分],0,0,0,0,0,0,0,0,0,0
20250708B04,追加調達結果,最低約定価格（電源属地別）[円/kW・30分],0,0,0,0,0,0,0,0,0,0
20250708B04,追加調達結果,平均約定価格（電源属地別）[円/kW・30分],0,0,0,0,0,0,0,0,0,0
20250708B04,追加調達結果,最高約定価格（TSO別）[円/kW・30分],0,0,0,0,0,0,0,0,0,0
20250708B04,追加調達結果,最低約定価格（TSO別）[円/kW・30分],0,0,0,0,0,0,0,0,0,0
20250708B04,追加調達結果,平均約定価格（TSO別）[円/kW・30分],0,0,0,0,0,0,0,0,0,0
20250708B04,追加調達結果,約定量合計（TSO別）[MW],0,0,0,0,0,0,0,0,0,0
20250708B04,追加調達結果,（内訳）自エリアからの約定量[MW],0,0,0,0,0,0,0,0,0,0
20250708B04,合計（確報値）,募集量（TSO別）[MW],103,197,628,25,97,421,209,66,259,2005
20250708B04,合計（確報値）,応札量合計（電源属地別）[MW],152.49,29.069,6.577,0,84,70.726,243.709,71,26.607,684.178
20250708B04,合計（確報値）,約定量合計（電源属地別）[MW],151.8,29.069,4.968,0,84,70.726,243.709,71,22.729,678.001
20250708B04,合計（確報値）,応札件数（電源属地別）[件],5,2,5,0,2,4,6,3,10,37
20250708B04,合計（確報値）,約定件数（電源属地別）[件],5,2,4,0,2,4,6,3,8,34
20250708B04,合計（確報値）,最高約定価格（電源属地別）[円/kW・30分],19.51,16.47,19.5,0,4.07,18.56,19.51,3.46,19.51,19.51
20250708B04,合計（確報値）,最低約定価格（電源属地別）[円/kW・30分],2.97,3.76,19.5,0,4,3.7,0.36,1.38,0.36,0.36
20250708B04,合計（確報値）,平均約定価格（電源属地別）[円/kW・30分],5.75,7.73,19.5,0,4.03,8.04,2.56,1.82,9.02,4.51
20250708B04,合計（確報値）,最高約定価格（TSO別）[円/kW・30分],19.51,16.47,19.5,0,4.07,18.56,19.51,3.46,19.51,19.51
20250708B04,合計（確報値）,最低約定価格（TSO別）[円/kW・30分],2.97,3.76,19.5,0,4,0.36,0.36,1.38,0.36,0.36
20250708B04,合計（確報値）,平均約定価格（TSO別）[円/kW・30分],5.75,7.73,19.5,0,4.03,4.07,2.64,1.98,9.02,4.51
20250708B04,合計（確報値）,約定量合計（TSO別）[MW],151.8,29.069,4.968,0,82,238.635,97.8,51,22.729,678.001
20250708B04,合計（確報値）,（内訳）自エリアからの約定量[MW],151.8,29.069,4.968,0,82,70.726,97.8,51,22.729,510.092
20250708B05,システム約定結果,募集量（TSO別）[MW],97,191,628,17,96,382,185,77,262,1935
20250708B05,システム約定結果,応札量合計（電源属地別）[MW],104.79,29.069,6.577,1.92,84,70.726,227.842,91,19.879,635.803
20250708B05,システム約定結果,落札量合計（電源属地別）[MW],102.8,29.069,6.577,1.92,84,70.726,227.842,91,19.879,633.813
20250708B05,システム約定結果,応札件数（電源属地別）[件],5,2,5,1,2,4,5,4,6,34
20250708B05,システム約定結果,落札件数（電源属地別）[件],4,2,5,1,2,4,5,4,6,33
20250708B05,システム約定結果,最高落札価格（電源属地別）[円/kW・30分],19.51,16.47,19.5,19.51,5.74,18.56,19.51,6.39,19.5,19.51
20250708B05,システム約定結果,最低落札価格（電源属地別）[円/kW・30分],0.36,3.45,5.57,19.51,5.67,4.1,0.39,0.83,0.36,0.36
20250708B05,システム約定結果,平均落札価格（電源属地別）[円/kW・30分],11.29,7.51,16.09,19.51,5.7,8.18,2.89,2.27,7.61,5.67
20250708B05,システム約定結果,最高落札価格（TSO別）[円/kW・30分],19.51,16.47,19.5,19.51,5.74,18.56,19.51,6.39,19.5,19.51
20250708B05,システム約定結果,最低落札価格（TSO別）[円/kW・30分],0.36,3.45,5.57,19.51,0.83,0.39,0.39,0.83,0.36,0.36
20250708B05,システム約定結果,平均落札価格（TSO別）[円/kW・30分],11.29,7.51,16.09,19.51,5.64,4.78,3.02,2.07,7.61,5.67
20250708B05,システム約定結果,落札量合計（TSO別）[MW],102.8,29.069,6.577,1.92,85,193.883,117.685,77,19.879,633.813
20250708B05,システム約定結果,（内訳）自エリアからの落札量[MW],102.8,29.069,6.577,1.92,84,70.726,117.685,77,19.879,509.656
20250708B05,追加調達結果,募集量（TSO別）[MW],-,-,-,-,-,-,-,-,-,-
20250708B05,追加調達結果,応札量合計（電源属地別）[MW],0,0,0,0,0,0,0,0,0,0
20250708B05,追加調達結果,約定量合計（電源属地別）[MW],0,0,0,0,0,0,0,0,0,0
20250708B05,追加調達結果,応札件数（電源属地別）[件],0,0,0,0,0,0,0,0,0,0
20250708B05,追加調達結果,約定件数（電源属地別）[件],0,0,0,0,0,0,0,0,0,0
20250708B05,追加調達結果,最高約定価格（電源属地別）[円/kW・30分],0,0,0,0,0,0,0,0,0,0
20250708B05,追加調達結果,最低約定価格（電源属地別）[円/kW・30分],0,0,0,0,0,0,0,0,0,0
20250708B05,追加調達結果,平均約定価格（電源属地別）[円/kW・30分],0,0,0,0,0,0,0,0,0,0
20250708B05,追加調達結果,最高約定価格（TSO別）[円/kW・30分],0,0,0,0,0,0,0,0,0,0
20250708B05,追加調達結果,最低約定価格（TSO別）[円/kW・30分],0,0,0,0,0,0,0,0,0,0
20250708B05,追加調達結果,平均約定価格（TSO別）[円/kW・30分],0,0,0,0,0,0,0,0,0,0
20250708B05,追加調達結果,約定量合計（TSO別）[MW],0,0,0,0,0,0,0,0,0,0
20250708B05,追加調達結果,（内訳）自エリアからの約定量[MW],0,0,0,0,0,0,0,0,0,0
20250708B05,合計（確報値）,募集量（TSO別）[MW],97,191,628,17,96,382,185,77,262,1935
20250708B05,合計（確報値）,応札量合計（電源属地別）[MW],104.79,29.069,6.577,1.92,84,70.726,227.842,91,19.879,635.803
20250708B05,合計（確報値）,約定量合計（電源属地別）[MW],102.8,29.069,4.968,1.92,84,70.726,227.842,91,17.89,630.215
20250708B05,合計（確報値）,応札件数（電源属地別）[件],5,2,5,1,2,4,5,4,6,34
20250708B05,合計（確報値）,約定件数（電源属地別）[件],4,2,4,1,2,4,5,4,5,31
20250708B05,合計（確報値）,最高約定価格（電源属地別）[円/kW・30分],19.51,16.47,19.5,19.51,5.74,18.56,19.51,6.39,19.5,19.51
20250708B05,合計（確報値）,最低約定価格（電源属地別）[円/kW・30分],0.36,3.45,19.5,19.51,5.67,4.1,0.39,0.83,0.36,0.36
20250708B05,合計（確報値）,平均約定価格（電源属地別）[円/kW・30分],11.29,7.51,19.5,19.51,5.7,8.18,2.89,2.27,6.34,5.63
20250708B05,合計（確報値）,最高約定価格（TSO別）[円/kW・30分],19.51,16.47,19.5,19.51,5.74,18.56,19.51,6.39,19.5,19.51
20250708B05,合計（確報値）,最低約定価格（TSO別）[円/kW・30分],0.36,3.45,19.5,19.51,0.83,0.39,0.39,0.83,0.36,0.36
20250708B05,合計（確報値）,平均約定価格（TSO別）[円/kW・30分],11.29,7.51,19.5,19.51,5.64,4.78,3.02,2.07,6.34,5.63
20250708B05,合計（確報値）,約定量合計（TSO別）[MW],102.8,29.069,4.968,1.92,85,193.883,117.685,77,17.89,630.215
20250708B05,合計（確報値）,（内訳）自エリアからの約定量[MW],102.8,29.069,4.968,1.92,84,70.726,117.685,77,17.89,506.058
20250708B06,システム約定結果,募集量（TSO別）[MW],92,191,632,82,103,382,248,64,259,2053
20250708B06,システム約定結果,応札量合計（電源属地別）[MW],147.8,41.069,9.577,1.92,35,68.216,145.97,79,22.607,551.159
20250708B06,システム約定結果,落札量合計（電源属地別）[MW],147.8,41.069,9.577,1.92,35,68.216,145.97,79,22.607,551.159
20250708B06,システム約定結果,応札件数（電源属地別）[件],4,3,8,1,1,3,5,3,9,37
20250708B06,システム約定結果,落札件数（電源属地別）[件],4,3,8,1,1,3,5,3,9,37
20250708B06,システム約定結果,最高落札価格（電源属地別）[円/kW・30分],19.51,16.47,19.5,19.51,7.53,18.56,19.51,6.53,19.51,19.51
20250708B06,システム約定結果,最低落札価格（電源属地別）[円/kW・30分],0.36,1.88,5.57,19.51,7.53,5.89,2.04,4.85,1.4,0.36
20250708B06,システム約定結果,平均落札価格（電源属地別）[円/kW・30分],7.23,5.11,17.16,19.51,7.53,8.73,4.87,5.49,11.52,6.79
20250708B06,システム約定結果,最高落札価格（TSO別）[円/kW・30分],19.51,16.47,19.5,19.51,7.53,18.56,19.51,6.53,19.51,19.51
20250708B06,システム約定結果,最低落札価格（TSO別）[円/kW・30分],0.36,1.88,5.57,19.51,7.53,4.85,2.04,4.85,1.4,0.36
20250708B06,システム約定結果,平均落札価格（TSO別）[円/kW・30分],7.23,5.11,17.16,19.51,7.53,7.73,4.87,5.68,11.52,6.79
20250708B06,システム約定結果,落札量合計（TSO別）[MW],147.8,41.069,9.577,1.92,35,94.216,145.97,53,22.607,551.159
20250708B06,システム約定結果,（内訳）自エリアからの落札量[MW],147.8,41.069,9.577,1.92,35,68.216,145.97,53,22.607,525.159
20250708B06,追加調達結果,募集量（TSO別）[MW],-,-,-,-,-,-,-,-,-,-
20250708B06,追加調達結果,応札量合計（電源属地別）[MW],0,0,0,0,0,0,0,0,0,0
20250708B06,追加調達結果,約定量合計（電源属地別）[MW],0,0,0,0,0,0,0,0,0,0
20250708B06,追加調達結果,応札件数（電源属地別）[件],0,0,0,0,0,0,0,0,0,0
20250708B06,追加調達結果,約定件数（電源属地別）[件],0,0,0,0,0,0,0,0,0,0
20250708B06,追加調達結果,最高約定価格（電源属地別）[円/kW・30分],0,0,0,0,0,0,0,0,0,0
20250708B06,追加調達結果,最低約定価格（電源属地別）[円/kW・30分],0,0,0,0,0,0,0,0,0,0
20250708B06,追加調達結果,平均約定価格（電源属地別）[円/kW・30分],0,0,0,0,0,0,0,0,0,0
20250708B06,追加調達結果,最高約定価格（TSO別）[円/kW・30分],0,0,0,0,0,0,0,0,0,0
20250708B06,追加調達結果,最低約定価格（TSO別）[円/kW・30分],0,0,0,0,0,0,0,0,0,0
20250708B06,追加調達結果,平均約定価格（TSO別）[円/kW・30分],0,0,0,0,0,0,0,0,0,0
20250708B06,追加調達結果,約定量合計（TSO別）[MW],0,0,0,0,0,0,0,0,0,0
20250708B06,追加調達結果,（内訳）自エリアからの約定量[MW],0,0,0,0,0,0,0,0,0,0
20250708B06,合計（確報値）,募集量（TSO別）[MW],92,191,632,82,103,382,248,64,259,2053
20250708B06,合計（確報値）,応札量合計（電源属地別）[MW],147.8,41.069,9.577,1.92,35,68.216,145.97,79,22.607,551.159
20250708B06,合計（確報値）,約定量合計（電源属地別）[MW],147.8,41.069,7.968,1.92,35,68.216,145.97,79,18.729,545.672
20250708B06,合計（確報値）,応札件数（電源属地別）[件],4,3,8,1,1,3,5,3,9,37
20250708B06,合計（確報値）,約定件数（電源属地別）[件],4,3,7,1,1,3,5,3,7,34
20250708B06,合計（確報値）,最高約定価格（電源属地別）[円/kW・30分],19.51,16.47,19.5,19.51,7.53,18.56,19.51,6.53,19.51,19.51
20250708B06,合計（確報値）,最低約定価格（電源属地別）[円/kW・30分],0.36,1.88,19.5,19.51,7.53,5.89,2.04,4.85,1.4,0.36
20250708B06,合計（確報値）,平均約定価格（電源属地別）[円/kW・30分],7.23,5.11,19.5,19.51,7.53,8.73,4.87,5.49,9.92,6.71
20250708B06,合計（確報値）,最高約定価格（TSO別）[円/kW・30分],19.51,16.47,19.5,19.51,7.53,18.56,19.51,6.53,19.51,19.51
20250708B06,合計（確報値）,最低約定価格（TSO別）[円/kW・30分],0.36,1.88,19.5,19.51,7.53,4.85,2.04,4.85,1.4,0.36
20250708B06,合計（確報値）,平均約定価格（TSO別）[円/kW・30分],7.23,5.11,19.5,19.51,7.53,7.73,4.87,5.68,9.92,6.71
20250708B06,合計（確報値）,約定量合計（TSO別）[MW],147.8,41.069,7.968,1.92,35,94.216,145.97,53,18.729,545.672
20250708B06,合計（確報値）,（内訳）自エリアからの約定量[MW],147.8,41.069,7.968,1.92,35,68.216,145.97,53,18.729,519.672
20250708B07,システム約定結果,募集量（TSO別）[MW],91,161,629,50,102,371,244,52,242,1942
20250708B07,システム約定結果,応札量合計（電源属地別）[MW],101.49,41.069,6.577,13.968,35,68.216,285.03,79,179.293,809.643
20250708B07,システム約定結果,落札量合計（電源属地別）[MW],100.8,41.069,6.577,13.968,35,68.216,285.03,79,179.293,808.953
20250708B07,システム約定結果,応札件数（電源属地別）[件],4,3,5,2,1,3,9,3,12,42
20250708B07,システム約定結果,落札件数（電源属地別）[件],4,3,5,2,1,3,9,3,12,42
20250708B07,システム約定結果,最高落札価格（電源属地別）[円/kW・30分],19.5,16.47,19.5,19.51,6.44,18.56,19.51,9.64,19.51,19.51
20250708B07,システム約定結果,最低落札価格（電源属地別）[円/kW・30分],0.36,2.52,5.57,7.63,6.44,4.04,3.32,4.79,4.1,0.36
20250708B07,システム約定結果,平均落札価格（電源属地別）[円/kW・30分],1.19,6.49,16.09,9.26,6.44,8.2,6.09,7.28,6.65,6.07
20250708B07,システム約定結果,最高落札価格（TSO別）[円/kW・30分],19.5,16.47,19.5,19.51,6.44,18.56,19.51,9.64,19.51,19.51
20250708B07,システム約定結果,最低落札価格（TSO別）[円/kW・30分],0.36,2.52,5.57,19.51,6.44,4.04,3.32,4.79,4.1,0.36
20250708B07,システム約定結果,平均落札価格（TSO別）[円/kW・30分],1.19,6.49,16.09,19.51,6.44,7.27,5.74,7.54,6.64,6.07
20250708B07,システム約定結果,落札量合計（TSO別）[MW],100.8,41.069,6.577,1.92,35,223.494,185.8,45,169.293,808.953
20250708B07,システム約定結果,（内訳）自エリアからの落札量[MW],100.8,41.069,6.577,1.92,35,68.216,185.8,45,169.293,653.675
20250708B07,追加調達結果,募集量（TSO別）[MW],-,-,-,-,-,-,-,-,-,-
20250708B07,追加調達結果,応札量合計（電源属地別）[MW],0,0,0,0,0,0,0,0,0,0
20250708B07,追加調達結果,約定量合計（電源属地別）[MW],0,0,0,0,0,0,0,0,0,0
20250708B07,追加調達結果,応札件数（電源属地別）[件],0,0,0,0,0,0,0,0,0,0
20250708B07,追加調達結果,約定件数（電源属地別）[件],0,0,0,0,0,0,0,0,0,0
20250708B07,追加調達結果,最高約定価格（電源属地別）[円/kW・30分],0,0,0,0,0,0,0,0,0,0
20250708B07,追加調達結果,最低約定価格（電源属地別）[円/kW・30分],0,0,0,0,0,0,0,0,0,0
20250708B07,追加調達結果,平均約定価格（電源属地別）[円/kW・30分],0,0,0,0,0,0,0,0,0,0
20250708B07,追加調達結果,最高約定価格（TSO別）[円/kW・30分],0,0,0,0,0,0,0,0,0,0
20250708B07,追加調達結果,最低約定価格（TSO別）[円/kW・30分],0,0,0,0,0,0,0,0,0,0
20250708B07,追加調達結果,平均約定価格（TSO別）[円/kW・30分],0,0,0,0,0,0,0,0,0,0
20250708B07,追加調達結果,約定量合計（TSO別）[MW],0,0,0,0,0,0,0,0,0,0
20250708B07,追加調達結果,（内訳）自エリアからの約定量[MW],0,0,0,0,0,0,0,0,0,0
20250708B07,合計（確報値）,募集量（TSO別）[MW],91,161,629,50,102,371,244,52,242,1942
20250708B07,合計（確報値）,応札量合計（電源属地別）[MW],101.49,41.069,6.577,13.968,35,68.216,285.03,79,179.293,809.643
20250708B07,合計（確報値）,約定量合計（電源属地別）[MW],100.8,41.069,4.968,13.968,35,68.216,285.03,68,175.415,792.466
20250708B07,合計（確報値）,応札件数（電源属地別）[件],4,3,5,2,1,3,9,3,12,42
20250708B07,合計（確報値）,約定件数（電源属地別）[件],4,3,4,2,1,3,9,2,10,38
20250708B07,合計（確報値）,最高約定価格（電源属地別）[円/kW・30分],19.5,16.47,19.5,19.51,6.44,18.56,19.51,9.64,19.51,19.51
20250708B07,合計（確報値）,最低約定価格（電源属地別）[円/kW・30分],0.36,2.52,19.5,7.63,6.44,4.04,3.32,4.79,4.1,0.36
20250708B07,合計（確報値）,平均約定価格（電源属地別）[円/kW・30分],1.19,6.49,19.5,9.26,6.44,8.2,6.09,7.22,6.37,5.98
20250708B07,合計（確報値）,最高約定価格（TSO別）[円/kW・30分],19.5,16.47,19.5,19.51,6.44,18.56,19.51,9.64,19.51,19.51
20250708B07,合計（確報値）,最低約定価格（TSO別）[円/kW・30分],0.36,2.52,19.5,19.51,6.44,4.04,3.32,4.79,4.1,0.36
20250708B07,合計（確報値）,平均約定価格（TSO別）[円/kW・30分],1.19,6.49,19.5,19.51,6.44,7.27,5.74,7.5,6.35,5.98
20250708B07,合計（確報値）,約定量合計（TSO別）[MW],100.8,41.069,4.968,1.92,35,223.494,185.8,34,165.415,792.466
20250708B07,合計（確報値）,（内訳）自エリアからの約定量[MW],100.8,41.069,4.968,1.92,35,68.216,185.8,34,165.415,637.188
20250708B08,システム約定結果,募集量（TSO別）[MW],98,105,601,0,92,345,194,56,235,1726
20250708B08,システム約定結果,応札量合計（電源属地別）[MW],120.19,20,3.569,13.968,35,68.876,187.291,79,117.308,645.202
20250708B08,システム約定結果,落札量合計（電源属地別）[MW],119.5,20,3.569,13.968,35,68.876,187.291,79,117.308,644.512
20250708B08,システム約定結果,応札件数（電源属地別）[件],5,1,2,2,1,3,8,3,9,34
20250708B08,システム約定結果,落札件数（電源属地別）[件],5,1,2,2,1,3,8,3,9,34
20250708B08,システム約定結果,最高落札価格（電源属地別）[円/kW・30分],19.51,3.42,19.51,19.51,3.36,9.53,19.51,5.37,19.51,19.51
20250708B08,システム約定結果,最低落札価格（電源属地別）[円/kW・30分],1.67,3.42,5.57,4.45,3.36,0.92,1.59,1.27,1.25,0.92
20250708B08,システム約定結果,平均落札価格（電源属地別）[円/kW・30分],5.07,3.42,13.23,6.52,3.36,6.98,4.04,3.39,4.32,4.57
20250708B08,システム約定結果,最高落札価格（TSO別）[円/kW・30分],19.51,0,19.51,0,5.37,19.51,19.51,5.37,19.51,19.51
20250708B08,システム約定結果,最低落札価格（TSO別）[円/kW・30分],1.67,0,3.42,0,1.27,0.92,1.59,1.27,1.25,0.92
20250708B08,システム約定結果,平均落札価格（TSO別）[円/kW・30分],5.07,0,4.9,0,3.9,7,4.04,2.87,4.32,4.57
20250708B08,システム約定結果,落札量合計（TSO別）[MW],119.5,0,23.569,0,61,79.844,187.291,56,117.308,644.512
20250708B08,システム約定結果,（内訳）自エリアからの落札量[MW],119.5,0,3.569,0,35,68.876,187.291,56,117.308,587.544
20250708B08,追加調達結果,募集量（TSO別）[MW],-,-,-,-,-,-,-,-,-,-
20250708B08,追加調達結果,応札量合計（電源属地別）[MW],0,0,0,0,0,0,0,0,0,0
20250708B08,追加調達結果,約定量合計（電源属地別）[MW],0,0,0,0,0,0,0,0,0,0
20250708B08,追加調達結果,応札件数（電源属地別）[件],0,0,0,0,0,0,0,0,0,0
20250708B08,追加調達結果,約定件数（電源属地別）[件],0,0,0,0,0,0,0,0,0,0
20250708B08,追加調達結果,最高約定価格（電源属地別）[円/kW・30分],0,0,0,0,0,0,0,0,0,0
20250708B08,追加調達結果,最低約定価格（電源属地別）[円/kW・30分],0,0,0,0,0,0,0,0,0,0
20250708B08,追加調達結果,平均約定価格（電源属地別）[円/kW・30分],0,0,0,0,0,0,0,0,0,0
20250708B08,追加調達結果,最高約定価格（TSO別）[円/kW・30分],0,0,0,0,0,0,0,0,0,0
20250708B08,追加調達結果,最低約定価格（TSO別）[円/kW・30分],0,0,0,0,0,0,0,0,0,0
20250708B08,追加調達結果,平均約定価格（TSO別）[円/kW・30分],0,0,0,0,0,0,0,0,0,0
20250708B08,追加調達結果,約定量合計（TSO別）[MW],0,0,0,0,0,0,0,0,0,0
20250708B08,追加調達結果,（内訳）自エリアからの約定量[MW],0,0,0,0,0,0,0,0,0,0
20250708B08,合計（確報値）,募集量（TSO別）[MW],98,105,601,0,92,345,194,56,235,1726
20250708B08,合計（確報値）,応札量合計（電源属地別）[MW],120.19,20,3.569,13.968,35,68.876,187.291,79,117.308,645.202
20250708B08,合計（確報値）,約定量合計（電源属地別）[MW],119.5,20,1.96,13.968,35,68.876,187.291,79,113.43,639.025
20250708B08,合計（確報値）,応札件数（電源属地別）[件],5,1,2,2,1,3,8,3,9,34
20250708B08,合計（確報値）,約定件数（電源属地別）[件],5,1,1,2,1,3,8,3,7,31
20250708B08,合計（確報値）,最高約定価格（電源属地別）[円/kW・30分],19.51,3.42,19.51,19.51,3.36,9.53,19.51,5.37,19.51,19.51
20250708B08,合計（確報値）,最低約定価格（電源属地別）[円/kW・30分],1.67,3.42,19.51,4.45,3.36,0.92,1.59,1.27,1.25,0.92
20250708B08,合計（確報値）,平均約定価格（電源属地別）[円/kW・30分],5.07,3.42,19.51,6.52,3.36,6.98,4.04,3.39,3.81,4.47
20250708B08,合計（確報値）,最高約定価格（TSO別）[円/kW・30分],19.51,0,19.51,0,5.37,19.51,19.51,5.37,19.51,19.51
20250708B08,合計（確報値）,最低約定価格（TSO別）[円/kW・30分],1.67,0,3.42,0,1.27,0.92,1.59,1.27,1.25,0.92
20250708B08,合計（確報値）,平均約定価格（TSO別）[円/kW・30分],5.07,0,4.86,0,3.9,7,4.04,2.87,3.81,4.47
20250708B08,合計（確報値）,約定量合計（TSO別）[MW],119.5,0,21.96,0,61,79.844,187.291,56,113.43,639.025
20250708B08,合計（確報値）,（内訳）自エリアからの約定量[MW],119.5,0,1.96,0,35,68.876,187.291,56,113.43,582.057
20250709B01,システム約定結果,募集量（TSO別）[MW],85,63,523,0,54,341,221,46,180,1513
20250709B01,システム約定結果,応札量合計（電源属地別）[MW],101.49,29.069,9.994,62.161,35,147.009,241.909,79,115.419,821.051
20250709B01,システム約定結果,落札量合計（電源属地別）[MW],99.5,29.069,9.994,62.161,35,147.009,241.909,79,115.419,819.061
20250709B01,システム約定結果,応札件数（電源属地別）[件],4,2,2,6,1,5,5,3,8,36
20250709B01,システム約定結果,落札件数（電源属地別）[件],3,2,2,6,1,5,5,3,8,35
20250709B01,システム約定結果,最高落札価格（電源属地別）[円/kW・30分],19.51,16.47,19.51,19.51,1.1,7.52,2.83,6.01,19.51,19.51
20250709B01,システム約定結果,最低落札価格（電源属地別）[円/kW・30分],2.26,4.39,1.91,3.45,1.1,0.36,0.36,1.2,0.36,0.36
20250709B01,システム約定結果,平均落札価格（電源属地別）[円/kW・30分],3.92,8.16,5.36,4.34,1.1,0.84,2.52,3.58,2.07,2.74
20250709B01,システム約定結果,最高落札価格（TSO別）[円/kW・30分],19.51,16.47,19.51,0,1.1,19.51,2.83,6.01,19.51,19.51
20250709B01,システム約定結果,最低落札価格（TSO別）[円/kW・30分],2.26,4.39,1.91,0,1.1,0.36,0.36,1.2,0.36,0.36
20250709B01,システム約定結果,平均落札価格（TSO別）[円/kW・30分],3.92,8.16,5.36,0,1.1,2.21,2.51,3.09,2.17,2.74
20250709B01,システム約定結果,落札量合計（TSO別）[MW],99.5,29.069,9.994,0,35,242.17,221,46,136.328,819.061
20250709B01,システム約定結果,（内訳）自エリアからの落札量[MW],99.5,29.069,9.994,0,35,147.009,221,46,115.419,702.991
20250709B01,追加調達結果,募集量（TSO別）[MW],-,-,-,-,-,-,-,-,-,-
20250709B01,追加調達結果,応札量合計（電源属地別）[MW],0,0,0,0,0,0,0,0,0,0
20250709B01,追加調達結果,約定量合計（電源属地別）[MW],0,0,0,0,0,0,0,0,0,0
20250709B01,追加調達結果,応札件数（電源属地別）[件],0,0,0,0,0,0,0,0,0,0
20250709B01,追加調達結果,約定件数（電源属地別）[件],0,0,0,0,0,0,0,0,0,0
20250709B01,追加調達結果,最高約定価格（電源属地別）[円/kW・30分],0,0,0,0,0,0,0,0,0,0
20250709B01,追加調達結果,最低約定価格（電源属地別）[円/kW・30分],0,0,0,0,0,0,0,0,0,0
20250709B01,追加調達結果,平均約定価格（電源属地別）[円/kW・30分],0,0,0,0,0,0,0,0,0,0
20250709B01,追加調達結果,最高約定価格（TSO別）[円/kW・30分],0,0,0,0,0,0,0,0,0,0
20250709B01,追加調達結果,最低約定価格（TSO別）[円/kW・30分],0,0,0,0,0,0,0,0,0,0
20250709B01,追加調達結果,平均約定価格（TSO別）[円/kW・30分],0,0,0,0,0,0,0,0,0,0
20250709B01,追加調達結果,約定量合計（TSO別）[MW],0,0,0,0,0,0,0,0,0,0
20250709B01,追加調達結果,（内訳）自エリアからの約定量[MW],0,0,0,0,0,0,0,0,0,0
20250709B01,合計（確報値）,募集量（TSO別）[MW],85,63,523,0,54,341,221,46,180,1513
20250709B01,合計（確報値）,応札量合計（電源属地別）[MW],101.49,29.069,9.994,62.161,35,147.009,241.909,79,115.419,821.051
20250709B01,合計（確報値）,約定量合計（電源属地別）[MW],99.5,29.069,9.994,62.161,35,147.009,241.909,79,113.43,817.072
20250709B01,合計（確報値）,応札件数（電源属地別）[件],4,2,2,6,1,5,5,3,8,36
20250709B01,合計（確報値）,約定件数（電源属地別）[件],3,2,2,6,1,5,5,3,7,34
20250709B01,合計（確報値）,最高約定価格（電源属地別）[円/kW・30分],19.51,16.47,19.51,19.51,1.1,7.52,2.83,6.01,19.51,19.51
20250709B01,合計（確報値）,最低約定価格（電源属地別）[円/kW・30分],2.26,4.39,1.91,3.45,1.1,0.36,0.36,1.2,0.36,0.36
20250709B01,合計（確報値）,平均約定価格（電源属地別）[円/kW・30分],3.92,8.16,5.36,4.34,1.1,0.84,2.52,3.58,1.78,2.7
20250709B01,合計（確報値）,最高約定価格（TSO別）[円/kW・30分],19.51,16.47,19.51,0,1.1,19.51,2.83,6.01,19.51,19.51
20250709B01,合計（確報値）,最低約定価格（TSO別）[円/kW・30分],2.26,4.39,1.91,0,1.1,0.36,0.36,1.2,0.36,0.36
20250709B01,合計（確報値）,平均約定価格（TSO別）[円/kW・30分],3.92,8.16,5.36,0,1.1,2.21,2.51,3.09,1.92,2.7
20250709B01,合計（確報値）,約定量合計（TSO別）[MW],99.5,29.069,9.994,0,35,242.17,221,46,134.339,817.072
20250709B01,合計（確報値）,（内訳）自エリアからの約定量[MW],99.5,29.069,9.994,0,35,147.009,221,46,113.43,701.002
20250709B02,システム約定結果,募集量（TSO別）[MW],76,83,471,0,68,340,219,47,206,1510
20250709B02,システム約定結果,応札量合計（電源属地別）[MW],118.2,29.069,27.685,62.161,35,193.766,243.709,79,176.308,964.898
20250709B02,システム約定結果,落札量合計（電源属地別）[MW],118.2,29.069,27.685,62.161,35,193.766,243.709,79,176.308,964.898
20250709B02,システム約定結果,応札件数（電源属地別）[件],4,2,3,6,1,6,6,3,10,41
20250709B02,システム約定結果,落札件数（電源属地別）[件],4,2,3,6,1,6,6,3,10,41
20250709B02,システム約定結果,最高落札価格（電源属地別）[円/kW・30分],19.51,16.47,19.51,19.51,0.96,19.51,19.51,6.04,19.51,19.51
20250709B02,システム約定結果,最低落札価格（電源属地別）[円/kW・30分],2.14,4.48,1.98,3.45,0.96,0.36,0.36,1.05,0.36,0.36
20250709B02,システム約定結果,平均落札価格（電源属地別）[円/kW・30分],5.67,8.22,3.33,4.34,0.96,3.14,2.63,3.6,1.7,3.25
20250709B02,システム約定結果,最高落札価格（TSO別）[円/kW・30分],19.51,16.47,19.51,0,0.96,19.51,2.8,6.04,19.51,19.51
20250709B02,システム約定結果,最低落札価格（TSO別）[円/kW・30分],2.14,4.48,1.98,0,0.96,0.36,0.36,1.05,0.36,0.36
20250709B02,システム約定結果,平均落札価格（TSO別）[円/kW・30分],5.67,8.22,3.33,0,0.96,3.47,2.48,3.14,1.88,3.25
20250709B02,システム約定結果,落札量合計（TSO別）[MW],118.2,29.069,27.685,0,35,310.836,219,47,178.108,964.898
20250709B02,システム約定結果,（内訳）自エリアからの落札量[MW],118.2,29.069,27.685,0,35,193.766,219,47,176.308,846.028
20250709B02,追加調達結果,募集量（TSO別）[MW],-,-,-,-,-,-,-,-,-,-
20250709B02,追加調達結果,応札量合計（電源属地別）[MW],0,0,0,0,0,0,0,0,0,0
20250709B02,追加調達結果,約定量合計（電源属地別）[MW],0,0,0,0,0,0,0,0,0,0
20250709B02,追加調達結果,応札件数（電源属地別）[件],0,0,0,0,0,0,0,0,0,0
20250709B02,追加調達結果,約定件数（電源属地別）[件],0,0,0,0,0,0,0,0,0,0
20250709B02,追加調達結果,最高約定価格（電源属地別）[円/kW・30分],0,0,0,0,0,0,0,0,0,0
20250709B02,追加調達結果,最低約定価格（電源属地別）[円/kW・30分],0,0,0,0,0,0,0,0,0,0
20250709B02,追加調達結果,平均約定価格（電源属地別）[円/kW・30分],0,0,0,0,0,0,0,0,0,0
20250709B02,追加調達結果,最高約定価格（TSO別）[円/kW・30分],0,0,0,0,0,0,0,0,0,0
20250709B02,追加調達結果,最低約定価格（TSO別）[円/kW・30分],0,0,0,0,0,0,0,0,0,0
20250709B02,追加調達結果,平均約定価格（TSO別）[円/kW・30分],0,0,0,0,0,0,0,0,0,0
20250709B02,追加調達結果,約定量合計（TSO別）[MW],0,0,0,0,0,0,0,0,0,0
20250709B02,追加調達結果,（内訳）自エリアからの約定量[MW],0,0,0,0,0,0,0,0,0,0
20250709B02,合計（確報値）,募集量（TSO別）[MW],76,83,471,0,68,340,219,47,206,1510
20250709B02,合計（確報値）,応札量合計（電源属地別）[MW],118.2,29.069,27.685,62.161,35,193.766,243.709,79,176.308,964.898
20250709B02,合計（確報値）,約定量合計（電源属地別）[MW],118.2,29.069,27.685,62.161,35,193.766,243.709,79,172.43,961.02
20250709B02,合計（確報値）,応札件数（電源属地別）[件],4,2,3,6,1,6,6,3,10,41
20250709B02,合計（確報値）,約定件数（電源属地別）[件],4,2,3,6,1,6,6,3,8,39
20250709B02,合計（確報値）,最高約定価格（電源属地別）[円/kW・30分],19.51,16.47,19.51,19.51,0.96,19.51,19.51,6.04,19.51,19.51
20250709B02,合計（確報値）,最低約定価格（電源属地別）[円/kW・30分],2.14,4.48,1.98,3.45,0.96,0.36,0.36,1.05,0.36,0.36
20250709B02,合計（確報値）,平均約定価格（電源属地別）[円/kW・30分],5.67,8.22,3.33,4.34,0.96,3.14,2.63,3.6,1.31,3.19
20250709B02,合計（確報値）,最高約定価格（TSO別）[円/kW・30分],19.51,16.47,19.51,0,0.96,19.51,2.8,6.04,19.51,19.51
20250709B02,合計（確報値）,最低約定価格（TSO別）[円/kW・30分],2.14,4.48,1.98,0,0.96,0.36,0.36,1.05,0.36,0.36
20250709B02,合計（確報値）,平均約定価格（TSO別）[円/kW・30分],5.67,8.22,3.33,0,0.96,3.47,2.48,3.14,1.49,3.19
20250709B02,合計（確報値）,約定量合計（TSO別）[MW],118.2,29.069,27.685,0,35,310.836,219,47,174.23,961.02
20250709B02,合計（確報値）,（内訳）自エリアからの約定量[MW],118.2,29.069,27.685,0,35,193.766,219,47,172.43,842.15
20250709B03,システム約定結果,募集量（TSO別）[MW],59,151,571,0,70,388,197,44,240,1720
20250709B03,システム約定結果,応札量合計（電源属地別）[MW],101.49,29.069,3,13.968,49,194.479,243.709,79,17.308,731.023
20250709B03,システム約定結果,落札量合計（電源属地別）[MW],99.3,29.069,3,13.968,49,194.479,243.709,79,17.308,728.833
20250709B03,システム約定結果,応札件数（電源属地別）[件],4,2,3,2,1,6,6,3,6,33
20250709B03,システム約定結果,落札件数（電源属地別）[件],3,2,3,2,1,6,6,3,6,32
20250709B03,システム約定結果,最高落札価格（電源属地別）[円/kW・30分],19.5,16.47,19.5,19.51,1.15,9.53,19.51,5.88,19.51,19.51
20250709B03,システム約定結果,最低落札価格（電源属地別）[円/kW・30分],2.4,5.36,19.5,3.47,1.15,0.36,0.36,1.73,0.36,0.36
20250709B03,システム約定結果,平均落札価格（電源属地別）[円/kW・30分],3.89,8.83,19.5,5.67,1.15,3.33,2.32,3.54,8.39,3.4
20250709B03,システム約定結果,最高落札価格（TSO別）[円/kW・30分],19.5,16.47,19.5,0,2.09,19.51,2.42,5.88,19.51,19.51
20250709B03,システム約定結果,最低落札価格（TSO別）[円/kW・30分],2.4,5.36,5.36,0,1.15,0.36,0.36,1.73,0.36,0.36
20250709B03,システム約定結果,平均落札価格（TSO別）[円/kW・30分],3.89,11.63,8.01,0,1.25,3.52,2.14,3.17,7.76,3.4
20250709B03,システム約定結果,落札量合計（TSO別）[MW],99.3,16.069,16,0,55,282.156,197,44,19.308,728.833
20250709B03,システム約定結果,（内訳）自エリアからの落札量[MW],99.3,16.069,3,0,49,188.479,197,44,17.308,614.156
20250709B03,追加調達結果,募集量（TSO別）[MW],-,-,-,-,-,-,-,-,-,-
20250709B03,追加調達結果,応札量合計（電源属地別）[MW],0,0,0,0,0,0,0,0,0,0
20250709B03,追加調達結果,約定量合計（電源属地別）[MW],0,0,0,0,0,0,0,0,0,0
20250709B03,追加調達結果,応札件数（電源属地別）[件],0,0,0,0,0,0,0,0,0,0
20250709B03,追加調達結果,約定件数（電源属地別）[件],0,0,0,0,0,0,0,0,0,0
20250709B03,追加調達結果,最高約定価格（電源属地別）[円/kW・30分],0,0,0,0,0,0,0,0,0,0
20250709B03,追加調達結果,最低約定価格（電源属地別）[円/kW・30分],0,0,0,0,0,0,0,0,0,0
20250709B03,追加調達結果,平均約定価格（電源属地別）[円/kW・30分],0,0,0,0,0,0,0,0,0,0
20250709B03,追加調達結果,最高約定価格（TSO別）[円/kW・30分],0,0,0,0,0,0,0,0,0,0
20250709B03,追加調達結果,最低約定価格（TSO別）[円/kW・30分],0,0,0,0,0,0,0,0,0,0
20250709B03,追加調達結果,平均約定価格（TSO別）[円/kW・30分],0,0,0,0,0,0,0,0,0,0
20250709B03,追加調達結果,約定量合計（TSO別）[MW],0,0,0,0,0,0,0,0,0,0
20250709B03,追加調達結果,（内訳）自エリアからの約定量[MW],0,0,0,0,0,0,0,0,0,0
20250709B03,合計（確報値）,募集量（TSO別）[MW],59,151,571,0,70,388,197,44,240,1720
20250709B03,合計（確報値）,応札量合計（電源属地別）[MW],101.49,29.069,3,13.968,49,194.479,243.709,79,17.308,731.023
20250709B03,合計（確報値）,約定量合計（電源属地別）[MW],99.3,29.069,3,13.968,49,194.479,243.709,79,13.43,724.955
20250709B03,合計（確報値）,応札件数（電源属地別）[件],4,2,3,2,1,6,6,3,6,33
20250709B03,合計（確報値）,約定件数（電源属地別）[件],3,2,3,2,1,6,6,3,4,30
20250709B03,合計（確報値）,最高約定価格（電源属地別）[円/kW・30分],19.5,16.47,19.5,19.51,1.15,9.53,19.51,5.88,19.51,19.51
20250709B03,合計（確報値）,最低約定価格（電源属地別）[円/kW・30分],2.4,5.36,19.5,3.47,1.15,0.36,0.36,1.73,0.36,0.36
20250709B03,合計（確報値）,平均約定価格（電源属地別）[円/kW・30分],3.89,8.83,19.5,5.67,1.15,3.33,2.32,3.54,5.25,3.31
20250709B03,合計（確報値）,最高約定価格（TSO別）[円/kW・30分],19.5,16.47,19.5,0,2.09,19.51,2.42,5.88,19.51,19.51
20250709B03,合計（確報値）,最低約定価格（TSO別）[円/kW・30分],2.4,5.36,5.36,0,1.15,0.36,0.36,1.73,0.36,0.36
20250709B03,合計（確報値）,平均約定価格（TSO別）[円/kW・30分],3.89,11.63,8.01,0,1.25,3.52,2.14,3.17,4.87,3.31
20250709B03,合計（確報値）,約定量合計（TSO別）[MW],99.3,16.069,16,0,55,282.156,197,44,15.43,724.955
20250709B03,合計（確報値）,（内訳）自エリアからの約定量[MW],99.3,16.069,3,0,49,188.479,197,44,13.43,610.278
20250709B04,システム約定結果,募集量（TSO別）[MW],103,197,628,25,97,421,209,66,259,2005
20250709B04,システム約定結果,応札量合計（電源属地別）[MW],152.49,29.069,8.488,0,79,196.329,243.709,105,28.531,842.616
20250709B04,システム約定結果,落札量合計（電源属地別）[MW],151.8,29.069,8.488,0,79,196.329,243.709,90.742,28.531,827.668
20250709B04,システム約定結果,応札件数（電源属地別）[件],5,2,6,0,2,7,6,4,11,43
20250709B04,システム約定結果,落札件数（電源属地別）[件],5,2,6,0,2,7,6,4,11,43
20250709B04,システム約定結果,最高落札価格（電源属地別）[円/kW・30分],19.51,16.47,19.5,0,4,18.56,19.51,5.5,19.51,19.51
20250709B04,システム約定結果,最低落札価格（電源属地別）[円/kW・30分],2.97,3.93,0.36,0,0.35,3.22,0.36,1.32,0.36,0.35
20250709B04,システム約定結果,平均落札価格（電源属地別）[円/kW・30分],5.49,7.84,11.56,0,2.61,6.16,2.96,2.55,11.11,4.65
20250709B04,システム約定結果,最高落札価格（TSO別）[円/kW・30分],19.51,16.47,19.5,0,4,18.56,19.51,5.5,19.51,19.51
20250709B04,システム約定結果,最低落札価格（TSO別）[円/kW・30分],2.97,3.93,0.36,0,0.35,1.32,0.36,1.32,0.36,0.35
20250709B04,システム約定結果,平均落札価格（TSO別）[円/kW・30分],5.49,7.84,11.56,0,2.53,5.23,2.93,2.71,11.11,4.65
20250709B04,システム約定結果,落札量合計（TSO別）[MW],151.8,29.069,8.488,0,82,273.616,188.164,66,28.531,827.668
20250709B04,システム約定結果,（内訳）自エリアからの落札量[MW],151.8,29.069,8.488,0,79,196.329,188.164,66,28.531,747.381
20250709B04,追加調達結果,募集量（TSO別）[MW],-,-,-,-,-,-,-,-,-,-
20250709B04,追加調達結果,応札量合計（電源属地別）[MW],0,0,0,0,0,0,0,0,0,0
20250709B04,追加調達結果,約定量合計（電源属地別）[MW],0,0,0,0,0,0,0,0,0,0
20250709B04,追加調達結果,応札件数（電源属地別）[件],0,0,0,0,0,0,0,0,0,0
20250709B04,追加調達結果,約定件数（電源属地別）[件],0,0,0,0,0,0,0,0,0,0
20250709B04,追加調達結果,最高約定価格（電源属地別）[円/kW・30分],0,0,0,0,0,0,0,0,0,0
20250709B04,追加調達結果,最低約定価格（電源属地別）[円/kW・30分],0,0,0,0,0,0,0,0,0,0
20250709B04,追加調達結果,平均約定価格（電源属地別）[円/kW・30分],0,0,0,0,0,0,0,0,0,0
20250709B04,追加調達結果,最高約定価格（TSO別）[円/kW・30分],0,0,0,0,0,0,0,0,0,0
20250709B04,追加調達結果,最低約定価格（TSO別）[円/kW・30分],0,0,0,0,0,0,0,0,0,0
20250709B04,追加調達結果,平均約定価格（TSO別）[円/kW・30分],0,0,0,0,0,0,0,0,0,0
20250709B04,追加調達結果,約定量合計（TSO別）[MW],0,0,0,0,0,0,0,0,0,0
20250709B04,追加調達結果,（内訳）自エリアからの約定量[MW],0,0,0,0,0,0,0,0,0,0
20250709B04,合計（確報値）,募集量（TSO別）[MW],103,197,628,25,97,421,209,66,259,2005
20250709B04,合計（確報値）,応札量合計（電源属地別）[MW],152.49,29.069,8.488,0,79,196.329,243.709,105,28.531,842.616
20250709B04,合計（確報値）,約定量合計（電源属地別）[MW],151.8,29.069,8.488,0,79,196.329,243.709,90.742,24.653,823.79
20250709B04,合計（確報値）,応札件数（電源属地別）[件],5,2,6,0,2,7,6,4,11,43
20250709B04,合計（確報値）,約定件数（電源属地別）[件],5,2,6,0,2,7,6,4,9,41
20250709B04,合計（確報値）,最高約定価格（電源属地別）[円/kW・30分],19.51,16.47,19.5,0,4,18.56,19.51,5.5,19.51,19.51
20250709B04,合計（確報値）,最低約定価格（電源属地別）[円/kW・30分],2.97,3.93,0.36,0,0.35,3.22,0.36,1.32,0.36,0.35
20250709B04,合計（確報値）,平均約定価格（電源属地別）[円/kW・30分],5.49,7.84,11.56,0,2.61,6.16,2.96,2.55,9.83,4.58
20250709B04,合計（確報値）,最高約定価格（TSO別）[円/kW・30分],19.51,16.47,19.5,0,4,18.56,19.51,5.5,19.51,19.51
20250709B04,合計（確報値）,最低約定価格（TSO別）[円/kW・30分],2.97,3.93,0.36,0,0.35,1.32,0.36,1.32,0.36,0.35
20250709B04,合計（確報値）,平均約定価格（TSO別）[円/kW・30分],5.49,7.84,11.56,0,2.53,5.23,2.93,2.71,9.83,4.58
20250709B04,合計（確報値）,約定量合計（TSO別）[MW],151.8,29.069,8.488,0,82,273.616,188.164,66,24.653,823.79
20250709B04,合計（確報値）,（内訳）自エリアからの約定量[MW],151.8,29.069,8.488,0,79,196.329,188.164,66,24.653,743.503
20250709B05,システム約定結果,募集量（TSO別）[MW],97,191,628,17,96,382,185,77,262,1935
20250709B05,システム約定結果,応札量合計（電源属地別）[MW],104.79,29.069,4.968,1.92,49,196.329,243.709,110,17.889,757.674
20250709B05,システム約定結果,落札量合計（電源属地別）[MW],102.8,29.069,4.968,1.92,49,196.329,243.709,106.032,17.889,751.716
20250709B05,システム約定結果,応札件数（電源属地別）[件],5,2,4,1,1,7,6,4,5,35
20250709B05,システム約定結果,落札件数（電源属地別）[件],4,2,4,1,1,7,6,4,5,34
20250709B05,システム約定結果,最高落札価格（電源属地別）[円/kW・30分],19.51,16.47,19.5,19.51,5.67,18.56,19.51,5.38,19.5,19.51
20250709B05,システム約定結果,最低落札価格（電源属地別）[円/kW・30分],1.29,3.72,19.5,19.51,5.67,3.62,0.56,0.81,0.36,0.36
20250709B05,システム約定結果,平均落札価格（電源属地別）[円/kW・30分],11.35,7.7,19.5,19.51,5.67,6.46,3.19,2.53,6.28,5.63
20250709B05,システム約定結果,最高落札価格（TSO別）[円/kW・30分],19.51,16.47,19.5,19.51,6.3,18.56,3.45,5.38,19.51,19.51
20250709B05,システム約定結果,最低落札価格（TSO別）[円/kW・30分],1.29,3.72,19.5,19.51,3.45,0.81,0.56,0.81,0.36,0.36
20250709B05,システム約定結果,平均落札価格（TSO別）[円/kW・30分],11.35,7.7,19.5,19.51,5.13,5.8,2.95,2.22,6.05,5.63
20250709B05,システム約定結果,落札量合計（TSO別）[MW],102.8,29.069,4.968,1.92,85,235.648,185,77,30.311,751.716
20250709B05,システム約定結果,（内訳）自エリアからの落札量[MW],102.8,29.069,4.968,1.92,49,184.329,185,77,17.889,651.975
20250709B05,追加調達結果,募集量（TSO別）[MW],-,-,-,-,-,-,-,-,-,-
20250709B05,追加調達結果,応札量合計（電源属地別）[MW],0,0,0,0,0,0,0,0,0,0
20250709B05,追加調達結果,約定量合計（電源属地別）[MW],0,0,0,0,0,0,0,0,0,0
20250709B05,追加調達結果,応札件数（電源属地別）[件],0,0,0,0,0,0,0,0,0,0
20250709B05,追加調達結果,約定件数（電源属地別）[件],0,0,0,0,0,0,0,0,0,0
20250709B05,追加調達結果,最高約定価格（電源属地別）[円/kW・30分],0,0,0,0,0,0,0,0,0,0
20250709B05,追加調達結果,最低約定価格（電源属地別）[円/kW・30分],0,0,0,0,0,0,0,0,0,0
20250709B05,追加調達結果,平均約定価格（電源属地別）[円/kW・30分],0,0,0,0,0,0,0,0,0,0
20250709B05,追加調達結果,最高約定価格（TSO別）[円/kW・30分],0,0,0,0,0,0,0,0,0,0
20250709B05,追加調達結果,最低約定価格（TSO別）[円/kW・30分],0,0,0,0,0,0,0,0,0,0
20250709B05,追加調達結果,平均約定価格（TSO別）[円/kW・30分],0,0,0,0,0,0,0,0,0,0
20250709B05,追加調達結果,約定量合計（TSO別）[MW],0,0,0,0,0,0,0,0,0,0
20250709B05,追加調達結果,（内訳）自エリアからの約定量[MW],0,0,0,0,0,0,0,0,0,0
20250709B05,合計（確報値）,募集量（TSO別）[MW],97,191,628,17,96,382,185,77,262,1935
20250709B05,合計（確報値）,応札量合計（電源属地別）[MW],104.79,29.069,4.968,1.92,49,196.329,243.709,110,17.889,757.674
20250709B05,合計（確報値）,約定量合計（電源属地別）[MW],102.8,29.069,4.968,1.92,49,196.329,243.709,106.032,15.9,749.727
20250709B05,合計（確報値）,応札件数（電源属地別）[件],5,2,4,1,1,7,6,4,5,35
20250709B05,合計（確報値）,約定件数（電源属地別）[件],4,2,4,1,1,7,6,4,4,33
20250709B05,合計（確報値）,最高約定価格（電源属地別）[円/kW・30分],19.51,16.47,19.5,19.51,5.67,18.56,19.51,5.38,19.5,19.51
20250709B05,合計（確報値）,最低約定価格（電源属地別）[円/kW・30分],1.29,3.72,19.5,19.51,5.67,3.62,0.56,0.81,0.36,0.36
20250709B05,合計（確報値）,平均約定価格（電源属地別）[円/kW・30分],11.35,7.7,19.5,19.51,5.67,6.46,3.19,2.53,4.69,5.59
20250709B05,合計（確報値）,最高約定価格（TSO別）[円/kW・30分],19.51,16.47,19.5,19.51,6.3,18.56,3.45,5.38,19.51,19.51
20250709B05,合計（確報値）,最低約定価格（TSO別）[円/kW・30分],1.29,3.72,19.5,19.51,3.45,0.81,0.56,0.81,0.36,0.36
20250709B05,合計（確報値）,平均約定価格（TSO別）[円/kW・30分],11.35,7.7,19.5,19.51,5.13,5.8,2.95,2.22,5.14,5.59
20250709B05,合計（確報値）,約定量合計（TSO別）[MW],102.8,29.069,4.968,1.92,85,235.648,185,77,28.322,749.727
20250709B05,合計（確報値）,（内訳）自エリアからの約定量[MW],102.8,29.069,4.968,1.92,49,184.329,185,77,15.9,649.986
20250709B06,システム約定結果,募集量（TSO別）[MW],92,191,632,82,103,382,248,64,259,2053
20250709B06,システム約定結果,応札量合計（電源属地別）[MW],147.8,41.069,7.968,11.92,49,193.819,161.837,79,24.531,716.944
20250709B06,システム約定結果,落札量合計（電源属地別）[MW],147.8,41.069,7.968,11.92,49,193.819,161.837,79,24.531,716.944
20250709B06,システム約定結果,応札件数（電源属地別）[件],4,3,7,2,1,6,6,3,10,42
20250709B06,システム約定結果,落札件数（電源属地別）[件],4,3,7,2,1,6,6,3,10,42
20250709B06,システム約定結果,最高落札価格（電源属地別）[円/kW・30分],19.51,16.47,19.5,19.51,7.47,18.56,19.51,6.21,19.51,19.51
20250709B06,システム約定結果,最低落札価格（電源属地別）[円/kW・30分],0.36,1.71,19.5,5.84,7.47,5.41,2.43,4.88,1.4,0.36
20250709B06,システム約定結果,平均落札価格（電源属地別）[円/kW・30分],7.23,5.07,19.5,8.04,7.47,7.8,5.14,5.37,12.15,6.92
20250709B06,システム約定結果,最高落札価格（TSO別）[円/kW・30分],19.51,16.47,19.5,19.51,7.47,18.56,19.51,6.21,19.51,19.51
20250709B06,システム約定結果,最低落札価格（TSO別）[円/kW・30分],0.36,1.71,19.5,19.51,7.47,4.88,2.43,4.88,1.4,0.36
20250709B06,システム約定結果,平均落札価格（TSO別）[円/kW・30分],7.23,5.07,19.5,19.51,7.47,7.38,5.14,5.61,12.15,6.92
20250709B06,システム約定結果,落札量合計（TSO別）[MW],147.8,41.069,7.968,1.92,49,229.819,161.837,53,24.531,716.944
20250709B06,システム約定結果,（内訳）自エリアからの落札量[MW],147.8,41.069,7.968,1.92,49,193.819,161.837,53,24.531,680.944
20250709B06,追加調達結果,募集量（TSO別）[MW],-,-,-,-,-,-,-,-,-,-
20250709B06,追加調達結果,応札量合計（電源属地別）[MW],0,0,0,0,0,0,0,0,0,0
20250709B06,追加調達結果,約定量合計（電源属地別）[MW],0,0,0,0,0,0,0,0,0,0
20250709B06,追加調達結果,応札件数（電源属地別）[件],0,0,0,0,0,0,0,0,0,0
20250709B06,追加調達結果,約定件数（電源属地別）[件],0,0,0,0,0,0,0,0,0,0
20250709B06,追加調達結果,最高約定価格（電源属地別）[円/kW・30分],0,0,0,0,0,0,0,0,0,0
20250709B06,追加調達結果,最低約定価格（電源属地別）[円/kW・30分],0,0,0,0,0,0,0,0,0,0
20250709B06,追加調達結果,平均約定価格（電源属地別）[円/kW・30分],0,0,0,0,0,0,0,0,0,0
20250709B06,追加調達結果,最高約定価格（TSO別）[円/kW・30分],0,0,0,0,0,0,0,0,0,0
20250709B06,追加調達結果,最低約定価格（TSO別）[円/kW・30分],0,0,0,0,0,0,0,0,0,0
20250709B06,追加調達結果,平均約定価格（TSO別）[円/kW・30分],0,0,0,0,0,0,0,0,0,0
20250709B06,追加調達結果,約定量合計（TSO別）[MW],0,0,0,0,0,0,0,0,0,0
20250709B06,追加調達結果,（内訳）自エリアからの約定量[MW],0,0,0,0,0,0,0,0,0,0
20250709B06,合計（確報値）,募集量（TSO別）[MW],92,191,632,82,103,382,248,64,259,2053
20250709B06,合計（確報値）,応札量合計（電源属地別）[MW],147.8,41.069,7.968,11.92,49,193.819,161.837,79,24.531,716.944
20250709B06,合計（確報値）,約定量合計（電源属地別）[MW],147.8,41.069,7.968,11.92,49,193.819,161.837,79,20.653,713.066
20250709B06,合計（確報値）,応札件数（電源属地別）[件],4,3,7,2,1,6,6,3,10,42
20250709B06,合計（確報値）,約定件数（電源属地別）[件],4,3,7,2,1,6,6,3,8,40
20250709B06,合計（確報値）,最高約定価格（電源属地別）[円/kW・30分],19.51,16.47,19.5,19.51,7.47,18.56,19.51,6.21,19.51,19.51
20250709B06,合計（確報値）,最低約定価格（電源属地別）[円/kW・30分],0.36,1.71,19.5,5.84,7.47,5.41,2.43,4.88,1.4,0.36
20250709B06,合計（確報値）,平均約定価格（電源属地別）[円/kW・30分],7.23,5.07,19.5,8.04,7.47,7.8,5.14,5.37,10.81,6.85
20250709B06,合計（確報値）,最高約定価格（TSO別）[円/kW・30分],19.51,16.47,19.5,19.51,7.47,18.56,19.51,6.21,19.51,19.51
20250709B06,合計（確報値）,最低約定価格（TSO別）[円/kW・30分],0.36,1.71,19.5,19.51,7.47,4.88,2.43,4.88,1.4,0.36
20250709B06,合計（確報値）,平均約定価格（TSO別）[円/kW・30分],7.23,5.07,19.5,19.51,7.47,7.38,5.14,5.61,10.81,6.85
20250709B06,合計（確報値）,約定量合計（TSO別）[MW],147.8,41.069,7.968,1.92,49,229.819,161.837,53,20.653,713.066
20250709B06,合計（確報値）,（内訳）自エリアからの約定量[MW],147.8,41.069,7.968,1.92,49,193.819,161.837,53,20.653,677.066
20250709B07,システム約定結果,募集量（TSO別）[MW],91,161,629,50,102,371,244,52,242,1942
20250709B07,システム約定結果,応札量合計（電源属地別）[MW],101.49,41.069,4.968,1.92,49,193.819,285.03,79,144.793,901.089
20250709B07,システム約定結果,落札量合計（電源属地別）[MW],100.8,41.069,4.968,1.92,49,193.819,285.03,79,144.793,900.399
20250709B07,システム約定結果,応札件数（電源属地別）[件],4,3,4,1,1,6,9,3,10,41
20250709B07,システム約定結果,落札件数（電源属地別）[件],4,3,4,1,1,6,9,3,10,41
20250709B07,システム約定結果,最高落札価格（電源属地別）[円/kW・30分],19.5,16.47,19.5,19.51,6.37,18.56,19.51,9.27,19.51,19.51
20250709B07,システム約定結果,最低落札価格（電源属地別）[円/kW・30分],0.36,2.29,19.5,19.51,6.37,3.56,3.49,4.81,4.1,0.36
20250709B07,システム約定結果,平均落札価格（電源属地別）[円/kW・30分],1.19,6.27,19.5,19.51,6.37,6.42,6.25,7.07,6.54,5.95
20250709B07,システム約定結果,最高落札価格（TSO別）[円/kW・30分],19.5,16.47,19.5,19.51,6.37,18.56,19.51,9.27,19.51,19.51
20250709B07,システム約定結果,最低落札価格（TSO別）[円/kW・30分],0.36,2.29,19.5,19.51,6.37,3.56,3.49,4.81,4.1,0.36
20250709B07,システム約定結果,平均落札価格（TSO別）[円/kW・30分],1.19,6.27,19.5,19.51,6.37,6.61,5.9,7.28,6.54,5.95
20250709B07,システム約定結果,落札量合計（TSO別）[MW],100.8,41.069,4.968,1.92,49,327.049,185.8,45,144.793,900.399
20250709B07,システム約定結果,（内訳）自エリアからの落札量[MW],100.8,41.069,4.968,1.92,49,193.819,185.8,45,144.793,767.169
20250709B07,追加調達結果,募集量（TSO別）[MW],-,-,-,-,-,-,-,-,-,-
20250709B07,追加調達結果,応札量合計（電源属地別）[MW],0,0,0,0,0,0,0,0,0,0
20250709B07,追加調達結果,約定量合計（電源属地別）[MW],0,0,0,0,0,0,0,0,0,0
20250709B07,追加調達結果,応札件数（電源属地別）[件],0,0,0,0,0,0,0,0,0,0
20250709B07,追加調達結果,約定件数（電源属地別）[件],0,0,0,0,0,0,0,0,0,0
20250709B07,追加調達結果,最高約定価格（電源属地別）[円/kW・30分],0,0,0,0,0,0,0,0,0,0
20250709B07,追加調達結果,最低約定価格（電源属地別）[円/kW・30分],0,0,0,0,0,0,0,0,0,0
20250709B07,追加調達結果,平均約定価格（電源属地別）[円/kW・30分],0,0,0,0,0,0,0,0,0,0
20250709B07,追加調達結果,最高約定価格（TSO別）[円/kW・30分],0,0,0,0,0,0,0,0,0,0
20250709B07,追加調達結果,最低約定価格（TSO別）[円/kW・30分],0,0,0,0,0,0,0,0,0,0
20250709B07,追加調達結果,平均約定価格（TSO別）[円/kW・30分],0,0,0,0,0,0,0,0,0,0
20250709B07,追加調達結果,約定量合計（TSO別）[MW],0,0,0,0,0,0,0,0,0,0
20250709B07,追加調達結果,（内訳）自エリアからの約定量[MW],0,0,0,0,0,0,0,0,0,0
20250709B07,合計（確報値）,募集量（TSO別）[MW],91,161,629,50,102,371,244,52,242,1942
20250709B07,合計（確報値）,応札量合計（電源属地別）[MW],101.49,41.069,4.968,1.92,49,193.819,285.03,79,177.793,934.089
20250709B07,合計（確報値）,約定量合計（電源属地別）[MW],100.8,41.069,4.968,1.92,49,193.819,285.03,68,140.915,885.521
20250709B07,合計（確報値）,応札件数（電源属地別）[件],4,3,4,1,1,6,9,3,11,42
20250709B07,合計（確報値）,約定件数（電源属地別）[件],4,3,4,1,1,6,9,2,8,38
20250709B07,合計（確報値）,最高約定価格（電源属地別）[円/kW・30分],19.5,16.47,19.5,19.51,6.37,18.56,19.51,9.27,19.51,19.51
20250709B07,合計（確報値）,最低約定価格（電源属地別）[円/kW・30分],0.36,2.29,19.5,19.51,6.37,3.56,3.49,4.81,4.1,0.36
20250709B07,合計（確報値）,平均約定価格（電源属地別）[円/kW・30分],1.19,6.27,19.5,19.51,6.37,6.42,6.25,7.04,5.71,5.8
20250709B07,合計（確報値）,最高約定価格（TSO別）[円/kW・30分],19.5,16.47,19.5,19.51,6.37,18.56,19.51,9.27,19.51,19.51
20250709B07,合計（確報値）,最低約定価格（TSO別）[円/kW・30分],0.36,2.29,19.5,19.51,6.37,3.56,3.49,4.81,4.1,0.36
20250709B07,合計（確報値）,平均約定価格（TSO別）[円/kW・30分],1.19,6.27,19.5,19.51,6.37,6.61,5.9,7.3,5.71,5.8
20250709B07,合計（確報値）,約定量合計（TSO別）[MW],100.8,41.069,4.968,1.92,49,327.049,185.8,34,140.915,885.521
20250709B07,合計（確報値）,（内訳）自エリアからの約定量[MW],100.8,41.069,4.968,1.92,49,193.819,185.8,34,140.915,752.291
20250709B08,システム約定結果,募集量（TSO別）[MW],98,105,601,0,92,345,194,56,235,1726
20250709B08,システム約定結果,応札量合計（電源属地別）[MW],120.19,20,9.974,1.92,35,193.766,187.291,79,84.308,731.449
20250709B08,システム約定結果,落札量合計（電源属地別）[MW],119.5,20,9.974,1.92,35,193.766,187.291,79,84.308,730.759
20250709B08,システム約定結果,応札件数（電源属地別）[件],5,1,2,1,1,6,8,3,8,35
20250709B08,システム約定結果,落札件数（電源属地別）[件],5,1,2,1,1,6,8,3,8,35
20250709B08,システム約定結果,最高落札価格（電源属地別）[円/kW・30分],19.51,3.62,19.51,19.51,3.36,9.53,19.51,5.42,19.51,19.51
20250709B08,システム約定結果,最低落札価格（電源属地別）[円/kW・30分],1.67,3.62,2.9,19.51,3.36,0.44,1.76,1.22,1.25,0.44
20250709B08,システム約定結果,平均落札価格（電源属地別）[円/kW・30分],4.91,3.62,6.16,19.51,3.36,3.95,4.22,3.36,4.64,4.23
20250709B08,システム約定結果,最高落札価格（TSO別）[円/kW・30分],19.51,0,19.51,0,5.42,19.51,19.51,5.42,19.51,19.51
20250709B08,システム約定結果,最低落札価格（TSO別）[円/kW・30分],1.67,0,2.9,0,1.89,0.44,1.76,1.22,1.25,0.44
20250709B08,システム約定結果,平均落札価格（TSO別）[円/kW・30分],4.91,0,4.47,0,4.03,4.1,4.25,2.55,4.64,4.23
20250709B08,システム約定結果,落札量合計（TSO別）[MW],119.5,0,29.974,0,61,195.686,184.291,56,84.308,730.759
20250709B08,システム約定結果,（内訳）自エリアからの落札量[MW],119.5,0,9.974,0,35,193.766,184.291,56,84.308,682.839
20250709B08,追加調達結果,募集量（TSO別）[MW],-,-,-,-,-,-,-,-,-,-
20250709B08,追加調達結果,応札量合計（電源属地別）[MW],0,0,0,0,0,0,0,0,0,0
20250709B08,追加調達結果,約定量合計（電源属地別）[MW],0,0,0,0,0,0,0,0,0,0
20250709B08,追加調達結果,応札件数（電源属地別）[件],0,0,0,0,0,0,0,0,0,0
20250709B08,追加調達結果,約定件数（電源属地別）[件],0,0,0,0,0,0,0,0,0,0
20250709B08,追加調達結果,最高約定価格（電源属地別）[円/kW・30分],0,0,0,0,0,0,0,0,0,0
20250709B08,追加調達結果,最低約定価格（電源属地別）[円/kW・30分],0,0,0,0,0,0,0,0,0,0
20250709B08,追加調達結果,平均約定価格（電源属地別）[円/kW・30分],0,0,0,0,0,0,0,0,0,0
20250709B08,追加調達結果,最高約定価格（TSO別）[円/kW・30分],0,0,0,0,0,0,0,0,0,0
20250709B08,追加調達結果,最低約定価格（TSO別）[円/kW・30分],0,0,0,0,0,0,0,0,0,0
20250709B08,追加調達結果,平均約定価格（TSO別）[円/kW・30分],0,0,0,0,0,0,0,0,0,0
20250709B08,追加調達結果,約定量合計（TSO別）[MW],0,0,0,0,0,0,0,0,0,0
20250709B08,追加調達結果,（内訳）自エリアからの約定量[MW],0,0,0,0,0,0,0,0,0,0
20250709B08,合計（確報値）,募集量（TSO別）[MW],98,105,601,0,92,345,194,56,235,1726
20250709B08,合計（確報値）,応札量合計（電源属地別）[MW],120.19,20,9.974,1.92,35,193.766,187.291,79,117.308,764.449
20250709B08,合計（確報値）,約定量合計（電源属地別）[MW],119.5,20,9.974,1.92,35,193.766,187.291,79,80.43,726.881
20250709B08,合計（確報値）,応札件数（電源属地別）[件],5,1,2,1,1,6,8,3,9,36
20250709B08,合計（確報値）,約定件数（電源属地別）[件],5,1,2,1,1,6,8,3,6,33
20250709B08,合計（確報値）,最高約定価格（電源属地別）[円/kW・30分],19.51,3.62,19.51,19.51,3.36,9.53,19.51,5.42,19.51,19.51
20250709B08,合計（確報値）,最低約定価格（電源属地別）[円/kW・30分],1.67,3.62,2.9,19.51,3.36,0.44,1.76,1.22,1.25,0.44
20250709B08,合計（確報値）,平均約定価格（電源属地別）[円/kW・30分],4.91,3.62,6.16,19.51,3.36,3.95,4.22,3.36,3.48,4.1
20250709B08,合計（確報値）,最高約定価格（TSO別）[円/kW・30分],19.51,0,19.51,0,5.42,19.51,19.51,5.42,19.51,19.51
20250709B08,合計（確報値）,最低約定価格（TSO別）[円/kW・30分],1.67,0,2.9,0,1.89,0.44,1.76,1.22,1.25,0.44
20250709B08,合計（確報値）,平均約定価格（TSO別）[円/kW・30分],4.91,0,4.47,0,4.03,4.1,4.25,2.55,3.48,4.1
20250709B08,合計（確報値）,約定量合計（TSO別）[MW],119.5,0,29.974,0,61,195.686,184.291,56,80.43,726.881
20250709B08,合計（確報値）,（内訳）自エリアからの約定量[MW],119.5,0,9.974,0,35,193.766,184.291,56,80.43,678.961
20250710B01,システム約定結果,募集量（TSO別）[MW],85,63,523,0,54,341,221,46,180,1513
20250710B01,システム約定結果,応札量合計（電源属地別）[MW],101.49,29.069,1.96,50.113,35,148.009,241.909,79,115.419,801.969
20250710B01,システム約定結果,落札量合計（電源属地別）[MW],99.5,29.069,1.96,50.113,35,148.009,241.909,79,115.419,799.979
20250710B01,システム約定結果,応札件数（電源属地別）[件],4,2,1,5,1,5,5,3,8,34
20250710B01,システム約定結果,落札件数（電源属地別）[件],3,2,1,5,1,5,5,3,8,33
20250710B01,システム約定結果,最高落札価格（電源属地別）[円/kW・30分],19.51,16.47,19.51,19.51,1.1,7.54,2.8,6.01,19.51,19.51
20250710B01,システム約定結果,最低落札価格（電源属地別）[円/kW・30分],2.26,4.36,19.51,3.97,1.1,0.36,0.36,1.19,0.36,0.36
20250710B01,システム約定結果,平均落札価格（電源属地別）[円/kW・30分],3.92,8.14,19.51,4.73,1.1,0.92,2.5,3.54,2.07,2.75
20250710B01,システム約定結果,最高落札価格（TSO別）[円/kW・30分],19.51,16.47,19.51,0,1.1,19.51,2.8,6.01,19.51,19.51
20250710B01,システム約定結果,最低落札価格（TSO別）[円/kW・30分],2.26,4.36,19.51,0,1.1,0.36,0.36,1.82,0.36,0.36
20250710B01,システム約定結果,平均落札価格（TSO別）[円/kW・30分],3.92,8.14,19.51,0,1.1,2.19,2.53,3.19,2.09,2.75
20250710B01,システム約定結果,落札量合計（TSO別）[MW],99.5,29.069,1.96,0,35,231.122,221,46,136.328,799.979
20250710B01,システム約定結果,（内訳）自エリアからの落札量[MW],99.5,29.069,1.96,0,35,148.009,221,46,115.419,695.957
20250710B01,追加調達結果,募集量（TSO別）[MW],-,-,-,-,-,-,-,-,-,-
20250710B01,追加調達結果,応札量合計（電源属地別）[MW],0,0,0,0,0,0,0,0,0,0
20250710B01,追加調達結果,約定量合計（電源属地別）[MW],0,0,0,0,0,0,0,0,0,0
20250710B01,追加調達結果,応札件数（電源属地別）[件],0,0,0,0,0,0,0,0,0,0
20250710B01,追加調達結果,約定件数（電源属地別）[件],0,0,0,0,0,0,0,0,0,0
20250710B01,追加調達結果,最高約定価格（電源属地別）[円/kW・30分],0,0,0,0,0,0,0,0,0,0
20250710B01,追加調達結果,最低約定価格（電源属地別）[円/kW・30分],0,0,0,0,0,0,0,0,0,0
20250710B01,追加調達結果,平均約定価格（電源属地別）[円/kW・30分],0,0,0,0,0,0,0,0,0,0
20250710B01,追加調達結果,最高約定価格（TSO別）[円/kW・30分],0,0,0,0,0,0,0,0,0,0
20250710B01,追加調達結果,最低約定価格（TSO別）[円/kW・30分],0,0,0,0,0,0,0,0,0,0
20250710B01,追加調達結果,平均約定価格（TSO別）[円/kW・30分],0,0,0,0,0,0,0,0,0,0
20250710B01,追加調達結果,約定量合計（TSO別）[MW],0,0,0,0,0,0,0,0,0,0
20250710B01,追加調達結果,（内訳）自エリアからの約定量[MW],0,0,0,0,0,0,0,0,0,0
20250710B01,合計（確報値）,募集量（TSO別）[MW],85,63,523,0,54,341,221,46,180,1513
20250710B01,合計（確報値）,応札量合計（電源属地別）[MW],101.49,29.069,1.96,50.113,35,148.009,241.909,79,115.419,801.969
20250710B01,合計（確報値）,約定量合計（電源属地別）[MW],99.5,29.069,1.96,50.113,35,148.009,241.909,79,113.43,797.99
20250710B01,合計（確報値）,応札件数（電源属地別）[件],4,2,1,5,1,5,5,3,8,34
20250710B01,合計（確報値）,約定件数（電源属地別）[件],3,2,1,5,1,5,5,3,7,32
20250710B01,合計（確報値）,最高約定価格（電源属地別）[円/kW・30分],19.51,16.47,19.51,19.51,1.1,7.54,2.8,6.01,19.51,19.51
20250710B01,合計（確報値）,最低約定価格（電源属地別）[円/kW・30分],2.26,4.36,19.51,3.97,1.1,0.36,0.36,1.19,0.36,0.36
20250710B01,合計（確報値）,平均約定価格（電源属地別）[円/kW・30分],3.92,8.14,19.51,4.73,1.1,0.92,2.5,3.54,1.78,2.71
20250710B01,合計（確報値）,最高約定価格（TSO別）[円/kW・30分],19.51,16.47,19.51,0,1.1,19.51,2.8,6.01,19.51,19.51
20250710B01,合計（確報値）,最低約定価格（TSO別）[円/kW・30分],2.26,4.36,19.51,0,1.1,0.36,0.36,1.82,0.36,0.36
20250710B01,合計（確報値）,平均約定価格（TSO別）[円/kW・30分],3.92,8.14,19.51,0,1.1,2.19,2.53,3.19,1.84,2.71
20250710B01,合計（確報値）,約定量合計（TSO別）[MW],99.5,29.069,1.96,0,35,231.122,221,46,134.339,797.99
20250710B01,合計（確報値）,（内訳）自エリアからの約定量[MW],99.5,29.069,1.96,0,35,148.009,221,46,113.43,693.968
20250710B02,システム約定結果,募集量（TSO別）[MW],76,83,471,0,68,340,219,47,206,1510
20250710B02,システム約定結果,応札量合計（電源属地別）[MW],118.2,29.069,70.517,50.113,35,194.766,243.709,79,204.308,1024.682
20250710B02,システム約定結果,落札量合計（電源属地別）[MW],118.2,29.069,70.517,50.113,35,194.766,243.709,79,204.308,1024.682
20250710B02,システム約定結果,応札件数（電源属地別）[件],4,2,5,5,1,6,6,3,9,41
20250710B02,システム約定結果,落札件数（電源属地別）[件],4,2,5,5,1,6,6,3,9,41
20250710B02,システム約定結果,最高落札価格（電源属地別）[円/kW・30分],19.51,16.47,19.51,19.51,0.96,9.53,19.51,6.04,19.51,19.51
20250710B02,システム約定結果,最低落札価格（電源属地別）[円/kW・30分],2.14,4.47,1.87,4.05,0.96,0.36,0.36,1.05,0.36,0.36
20250710B02,システム約定結果,平均落札価格（電源属地別）[円/kW・30分],5.7,8.21,2.44,4.81,0.96,3.04,2.61,3.55,1.52,3.1
20250710B02,システム約定結果,最高落札価格（TSO別）[円/kW・30分],19.51,16.47,19.51,0,0.96,19.51,2.78,6.04,19.51,19.51
20250710B02,システム約定結果,最低落札価格（TSO別）[円/kW・30分],2.14,4.47,1.87,0,0.96,0.36,0.36,1.05,0.36,0.36
20250710B02,システム約定結果,平均落札価格（TSO別）[円/kW・30分],5.7,8.21,2.44,0,0.96,3.52,2.51,3,1.53,3.1
20250710B02,システム約定結果,落札量合計（TSO別）[MW],118.2,29.069,70.517,0,35,299.896,219,47,206,1024.682
20250710B02,システム約定結果,（内訳）自エリアからの落札量[MW],118.2,29.069,70.517,0,35,194.766,219,47,204.308,917.86
20250710B02,追加調達結果,募集量（TSO別）[MW],-,-,-,-,-,-,-,-,-,-
20250710B02,追加調達結果,応札量合計（電源属地別）[MW],0,0,0,0,0,0,0,0,0,0
20250710B02,追加調達結果,約定量合計（電源属地別）[MW],0,0,0,0,0,0,0,0,0,0
20250710B02,追加調達結果,応札件数（電源属地別）[件],0,0,0,0,0,0,0,0,0,0
20250710B02,追加調達結果,約定件数（電源属地別）[件],0,0,0,0,0,0,0,0,0,0
20250710B02,追加調達結果,最高約定価格（電源属地別）[円/kW・30分],0,0,0,0,0,0,0,0,0,0
20250710B02,追加調達結果,最低約定価格（電源属地別）[円/kW・30分],0,0,0,0,0,0,0,0,0,0
20250710B02,追加調達結果,平均約定価格（電源属地別）[円/kW・30分],0,0,0,0,0,0,0,0,0,0
20250710B02,追加調達結果,最高約定価格（TSO別）[円/kW・30分],0,0,0,0,0,0,0,0,0,0
20250710B02,追加調達結果,最低約定価格（TSO別）[円/kW・30分],0,0,0,0,0,0,0,0,0,0
20250710B02,追加調達結果,平均約定価格（TSO別）[円/kW・30分],0,0,0,0,0,0,0,0,0,0
20250710B02,追加調達結果,約定量合計（TSO別）[MW],0,0,0,0,0,0,0,0,0,0
20250710B02,追加調達結果,（内訳）自エリアからの約定量[MW],0,0,0,0,0,0,0,0,0,0
20250710B02,合計（確報値）,募集量（TSO別）[MW],76,83,471,0,68,340,219,47,206,1510
20250710B02,合計（確報値）,応札量合計（電源属地別）[MW],118.2,29.069,70.517,50.113,35,194.766,243.709,79,298.308,1118.682
20250710B02,合計（確報値）,約定量合計（電源属地別）[MW],118.2,29.069,70.517,50.113,35,194.766,243.709,79,200.43,1020.804
20250710B02,合計（確報値）,応札件数（電源属地別）[件],4,2,5,5,1,6,6,3,10,42
20250710B02,合計（確報値）,約定件数（電源属地別）[件],4,2,5,5,1,6,6,3,7,39
20250710B02,合計（確報値）,最高約定価格（電源属地別）[円/kW・30分],19.51,16.47,19.51,19.51,0.96,9.53,19.51,6.04,19.51,19.51
20250710B02,合計（確報値）,最低約定価格（電源属地別）[円/kW・30分],2.14,4.47,1.87,4.05,0.96,0.36,0.36,1.05,0.36,0.36
20250710B02,合計（確報値）,平均約定価格（電源属地別）[円/kW・30分],5.7,8.21,2.44,4.81,0.96,3.04,2.61,3.55,1.17,3.04
20250710B02,合計（確報値）,最高約定価格（TSO別）[円/kW・30分],19.51,16.47,19.51,0,0.96,19.51,2.78,6.04,19.51,19.51
20250710B02,合計（確報値）,最低約定価格（TSO別）[円/kW・30分],2.14,4.47,1.87,0,0.96,0.36,0.36,1.05,0.36,0.36
20250710B02,合計（確報値）,平均約定価格（TSO別）[円/kW・30分],5.7,8.21,2.44,0,0.96,3.52,2.51,3,1.19,3.04
20250710B02,合計（確報値）,約定量合計（TSO別）[MW],118.2,29.069,70.517,0,35,299.896,219,47,202.122,1020.804
20250710B02,合計（確報値）,（内訳）自エリアからの約定量[MW],118.2,29.069,70.517,0,35,194.766,219,47,200.43,913.982
20250710B03,システム約定結果,募集量（TSO別）[MW],59,151,571,0,70,388,197,44,240,1720
20250710B03,システム約定結果,応札量合計（電源属地別）[MW],101.49,29.069,4.96,1.92,35,195.408,243.709,79,17.308,707.864
20250710B03,システム約定結果,落札量合計（電源属地別）[MW],99.3,29.069,4.96,1.92,35,195.408,243.709,79,17.308,705.674
20250710B03,システム約定結果,応札件数（電源属地別）[件],4,2,4,1,1,6,6,3,6,33
20250710B03,システム約定結果,落札件数（電源属地別）[件],3,2,4,1,1,6,6,3,6,32
20250710B03,システム約定結果,最高落札価格（電源属地別）[円/kW・30分],19.5,16.47,19.51,19.51,1.22,9.53,19.51,5.9,19.51,19.51
20250710B03,システム約定結果,最低落札価格（電源属地別）[円/kW・30分],2.4,5.34,19.5,19.51,1.22,0.36,0.36,1.62,0.36,0.36
20250710B03,システム約定結果,平均落札価格（電源属地別）[円/kW・30分],3.9,8.81,19.5,19.51,1.22,3.37,2.37,3.5,8.39,3.51
20250710B03,システム約定結果,最高落札価格（TSO別）[円/kW・30分],19.5,16.47,19.51,0,2.2,19.51,2.48,5.9,19.51,19.51
20250710B03,システム約定結果,最低落札価格（TSO別）[円/kW・30分],2.4,5.34,5.34,0,1.22,0.36,0.36,1.62,0.36,0.36
20250710B03,システム約定結果,平均落札価格（TSO別）[円/kW・30分],3.9,11.62,9.25,0,1.58,3.6,2.23,2.46,8.78,3.51
20250710B03,システム約定結果,落札量合計（TSO別）[MW],99.3,16.069,17.96,0,55,255.237,197,44,21.108,705.674
20250710B03,システム約定結果,（内訳）自エリアからの落札量[MW],99.3,16.069,4.96,0,35,175.408,197,44,17.308,589.045
20250710B03,追加調達結果,募集量（TSO別）[MW],-,-,-,-,-,-,-,-,-,-
20250710B03,追加調達結果,応札量合計（電源属地別）[MW],0,0,0,0,0,0,0,0,0,0
20250710B03,追加調達結果,約定量合計（電源属地別）[MW],0,0,0,0,0,0,0,0,0,0
20250710B03,追加調達結果,応札件数（電源属地別）[件],0,0,0,0,0,0,0,0,0,0
20250710B03,追加調達結果,約定件数（電源属地別）[件],0,0,0,0,0,0,0,0,0,0
20250710B03,追加調達結果,最高約定価格（電源属地別）[円/kW・30分],0,0,0,0,0,0,0,0,0,0
20250710B03,追加調達結果,最低約定価格（電源属地別）[円/kW・30分],0,0,0,0,0,0,0,0,0,0
20250710B03,追加調達結果,平均約定価格（電源属地別）[円/kW・30分],0,0,0,0,0,0,0,0,0,0
20250710B03,追加調達結果,最高約定価格（TSO別）[円/kW・30分],0,0,0,0,0,0,0,0,0,0
20250710B03,追加調達結果,最低約定価格（TSO別）[円/kW・30分],0,0,0,0,0,0,0,0,0,0
20250710B03,追加調達結果,平均約定価格（TSO別）[円/kW・30分],0,0,0,0,0,0,0,0,0,0
20250710B03,追加調達結果,約定量合計（TSO別）[MW],0,0,0,0,0,0,0,0,0,0
20250710B03,追加調達結果,（内訳）自エリアからの約定量[MW],0,0,0,0,0,0,0,0,0,0
20250710B03,合計（確報値）,募集量（TSO別）[MW],59,151,571,0,70,388,197,44,240,1720
20250710B03,合計（確報値）,応札量合計（電源属地別）[MW],101.49,29.069,4.96,1.92,35,195.408,243.709,79,17.308,707.864
20250710B03,合計（確報値）,約定量合計（電源属地別）[MW],99.3,29.069,4.96,1.92,35,195.408,243.709,79,13.43,701.796
20250710B03,合計（確報値）,応札件数（電源属地別）[件],4,2,4,1,1,6,6,3,6,33
20250710B03,合計（確報値）,約定件数（電源属地別）[件],3,2,4,1,1,6,6,3,4,30
20250710B03,合計（確報値）,最高約定価格（電源属地別）[円/kW・30分],19.5,16.47,19.51,19.51,1.22,9.53,19.51,5.9,19.51,19.51
20250710B03,合計（確報値）,最低約定価格（電源属地別）[円/kW・30分],2.4,5.34,19.5,19.51,1.22,0.36,0.36,1.62,0.36,0.36
20250710B03,合計（確報値）,平均約定価格（電源属地別）[円/kW・30分],3.9,8.81,19.5,19.51,1.22,3.37,2.37,3.5,5.25,3.43
20250710B03,合計（確報値）,最高約定価格（TSO別）[円/kW・30分],19.5,16.47,19.51,0,2.2,19.51,2.48,5.9,19.51,19.51
20250710B03,合計（確報値）,最低約定価格（TSO別）[円/kW・30分],2.4,5.34,5.34,0,1.22,0.36,0.36,1.62,0.36,0.36
20250710B03,合計（確報値）,平均約定価格（TSO別）[円/kW・30分],3.9,11.62,9.25,0,1.58,3.6,2.23,2.46,6.42,3.43
20250710B03,合計（確報値）,約定量合計（TSO別）[MW],99.3,16.069,17.96,0,55,255.237,197,44,17.23,701.796
20250710B03,合計（確報値）,（内訳）自エリアからの約定量[MW],99.3,16.069,4.96,0,35,175.408,197,44,13.43,585.167
20250710B04,システム約定結果,募集量（TSO別）[MW],103,197,628,25,97,421,209,66,259,2005
20250710B04,システム約定結果,応札量合計（電源属地別）[MW],152.49,29.069,4.968,0,84,197.258,243.709,105,28.531,845.025
20250710B04,システム約定結果,落札量合計（電源属地別）[MW],151.8,29.069,4.968,0,84,197.258,243.709,105,28.531,844.335
20250710B04,システム約定結果,応札件数（電源属地別）[件],5,2,4,0,2,7,6,4,11,41
20250710B04,システム約定結果,落札件数（電源属地別）[件],5,2,4,0,2,7,6,4,11,41
20250710B04,システム約定結果,最高落札価格（電源属地別）[円/kW・30分],19.51,16.47,19.5,0,4.07,18.56,19.51,5.73,19.51,19.51
20250710B04,システム約定結果,最低落札価格（電源属地別）[円/kW・30分],2.97,4.77,19.5,0,4,3.22,0.36,1.48,0.36,0.36
20250710B04,システム約定結果,平均落札価格（電源属地別）[円/kW・30分],5.67,8.42,19.5,0,4.03,6.19,3.07,3.03,11.11,4.91
20250710B04,システム約定結果,最高落札価格（TSO別）[円/kW・30分],19.51,16.47,19.5,0,4.07,18.56,19.51,5.73,19.51,19.51
20250710B04,システム約定結果,最低落札価格（TSO別）[円/kW・30分],2.97,4.77,19.5,0,4,1.83,0.36,1.48,0.36,0.36
20250710B04,システム約定結果,平均落札価格（TSO別）[円/kW・30分],5.67,8.42,19.5,0,4.03,5.36,3.29,2.3,11.11,4.91
20250710B04,システム約定結果,落札量合計（TSO別）[MW],151.8,29.069,4.968,0,84,275.616,190.093,80.258,28.531,844.335
20250710B04,システム約定結果,（内訳）自エリアからの落札量[MW],151.8,29.069,4.968,0,84,197.258,167.351,80.258,28.531,743.235
20250710B04,追加調達結果,募集量（TSO別）[MW],-,-,-,-,-,-,-,-,-,-
20250710B04,追加調達結果,応札量合計（電源属地別）[MW],0,0,0,0,0,0,0,0,0,0
20250710B04,追加調達結果,約定量合計（電源属地別）[MW],0,0,0,0,0,0,0,0,0,0
20250710B04,追加調達結果,応札件数（電源属地別）[件],0,0,0,0,0,0,0,0,0,0
20250710B04,追加調達結果,約定件数（電源属地別）[件],0,0,0,0,0,0,0,0,0,0
20250710B04,追加調達結果,最高約定価格（電源属地別）[円/kW・30分],0,0,0,0,0,0,0,0,0,0
20250710B04,追加調達結果,最低約定価格（電源属地別）[円/kW・30分],0,0,0,0,0,0,0,0,0,0
20250710B04,追加調達結果,平均約定価格（電源属地別）[円/kW・30分],0,0,0,0,0,0,0,0,0,0
20250710B04,追加調達結果,最高約定価格（TSO別）[円/kW・30分],0,0,0,0,0,0,0,0,0,0
20250710B04,追加調達結果,最低約定価格（TSO別）[円/kW・30分],0,0,0,0,0,0,0,0,0,0
20250710B04,追加調達結果,平均約定価格（TSO別）[円/kW・30分],0,0,0,0,0,0,0,0,0,0
20250710B04,追加調達結果,約定量合計（TSO別）[MW],0,0,0,0,0,0,0,0,0,0
20250710B04,追加調達結果,（内訳）自エリアからの約定量[MW],0,0,0,0,0,0,0,0,0,0
20250710B04,合計（確報値）,募集量（TSO別）[MW],103,197,628,25,97,421,209,66,259,2005
20250710B04,合計（確報値）,応札量合計（電源属地別）[MW],152.49,29.069,4.968,0,84,197.258,257.476,105,28.531,858.792
20250710B04,合計（確報値）,約定量合計（電源属地別）[MW],151.8,29.069,4.968,0,84,197.258,159.152,105,24.653,755.9
20250710B04,合計（確報値）,応札件数（電源属地別）[件],5,2,4,0,2,7,7,4,11,42
20250710B04,合計（確報値）,約定件数（電源属地別）[件],5,2,4,0,2,7,6,4,9,39
20250710B04,合計（確報値）,最高約定価格（電源属地別）[円/kW・30分],19.51,16.47,19.5,0,4.07,18.56,19.51,5.73,19.51,19.51
20250710B04,合計（確報値）,最低約定価格（電源属地別）[円/kW・30分],2.97,4.77,19.5,0,4,3.22,0.36,1.48,0.36,0.36
20250710B04,合計（確報値）,平均約定価格（電源属地別）[円/kW・30分],5.67,8.42,19.5,0,4.03,6.19,2.92,3.03,9.83,5.01
20250710B04,合計（確報値）,最高約定価格（TSO別）[円/kW・30分],19.51,16.47,19.5,0,4.07,18.56,19.51,5.73,19.51,19.51
20250710B04,合計（確報値）,最低約定価格（TSO別）[円/kW・30分],2.97,4.77,19.5,0,4,1.83,0.36,1.48,0.36,0.36
20250710B04,合計（確報値）,平均約定価格（TSO別）[円/kW・30分],5.67,8.42,19.5,0,4.03,5.81,3.28,2.3,9.83,5.01
20250710B04,合計（確報値）,約定量合計（TSO別）[MW],151.8,29.069,4.968,0,84,225.542,155.61,80.258,24.653,755.9
20250710B04,合計（確報値）,（内訳）自エリアからの約定量[MW],151.8,29.069,4.968,0,84,197.258,132.868,80.258,24.653,704.874
20250710B05,システム約定結果,募集量（TSO別）[MW],97,191,628,17,96,382,185,77,262,1935
20250710B05,システム約定結果,応札量合計（電源属地別）[MW],104.79,29.069,6.577,1.92,84,197.258,243.709,110,19.879,797.202
20250710B05,システム約定結果,落札量合計（電源属地別）[MW],102.8,29.069,6.577,1.92,84,197.258,243.709,110,19.879,795.212
20250710B05,システム約定結果,応札件数（電源属地別）[件],5,2,5,1,2,7,6,4,6,38
20250710B05,システム約定結果,落札件数（電源属地別）[件],4,2,5,1,2,7,6,4,6,37
20250710B05,システム約定結果,最高落札価格（電源属地別）[円/kW・30分],19.51,16.47,19.5,19.51,5.74,18.56,19.51,5.34,19.5,19.51
20250710B05,システム約定結果,最低落札価格（電源属地別）[円/kW・30分],1.29,3.71,5.57,19.51,5.67,3.62,0.63,0.72,0.36,0.36
20250710B05,システム約定結果,平均落札価格（電源属地別）[円/kW・30分],11.35,7.69,16.09,19.51,5.7,6.51,3.31,2.56,7.61,5.7
20250710B05,システム約定結果,最高落札価格（TSO別）[円/kW・30分],19.51,16.47,19.5,19.51,5.74,18.56,3.58,5.34,19.51,19.51
20250710B05,システム約定結果,最低落札価格（TSO別）[円/kW・30分],1.29,3.71,5.57,19.51,3.47,3.58,0.63,0.72,0.36,0.36
20250710B05,システム約定結果,平均落札価格（TSO別）[円/kW・30分],11.35,7.69,16.09,19.51,5.67,6.24,3.14,1.56,5.01,5.7
20250710B05,システム約定結果,落札量合計（TSO別）[MW],102.8,29.069,6.577,1.92,85,236.648,185,80.968,67.23,795.212
20250710B05,システム約定結果,（内訳）自エリアからの落札量[MW],102.8,29.069,6.577,1.92,84,197.258,185,80.968,19.879,707.471
20250710B05,追加調達結果,募集量（TSO別）[MW],-,-,-,-,-,-,-,-,-,-
20250710B05,追加調達結果,応札量合計（電源属地別）[MW],0,0,0,0,0,0,0,0,0,0
20250710B05,追加調達結果,約定量合計（電源属地別）[MW],0,0,0,0,0,0,0,0,0,0
20250710B05,追加調達結果,応札件数（電源属地別）[件],0,0,0,0,0,0,0,0,0,0
20250710B05,追加調達結果,約定件数（電源属地別）[件],0,0,0,0,0,0,0,0,0,0
20250710B05,追加調達結果,最高約定価格（電源属地別）[円/kW・30分],0,0,0,0,0,0,0,0,0,0
20250710B05,追加調達結果,最低約定価格（電源属地別）[円/kW・30分],0,0,0,0,0,0,0,0,0,0
20250710B05,追加調達結果,平均約定価格（電源属地別）[円/kW・30分],0,0,0,0,0,0,0,0,0,0
20250710B05,追加調達結果,最高約定価格（TSO別）[円/kW・30分],0,0,0,0,0,0,0,0,0,0
20250710B05,追加調達結果,最低約定価格（TSO別）[円/kW・30分],0,0,0,0,0,0,0,0,0,0
20250710B05,追加調達結果,平均約定価格（TSO別）[円/kW・30分],0,0,0,0,0,0,0,0,0,0
20250710B05,追加調達結果,約定量合計（TSO別）[MW],0,0,0,0,0,0,0,0,0,0
20250710B05,追加調達結果,（内訳）自エリアからの約定量[MW],0,0,0,0,0,0,0,0,0,0
20250710B05,合計（確報値）,募集量（TSO別）[MW],97,191,628,17,96,382,185,77,262,1935
20250710B05,合計（確報値）,応札量合計（電源属地別）[MW],104.79,29.069,6.577,1.92,84,197.258,257.476,110,19.879,810.969
20250710B05,合計（確報値）,約定量合計（電源属地別）[MW],102.8,29.069,4.968,1.92,84,197.258,159.152,110,17.89,707.057
20250710B05,合計（確報値）,応札件数（電源属地別）[件],5,2,5,1,2,7,7,4,6,39
20250710B05,合計（確報値）,約定件数（電源属地別）[件],4,2,4,1,2,7,6,4,5,35
20250710B05,合計（確報値）,最高約定価格（電源属地別）[円/kW・30分],19.51,16.47,19.5,19.51,5.74,18.56,19.51,5.34,19.5,19.51
20250710B05,合計（確報値）,最低約定価格（電源属地別）[円/kW・30分],1.29,3.71,19.5,19.51,5.67,3.62,0.63,0.72,0.36,0.36
20250710B05,合計（確報値）,平均約定価格（電源属地別）[円/kW・30分],11.35,7.69,19.5,19.51,5.7,6.51,3.17,2.56,6.34,5.92
20250710B05,合計（確報値）,最高約定価格（TSO別）[円/kW・30分],19.51,16.47,19.5,19.51,5.74,18.56,3.58,5.34,19.51,19.51
20250710B05,合計（確報値）,最低約定価格（TSO別）[円/kW・30分],1.29,3.71,19.5,19.51,3.47,3.62,0.63,0.72,0.36,0.36
20250710B05,合計（確報値）,平均約定価格（TSO別）[円/kW・30分],11.35,7.69,19.5,19.51,5.67,6.36,3.04,1.56,6.14,5.92
20250710B05,合計（確報値）,約定量合計（TSO別）[MW],102.8,29.069,4.968,1.92,85,226.29,150.517,80.968,25.525,707.057
20250710B05,合計（確報値）,（内訳）自エリアからの約定量[MW],102.8,29.069,4.968,1.92,84,197.258,150.517,80.968,17.89,669.39
20250710B06,システム約定結果,募集量（TSO別）[MW],92,191,632,82,103,382,248,64,259,2053
20250710B06,システム約定結果,応札量合計（電源属地別）[MW],147.8,41.069,9.577,1.92,35,194.748,259.576,79,24.531,793.221
20250710B06,システム約定結果,落札量合計（電源属地別）[MW],147.8,41.069,9.577,1.92,35,194.748,259.576,79,24.531,793.221
20250710B06,システム約定結果,応札件数（電源属地別）[件],4,3,8,1,1,6,7,3,10,43
20250710B06,システム約定結果,落札件数（電源属地別）[件],4,3,8,1,1,6,7,3,10,43
20250710B06,システム約定結果,最高落札価格（電源属地別）[円/kW・30分],19.51,16.47,19.5,19.51,7.53,18.56,19.51,6.34,19.51,19.51
20250710B06,システム約定結果,最低落札価格（電源属地別）[円/kW・30分],0.36,1.71,5.57,19.51,7.53,5.41,2.43,4.86,1.4,0.36
20250710B06,システム約定結果,平均落札価格（電源属地別）[円/kW・30分],7.23,5.06,17.16,19.51,7.53,7.84,5.33,5.35,12.15,6.78
20250710B06,システム約定結果,最高落札価格（TSO別）[円/kW・30分],19.51,16.47,19.5,19.51,7.53,18.56,19.51,6.34,19.51,19.51
20250710B06,システム約定結果,最低落札価格（TSO別）[円/kW・30分],0.36,1.71,5.57,19.51,7.53,4.86,2.43,4.86,1.4,0.36
20250710B06,システム約定結果,平均落札価格（TSO別）[円/kW・30分],7.23,5.06,17.16,19.51,7.53,7.4,5.32,5.6,12.15,6.78
20250710B06,システム約定結果,落札量合計（TSO別）[MW],147.8,41.069,9.577,1.92,35,232.324,248,53,24.531,793.221
20250710B06,システム約定結果,（内訳）自エリアからの落札量[MW],147.8,41.069,9.577,1.92,35,194.748,248,53,24.531,755.645
20250710B06,追加調達結果,募集量（TSO別）[MW],-,-,-,-,-,-,-,-,-,-
20250710B06,追加調達結果,応札量合計（電源属地別）[MW],0,0,0,0,0,0,0,0,0,0
20250710B06,追加調達結果,約定量合計（電源属地別）[MW],0,0,0,0,0,0,0,0,0,0
20250710B06,追加調達結果,応札件数（電源属地別）[件],0,0,0,0,0,0,0,0,0,0
20250710B06,追加調達結果,約定件数（電源属地別）[件],0,0,0,0,0,0,0,0,0,0
20250710B06,追加調達結果,最高約定価格（電源属地別）[円/kW・30分],0,0,0,0,0,0,0,0,0,0
20250710B06,追加調達結果,最低約定価格（電源属地別）[円/kW・30分],0,0,0,0,0,0,0,0,0,0
20250710B06,追加調達結果,平均約定価格（電源属地別）[円/kW・30分],0,0,0,0,0,0,0,0,0,0
20250710B06,追加調達結果,最高約定価格（TSO別）[円/kW・30分],0,0,0,0,0,0,0,0,0,0
20250710B06,追加調達結果,最低約定価格（TSO別）[円/kW・30分],0,0,0,0,0,0,0,0,0,0
20250710B06,追加調達結果,平均約定価格（TSO別）[円/kW・30分],0,0,0,0,0,0,0,0,0,0
20250710B06,追加調達結果,約定量合計（TSO別）[MW],0,0,0,0,0,0,0,0,0,0
20250710B06,追加調達結果,（内訳）自エリアからの約定量[MW],0,0,0,0,0,0,0,0,0,0
20250710B06,合計（確報値）,募集量（TSO別）[MW],92,191,632,82,103,382,248,64,259,2053
20250710B06,合計（確報値）,応札量合計（電源属地別）[MW],147.8,41.069,9.577,1.92,35,194.748,314.664,79,24.531,848.309
20250710B06,合計（確報値）,約定量合計（電源属地別）[MW],147.8,41.069,7.968,1.92,35,194.748,216.34,79,20.653,744.498
20250710B06,合計（確報値）,応札件数（電源属地別）[件],4,3,8,1,1,6,11,3,10,47
20250710B06,合計（確報値）,約定件数（電源属地別）[件],4,3,7,1,1,6,10,3,8,43
20250710B06,合計（確報値）,最高約定価格（電源属地別）[円/kW・30分],19.51,16.47,19.5,19.51,7.53,18.56,19.51,6.34,19.51,19.51
20250710B06,合計（確報値）,最低約定価格（電源属地別）[円/kW・30分],0.36,1.71,19.5,19.51,7.53,5.41,0.36,4.86,1.4,0.36
20250710B06,合計（確報値）,平均約定価格（電源属地別）[円/kW・30分],7.23,5.06,19.5,19.51,7.53,7.84,4.33,5.35,10.81,6.51
20250710B06,合計（確報値）,最高約定価格（TSO別）[円/kW・30分],19.51,16.47,19.5,19.51,7.53,18.56,19.51,6.34,19.51,19.51
20250710B06,合計（確報値）,最低約定価格（TSO別）[円/kW・30分],0.36,1.71,19.5,19.51,7.53,4.86,0.36,4.86,1.4,0.36
20250710B06,合計（確報値）,平均約定価格（TSO別）[円/kW・30分],7.23,5.06,19.5,19.51,7.53,7.4,4.25,5.6,10.81,6.51
20250710B06,合計（確報値）,約定量合計（TSO別）[MW],147.8,41.069,7.968,1.92,35,232.324,204.764,53,20.653,744.498
20250710B06,合計（確報値）,（内訳）自エリアからの約定量[MW],147.8,41.069,7.968,1.92,35,194.748,204.764,53,20.653,706.922
20250710B07,システム約定結果,募集量（TSO別）[MW],91,161,629,50,102,371,244,52,242,1942
20250710B07,システム約定結果,応札量合計（電源属地別）[MW],101.49,41.069,66.849,13.968,35,194.748,285.03,79,179.793,996.947
20250710B07,システム約定結果,落札量合計（電源属地別）[MW],100.8,41.069,66.849,13.968,35,194.748,285.03,79,179.793,996.257
20250710B07,システム約定結果,応札件数（電源属地別）[件],4,3,10,2,1,6,9,3,10,48
20250710B07,システム約定結果,落札件数（電源属地別）[件],4,3,10,2,1,6,9,3,10,48
20250710B07,システム約定結果,最高落札価格（電源属地別）[円/kW・30分],19.5,16.47,19.5,19.51,6.44,18.56,19.51,9.13,19.51,19.51
20250710B07,システム約定結果,最低落札価格（電源属地別）[円/kW・30分],0.36,2.2,5.57,6.9,6.44,3.56,3.38,4.83,4.1,0.36
20250710B07,システム約定結果,平均落札価格（電源属地別）[円/kW・30分],1.19,5.41,9.67,8.63,6.44,6.46,6.15,6.99,6.18,6.03
20250710B07,システム約定結果,最高落札価格（TSO別）[円/kW・30分],19.5,16.47,19.5,19.51,6.44,18.56,19.51,9.13,19.51,19.51
20250710B07,システム約定結果,最低落札価格（TSO別）[円/kW・30分],0.36,2.2,5.57,19.51,6.44,3.52,3.38,7.02,4.9,0.36
20250710B07,システム約定結果,平均落札価格（TSO別）[円/kW・30分],1.19,5.41,9.67,19.51,6.44,6.32,5.87,8.61,6.28,6.03
20250710B07,システム約定結果,落札量合計（TSO別）[MW],100.8,41.069,66.849,1.92,35,352.026,185.8,45,167.793,996.257
20250710B07,システム約定結果,（内訳）自エリアからの落札量[MW],100.8,41.069,66.849,1.92,35,194.748,185.8,45,167.793,838.979
20250710B07,追加調達結果,募集量（TSO別）[MW],-,-,-,-,-,-,-,-,-,-
20250710B07,追加調達結果,応札量合計（電源属地別）[MW],0,0,0,0,0,0,0,0,0,0
20250710B07,追加調達結果,約定量合計（電源属地別）[MW],0,0,0,0,0,0,0,0,0,0
20250710B07,追加調達結果,応札件数（電源属地別）[件],0,0,0,0,0,0,0,0,0,0
20250710B07,追加調達結果,約定件数（電源属地別）[件],0,0,0,0,0,0,0,0,0,0
20250710B07,追加調達結果,最高約定価格（電源属地別）[円/kW・30分],0,0,0,0,0,0,0,0,0,0
20250710B07,追加調達結果,最低約定価格（電源属地別）[円/kW・30分],0,0,0,0,0,0,0,0,0,0
20250710B07,追加調達結果,平均約定価格（電源属地別）[円/kW・30分],0,0,0,0,0,0,0,0,0,0
20250710B07,追加調達結果,最高約定価格（TSO別）[円/kW・30分],0,0,0,0,0,0,0,0,0,0
20250710B07,追加調達結果,最低約定価格（TSO別）[円/kW・30分],0,0,0,0,0,0,0,0,0,0
20250710B07,追加調達結果,平均約定価格（TSO別）[円/kW・30分],0,0,0,0,0,0,0,0,0,0
20250710B07,追加調達結果,約定量合計（TSO別）[MW],0,0,0,0,0,0,0,0,0,0
20250710B07,追加調達結果,（内訳）自エリアからの約定量[MW],0,0,0,0,0,0,0,0,0,0
20250710B07,合計（確報値）,募集量（TSO別）[MW],91,161,629,50,102,371,244,52,242,1942
20250710B07,合計（確報値）,応札量合計（電源属地別）[MW],101.49,41.069,66.849,13.968,35,194.748,344.149,79,179.793,1056.066
20250710B07,合計（確報値）,約定量合計（電源属地別）[MW],100.8,41.069,65.24,13.968,35,194.748,245.825,79,175.915,951.565
20250710B07,合計（確報値）,応札件数（電源属地別）[件],4,3,10,2,1,6,14,3,10,53
20250710B07,合計（確報値）,約定件数（電源属地別）[件],4,3,9,2,1,6,13,3,8,49
20250710B07,合計（確報値）,最高約定価格（電源属地別）[円/kW・30分],19.5,16.47,19.5,19.51,6.44,18.56,19.51,9.13,19.51,19.51
20250710B07,合計（確報値）,最低約定価格（電源属地別）[円/kW・30分],0.36,2.2,6.02,6.9,6.44,3.56,1.94,4.83,4.1,0.36
20250710B07,合計（確報値）,平均約定価格（電源属地別）[円/kW・30分],1.19,5.41,9.78,8.63,6.44,6.46,5.54,6.99,5.89,5.82
20250710B07,合計（確報値）,最高約定価格（TSO別）[円/kW・30分],19.5,16.47,19.5,19.51,6.44,18.56,19.51,9.13,19.51,19.51
20250710B07,合計（確報値）,最低約定価格（TSO別）[円/kW・30分],0.36,2.2,6.02,19.51,6.44,1.94,1.94,7.02,4.9,0.36
20250710B07,合計（確報値）,平均約定価格（TSO別）[円/kW・30分],1.19,5.41,9.78,19.51,6.44,6.08,5.5,8.61,5.98,5.82
20250710B07,合計（確報値）,約定量合計（TSO別）[MW],100.8,41.069,65.24,1.92,35,312.821,185.8,45,163.915,951.565
20250710B07,合計（確報値）,（内訳）自エリアからの約定量[MW],100.8,41.069,65.24,1.92,35,194.748,185.8,45,163.915,833.492
20250710B08,システム約定結果,募集量（TSO別）[MW],98,105,601,0,92,345,194,56,235,1726
20250710B08,システム約定結果,応札量合計（電源属地別）[MW],120.19,20,19.259,13.968,35,194.766,285.03,79,84.308,851.521
20250710B08,システム約定結果,落札量合計（電源属地別）[MW],119.5,20,19.259,13.968,35,194.766,285.03,79,84.308,850.831
20250710B08,システム約定結果,応札件数（電源属地別）[件],5,1,2,2,1,6,9,3,8,37
20250710B08,システム約定結果,落札件数（電源属地別）[件],5,1,2,2,1,6,9,3,8,37
20250710B08,システム約定結果,最高落札価格（電源属地別）[円/kW・30分],19.51,3.98,5.57,19.51,3.36,9.53,19.51,5.47,19.51,19.51
20250710B08,システム約定結果,最低落札価格（電源属地別）[円/kW・30分],1.67,3.98,3.89,3.68,3.36,0.44,1.78,1.17,1.25,0.44
20250710B08,システム約定結果,平均落札価格（電源属地別）[円/kW・30分],4.91,3.98,4.03,5.86,3.36,4,4.55,3.33,4.55,4.31
20250710B08,システム約定結果,最高落札価格（TSO別）[円/kW・30分],19.51,0,5.57,0,5.47,19.51,5.26,5.47,19.51,19.51
20250710B08,システム約定結果,最低落札価格（TSO別）[円/kW・30分],1.67,0,3.89,0,1.17,0.44,1.78,1.17,1.25,0.44
20250710B08,システム約定結果,平均落札価格（TSO別）[円/kW・30分],4.91,0,4,0,3.62,4.57,4.19,2.76,4.5,4.31
20250710B08,システム約定結果,落札量合計（TSO別）[MW],119.5,0,39.259,0,61,283.403,194,56,97.669,850.831
20250710B08,システム約定結果,（内訳）自エリアからの落札量[MW],119.5,0,19.259,0,35,194.766,194,56,84.308,702.833
20250710B08,追加調達結果,募集量（TSO別）[MW],-,-,-,-,-,-,-,-,-,-
20250710B08,追加調達結果,応札量合計（電源属地別）[MW],0,0,0,0,0,0,0,0,0,0
20250710B08,追加調達結果,約定量合計（電源属地別）[MW],0,0,0,0,0,0,0,0,0,0
20250710B08,追加調達結果,応札件数（電源属地別）[件],0,0,0,0,0,0,0,0,0,0
20250710B08,追加調達結果,約定件数（電源属地別）[件],0,0,0,0,0,0,0,0,0,0
20250710B08,追加調達結果,最高約定価格（電源属地別）[円/kW・30分],0,0,0,0,0,0,0,0,0,0
20250710B08,追加調達結果,最低約定価格（電源属地別）[円/kW・30分],0,0,0,0,0,0,0,0,0,0
20250710B08,追加調達結果,平均約定価格（電源属地別）[円/kW・30分],0,0,0,0,0,0,0,0,0,0
20250710B08,追加調達結果,最高約定価格（TSO別）[円/kW・30分],0,0,0,0,0,0,0,0,0,0
20250710B08,追加調達結果,最低約定価格（TSO別）[円/kW・30分],0,0,0,0,0,0,0,0,0,0
20250710B08,追加調達結果,平均約定価格（TSO別）[円/kW・30分],0,0,0,0,0,0,0,0,0,0
20250710B08,追加調達結果,約定量合計（TSO別）[MW],0,0,0,0,0,0,0,0,0,0
20250710B08,追加調達結果,（内訳）自エリアからの約定量[MW],0,0,0,0,0,0,0,0,0,0
20250710B08,合計（確報値）,募集量（TSO別）[MW],98,105,601,0,92,345,194,56,235,1726
20250710B08,合計（確報値）,応札量合計（電源属地別）[MW],120.19,20,19.259,13.968,35,194.766,285.03,79,84.308,851.521
20250710B08,合計（確報値）,約定量合計（電源属地別）[MW],119.5,20,17.65,13.968,35,194.766,285.03,79,80.43,845.344
20250710B08,合計（確報値）,応札件数（電源属地別）[件],5,1,2,2,1,6,9,3,8,37
20250710B08,合計（確報値）,約定件数（電源属地別）[件],5,1,1,2,1,6,9,3,6,34
20250710B08,合計（確報値）,最高約定価格（電源属地別）[円/kW・30分],19.51,3.98,3.89,19.51,3.36,9.53,19.51,5.47,19.51,19.51
20250710B08,合計（確報値）,最低約定価格（電源属地別）[円/kW・30分],1.67,3.98,3.89,3.68,3.36,0.44,1.78,1.17,1.25,0.44
20250710B08,合計（確報値）,平均約定価格（電源属地別）[円/kW・30分],4.91,3.98,3.89,5.86,3.36,4,4.55,3.33,3.84,4.24
20250710B08,合計（確報値）,最高約定価格（TSO別）[円/kW・30分],19.51,0,3.98,0,5.47,19.51,5.26,5.47,19.51,19.51
20250710B08,合計（確報値）,最低約定価格（TSO別）[円/kW・30分],1.67,0,3.89,0,1.17,0.44,1.78,1.17,1.25,0.44
20250710B08,合計（確報値）,平均約定価格（TSO別）[円/kW・30分],4.91,0,3.94,0,3.62,4.57,4.19,2.76,3.89,4.24
20250710B08,合計（確報値）,約定量合計（TSO別）[MW],119.5,0,37.65,0,61,283.403,194,56,93.791,845.344
20250710B08,合計（確報値）,（内訳）自エリアからの約定量[MW],119.5,0,17.65,0,35,194.766,194,56,80.43,697.346
20250711B01,システム約定結果,募集量（TSO別）[MW],85,63,523,0,54,341,221,46,180,1513
20250711B01,システム約定結果,応札量合計（電源属地別）[MW],101.49,29.069,1.96,62.161,35,148.009,241.909,79,115.419,814.017
20250711B01,システム約定結果,落札量合計（電源属地別）[MW],99.5,29.069,1.96,62.161,35,148.009,241.909,79,115.419,812.027
20250711B01,システム約定結果,応札件数（電源属地別）[件],4,2,1,6,1,5,5,3,8,35
20250711B01,システム約定結果,落札件数（電源属地別）[件],3,2,1,6,1,5,5,3,8,34
20250711B01,システム約定結果,最高落札価格（電源属地別）[円/kW・30分],19.51,16.47,19.51,19.51,1.1,7.6,2.81,6.01,19.51,19.51
20250711B01,システム約定結果,最低落札価格（電源属地別）[円/kW・30分],2.26,4.67,19.51,3.2,1.1,0.36,0.36,1.17,0.36,0.36
20250711B01,システム約定結果,平均落札価格（電源属地別）[円/kW・30分],3.91,8.35,19.51,4.59,1.1,0.93,2.51,3.41,2.07,2.77
20250711B01,システム約定結果,最高落札価格（TSO別）[円/kW・30分],19.51,16.47,19.51,0,1.1,19.51,2.81,6.01,19.51,19.51
20250711B01,システム約定結果,最低落札価格（TSO別）[円/kW・30分],2.26,4.67,19.51,0,1.1,0.36,0.36,1.17,0.36,0.36
20250711B01,システム約定結果,平均落札価格（TSO別）[円/kW・30分],3.91,8.35,19.51,0,1.1,2.33,2.49,2.71,2.17,2.77
20250711B01,システム約定結果,落札量合計（TSO別）[MW],99.5,29.069,1.96,0,35,243.17,221,46,136.328,812.027
20250711B01,システム約定結果,（内訳）自エリアからの落札量[MW],99.5,29.069,1.96,0,35,148.009,221,46,115.419,695.957
20250711B01,追加調達結果,募集量（TSO別）[MW],-,-,-,-,-,-,-,-,-,-
20250711B01,追加調達結果,応札量合計（電源属地別）[MW],0,0,0,0,0,0,0,0,0,0
20250711B01,追加調達結果,約定量合計（電源属地別）[MW],0,0,0,0,0,0,0,0,0,0
20250711B01,追加調達結果,応札件数（電源属地別）[件],0,0,0,0,0,0,0,0,0,0
20250711B01,追加調達結果,約定件数（電源属地別）[件],0,0,0,0,0,0,0,0,0,0
20250711B01,追加調達結果,最高約定価格（電源属地別）[円/kW・30分],0,0,0,0,0,0,0,0,0,0
20250711B01,追加調達結果,最低約定価格（電源属地別）[円/kW・30分],0,0,0,0,0,0,0,0,0,0
20250711B01,追加調達結果,平均約定価格（電源属地別）[円/kW・30分],0,0,0,0,0,0,0,0,0,0
20250711B01,追加調達結果,最高約定価格（TSO別）[円/kW・30分],0,0,0,0,0,0,0,0,0,0
20250711B01,追加調達結果,最低約定価格（TSO別）[円/kW・30分],0,0,0,0,0,0,0,0,0,0
20250711B01,追加調達結果,平均約定価格（TSO別）[円/kW・30分],0,0,0,0,0,0,0,0,0,0
20250711B01,追加調達結果,約定量合計（TSO別）[MW],0,0,0,0,0,0,0,0,0,0
20250711B01,追加調達結果,（内訳）自エリアからの約定量[MW],0,0,0,0,0,0,0,0,0,0
20250711B01,合計（確報値）,募集量（TSO別）[MW],85,63,523,0,54,341,221,46,180,1513
20250711B01,合計（確報値）,応札量合計（電源属地別）[MW],101.49,29.069,1.96,62.161,35,148.009,312.864,79,148.419,917.972
20250711B01,合計（確報値）,約定量合計（電源属地別）[MW],99.5,29.069,1.96,62.161,35,148.009,214.54,79,113.43,782.669
20250711B01,合計（確報値）,応札件数（電源属地別）[件],4,2,1,6,1,5,9,3,9,40
20250711B01,合計（確報値）,約定件数（電源属地別）[件],3,2,1,6,1,5,8,3,7,36
20250711B01,合計（確報値）,最高約定価格（電源属地別）[円/kW・30分],19.51,16.47,19.51,19.51,1.1,7.6,2.81,6.01,19.51,19.51
20250711B01,合計（確報値）,最低約定価格（電源属地別）[円/kW・30分],2.26,4.67,19.51,3.2,1.1,0.36,0.36,1.17,0.36,0.36
20250711B01,合計（確報値）,平均約定価格（電源属地別）[円/kW・30分],3.91,8.35,19.51,4.59,1.1,0.93,2.05,3.41,1.78,2.61
20250711B01,合計（確報値）,最高約定価格（TSO別）[円/kW・30分],19.51,16.47,19.51,0,1.1,19.51,2.81,6.01,19.51,19.51
20250711B01,合計（確報値）,最低約定価格（TSO別）[円/kW・30分],2.26,4.67,19.51,0,1.1,0.36,0.36,1.17,0.36,0.36
20250711B01,合計（確報値）,平均約定価格（TSO別）[円/kW・30分],3.91,8.35,19.51,0,1.1,2.33,1.98,2.71,1.92,2.61
20250711B01,合計（確報値）,約定量合計（TSO別）[MW],99.5,29.069,1.96,0,35,243.17,193.631,46,134.339,782.669
20250711B01,合計（確報値）,（内訳）自エリアからの約定量[MW],99.5,29.069,1.96,0,35,148.009,193.631,46,113.43,666.599
20250711B02,システム約定結果,募集量（TSO別）[MW],76,83,471,0,68,340,219,47,206,1510
20250711B02,システム約定結果,応札量合計（電源属地別）[MW],118.2,29.069,3.569,62.161,35,194.766,243.709,79,178.308,943.782
20250711B02,システム約定結果,落札量合計（電源属地別）[MW],118.2,29.069,3.569,62.161,35,194.766,243.709,79,178.308,943.782
20250711B02,システム約定結果,応札件数（電源属地別）[件],4,2,2,6,1,6,6,3,9,39
20250711B02,システム約定結果,落札件数（電源属地別）[件],4,2,2,6,1,6,6,3,9,39
20250711B02,システム約定結果,最高落札価格（電源属地別）[円/kW・30分],19.51,16.47,19.51,19.51,0.96,9.53,19.51,6.05,19.51,19.51
20250711B02,システム約定結果,最低落札価格（電源属地別）[円/kW・30分],2.14,4.5,5.57,3.19,0.96,0.36,0.36,1.02,0.36,0.36
20250711B02,システム約定結果,平均落札価格（電源属地別）[円/kW・30分],5.69,8.23,13.23,4.58,0.96,3.04,2.57,3.43,1.51,3.22
20250711B02,システム約定結果,最高落札価格（TSO別）[円/kW・30分],19.51,16.47,19.51,0,0.96,19.51,2.73,6.05,19.51,19.51
20250711B02,システム約定結果,最低落札価格（TSO別）[円/kW・30分],2.14,4.5,5.57,0,0.96,0.36,0.36,1.58,0.36,0.36
20250711B02,システム約定結果,平均落札価格（TSO別）[円/kW・30分],5.69,8.23,13.23,0,0.96,3.53,2.46,3.01,1.49,3.22
20250711B02,システム約定結果,落札量合計（TSO別）[MW],118.2,29.069,3.569,0,35,309.424,219,47,182.52,943.782
20250711B02,システム約定結果,（内訳）自エリアからの落札量[MW],118.2,29.069,3.569,0,35,194.766,219,47,178.308,824.912
20250711B02,追加調達結果,募集量（TSO別）[MW],-,-,-,-,-,-,-,-,-,-
20250711B02,追加調達結果,応札量合計（電源属地別）[MW],0,0,0,0,0,0,0,0,0,0
20250711B02,追加調達結果,約定量合計（電源属地別）[MW],0,0,0,0,0,0,0,0,0,0
20250711B02,追加調達結果,応札件数（電源属地別）[件],0,0,0,0,0,0,0,0,0,0
20250711B02,追加調達結果,約定件数（電源属地別）[件],0,0,0,0,0,0,0,0,0,0
20250711B02,追加調達結果,最高約定価格（電源属地別）[円/kW・30分],0,0,0,0,0,0,0,0,0,0
20250711B02,追加調達結果,最低約定価格（電源属地別）[円/kW・30分],0,0,0,0,0,0,0,0,0,0
20250711B02,追加調達結果,平均約定価格（電源属地別）[円/kW・30分],0,0,0,0,0,0,0,0,0,0
20250711B02,追加調達結果,最高約定価格（TSO別）[円/kW・30分],0,0,0,0,0,0,0,0,0,0
20250711B02,追加調達結果,最低約定価格（TSO別）[円/kW・30分],0,0,0,0,0,0,0,0,0,0
20250711B02,追加調達結果,平均約定価格（TSO別）[円/kW・30分],0,0,0,0,0,0,0,0,0,0
20250711B02,追加調達結果,約定量合計（TSO別）[MW],0,0,0,0,0,0,0,0,0,0
20250711B02,追加調達結果,（内訳）自エリアからの約定量[MW],0,0,0,0,0,0,0,0,0,0
20250711B02,合計（確報値）,募集量（TSO別）[MW],76,83,471,0,68,340,219,47,206,1510
20250711B02,合計（確報値）,応札量合計（電源属地別）[MW],118.2,29.069,3.569,62.161,35,194.766,314.664,79,305.308,1141.737
20250711B02,合計（確報値）,約定量合計（電源属地別）[MW],118.2,29.069,1.96,62.161,35,194.766,216.34,79,47.43,783.926
20250711B02,合計（確報値）,応札件数（電源属地別）[件],4,2,2,6,1,6,11,3,12,47
20250711B02,合計（確報値）,約定件数（電源属地別）[件],4,2,1,6,1,6,10,3,5,38
20250711B02,合計（確報値）,最高約定価格（電源属地別）[円/kW・30分],19.51,16.47,19.51,19.51,0.96,9.53,19.51,6.05,19.51,19.51
20250711B02,合計（確報値）,最低約定価格（電源属地別）[円/kW・30分],2.14,4.5,19.51,3.19,0.96,0.36,0.36,1.02,0.36,0.36
20250711B02,合計（確報値）,平均約定価格（電源属地別）[円/kW・30分],5.69,8.23,19.51,4.58,0.96,3.04,2.15,3.43,2.34,3.46
20250711B02,合計（確報値）,最高約定価格（TSO別）[円/kW・30分],19.51,16.47,19.51,0,0.96,19.51,2.73,6.05,19.51,19.51
20250711B02,合計（確報値）,最低約定価格（TSO別）[円/kW・30分],2.14,4.5,19.51,0,0.96,0.36,0.36,1.58,0.36,0.36
20250711B02,合計（確報値）,平均約定価格（TSO別）[円/kW・30分],5.69,8.23,19.51,0,0.96,3.41,2.17,3.01,2.18,3.46
20250711B02,合計（確報値）,約定量合計（TSO別）[MW],118.2,29.069,1.96,0,35,309.424,191.631,47,51.642,783.926
20250711B02,合計（確報値）,（内訳）自エリアからの約定量[MW],118.2,29.069,1.96,0,35,194.766,191.631,47,47.43,665.056
20250711B03,システム約定結果,募集量（TSO別）[MW],59,151,571,0,70,388,197,44,240,1720
20250711B03,システム約定結果,応札量合計（電源属地別）[MW],101.49,29.069,10.089,26.016,35,195.408,243.709,79,17.308,737.089
20250711B03,システム約定結果,落札量合計（電源属地別）[MW],99.3,29.069,10.089,26.016,35,195.408,243.709,79,17.308,734.899
20250711B03,システム約定結果,応札件数（電源属地別）[件],4,2,7,3,1,6,6,3,6,38
20250711B03,システム約定結果,落札件数（電源属地別）[件],3,2,7,3,1,6,6,3,6,37
20250711B03,システム約定結果,最高落札価格（電源属地別）[円/kW・30分],19.5,16.47,19.51,19.51,1.22,9.53,19.51,5.93,19.51,19.51
20250711B03,システム約定結果,最低落札価格（電源属地別）[円/kW・30分],2.4,5.56,0.36,2.93,1.22,0.36,0.36,1.44,0.36,0.36
20250711B03,システム約定結果,平均落札価格（電源属地別）[円/kW・30分],3.9,8.96,10.6,4.25,1.22,3.38,2.35,3.38,8.39,3.47
20250711B03,システム約定結果,最高落札価格（TSO別）[円/kW・30分],19.5,16.47,19.51,0,2.2,19.51,2.45,5.93,19.51,19.51
20250711B03,システム約定結果,最低落札価格（TSO別）[円/kW・30分],2.4,5.56,0.36,0,1.22,0.36,0.36,1.44,0.36,0.36
20250711B03,システム約定結果,平均落札価格（TSO別）[円/kW・30分],3.9,11.72,7.76,0,1.58,3.63,2.21,2.46,7.55,3.47
20250711B03,システム約定結果,落札量合計（TSO別）[MW],99.3,16.069,23.089,0,55,281.133,197,44,19.308,734.899
20250711B03,システム約定結果,（内訳）自エリアからの落札量[MW],99.3,16.069,10.089,0,35,175.408,197,44,17.308,594.174
20250711B03,追加調達結果,募集量（TSO別）[MW],-,-,-,-,-,-,-,-,-,-
20250711B03,追加調達結果,応札量合計（電源属地別）[MW],0,0,0,0,0,0,0,0,0,0
20250711B03,追加調達結果,約定量合計（電源属地別）[MW],0,0,0,0,0,0,0,0,0,0
20250711B03,追加調達結果,応札件数（電源属地別）[件],0,0,0,0,0,0,0,0,0,0
20250711B03,追加調達結果,約定件数（電源属地別）[件],0,0,0,0,0,0,0,0,0,0
20250711B03,追加調達結果,最高約定価格（電源属地別）[円/kW・30分],0,0,0,0,0,0,0,0,0,0
20250711B03,追加調達結果,最低約定価格（電源属地別）[円/kW・30分],0,0,0,0,0,0,0,0,0,0
20250711B03,追加調達結果,平均約定価格（電源属地別）[円/kW・30分],0,0,0,0,0,0,0,0,0,0
20250711B03,追加調達結果,最高約定価格（TSO別）[円/kW・30分],0,0,0,0,0,0,0,0,0,0
20250711B03,追加調達結果,最低約定価格（TSO別）[円/kW・30分],0,0,0,0,0,0,0,0,0,0
20250711B03,追加調達結果,平均約定価格（TSO別）[円/kW・30分],0,0,0,0,0,0,0,0,0,0
20250711B03,追加調達結果,約定量合計（TSO別）[MW],0,0,0,0,0,0,0,0,0,0
20250711B03,追加調達結果,（内訳）自エリアからの約定量[MW],0,0,0,0,0,0,0,0,0,0
20250711B03,合計（確報値）,募集量（TSO別）[MW],59,151,571,0,70,388,197,44,240,1720
20250711B03,合計（確報値）,応札量合計（電源属地別）[MW],101.49,29.069,10.089,26.016,35,195.408,314.664,79,17.308,808.044
20250711B03,合計（確報値）,約定量合計（電源属地別）[MW],99.3,29.069,6.72,26.016,35,195.408,216.34,79,13.43,700.283
20250711B03,合計（確報値）,応札件数（電源属地別）[件],4,2,7,3,1,6,11,3,6,43
20250711B03,合計（確報値）,約定件数（電源属地別）[件],3,2,5,3,1,6,10,3,4,37
20250711B03,合計（確報値）,最高約定価格（電源属地別）[円/kW・30分],19.5,16.47,19.51,19.51,1.22,9.53,19.51,5.93,19.51,19.51
20250711B03,合計（確報値）,最低約定価格（電源属地別）[円/kW・30分],2.4,5.56,0.36,2.93,1.22,0.36,0.36,1.44,0.36,0.36
20250711B03,合計（確報値）,平均約定価格（電源属地別）[円/kW・30分],3.9,8.96,14.49,4.25,1.22,3.38,2.01,3.38,5.25,3.33
20250711B03,合計（確報値）,最高約定価格（TSO別）[円/kW・30分],19.5,16.47,19.51,0,2.2,19.51,2.45,5.93,19.51,19.51
20250711B03,合計（確報値）,最低約定価格（TSO別）[円/kW・30分],2.4,5.56,0.36,0,1.22,0.36,0.36,1.44,0.36,0.36
20250711B03,合計（確報値）,平均約定価格（TSO別）[円/kW・30分],3.9,11.72,8.6,0,1.58,3.65,2,2.46,4.62,3.33
20250711B03,合計（確報値）,約定量合計（TSO別）[MW],99.3,16.069,19.72,0,55,253.764,197,44,15.43,700.283
20250711B03,合計（確報値）,（内訳）自エリアからの約定量[MW],99.3,16.069,6.72,0,35,175.408,197,44,13.43,586.927
20250711B04,システム約定結果,募集量（TSO別）[MW],103,197,628,25,97,421,209,66,259,2005
20250711B04,システム約定結果,応札量合計（電源属地別）[MW],152.49,33.069,10.097,12.048,60,197.258,243.709,105,32.531,846.202
20250711B04,システム約定結果,落札量合計（電源属地別）[MW],151.8,33.069,10.097,12.048,60,197.258,243.709,90.742,32.531,831.254
20250711B04,システム約定結果,応札件数（電源属地別）[件],5,3,7,1,2,7,6,4,11,46
20250711B04,システム約定結果,落札件数（電源属地別）[件],5,3,7,1,2,7,6,4,11,46
20250711B04,システム約定結果,最高落札価格（電源属地別）[円/kW・30分],19.51,16.47,19.5,2.66,4.07,18.56,19.51,5.8,19.51,19.51
20250711B04,システム約定結果,最低落札価格（電源属地別）[円/kW・30分],2.97,3.4,0.36,2.66,3.89,3.22,0.36,1.29,0.36,0.36
20250711B04,システム約定結果,平均落札価格（電源属地別）[円/kW・30分],5.56,6.98,10.61,2.66,4,6.19,2.94,2.44,10.7,4.77
20250711B04,システム約定結果,最高落札価格（TSO別）[円/kW・30分],19.51,16.47,19.5,2.66,6.01,18.56,19.51,5.8,19.51,19.51
20250711B04,システム約定結果,最低落札価格（TSO別）[円/kW・30分],2.97,3.4,0.36,2.66,1.57,2.04,0.36,1.29,0.36,0.36
20250711B04,システム約定結果,平均落札価格（TSO別）[円/kW・30分],5.56,6.98,10.61,2.66,4.37,5.2,2.86,2,10.7,4.77
20250711B04,システム約定結果,落札量合計（TSO別）[MW],151.8,33.069,10.097,12.048,82,273.616,170.093,66,32.531,831.254
20250711B04,システム約定結果,（内訳）自エリアからの落札量[MW],151.8,33.069,10.097,12.048,60,178.258,170.093,66,32.531,713.896
20250711B04,追加調達結果,募集量（TSO別）[MW],-,-,-,-,-,-,-,-,-,-
20250711B04,追加調達結果,応札量合計（電源属地別）[MW],0,0,0,0,0,0,0,0,0,0
20250711B04,追加調達結果,約定量合計（電源属地別）[MW],0,0,0,0,0,0,0,0,0,0
20250711B04,追加調達結果,応札件数（電源属地別）[件],0,0,0,0,0,0,0,0,0,0
20250711B04,追加調達結果,約定件数（電源属地別）[件],0,0,0,0,0,0,0,0,0,0
20250711B04,追加調達結果,最高約定価格（電源属地別）[円/kW・30分],0,0,0,0,0,0,0,0,0,0
20250711B04,追加調達結果,最低約定価格（電源属地別）[円/kW・30分],0,0,0,0,0,0,0,0,0,0
20250711B04,追加調達結果,平均約定価格（電源属地別）[円/kW・30分],0,0,0,0,0,0,0,0,0,0
20250711B04,追加調達結果,最高約定価格（TSO別）[円/kW・30分],0,0,0,0,0,0,0,0,0,0
20250711B04,追加調達結果,最低約定価格（TSO別）[円/kW・30分],0,0,0,0,0,0,0,0,0,0
20250711B04,追加調達結果,平均約定価格（TSO別）[円/kW・30分],0,0,0,0,0,0,0,0,0,0
20250711B04,追加調達結果,約定量合計（TSO別）[MW],0,0,0,0,0,0,0,0,0,0
20250711B04,追加調達結果,（内訳）自エリアからの約定量[MW],0,0,0,0,0,0,0,0,0,0
20250711B04,合計（確報値）,募集量（TSO別）[MW],103,197,628,25,97,421,209,66,259,2005
20250711B04,合計（確報値）,応札量合計（電源属地別）[MW],152.49,33.069,10.097,12.048,60,197.258,314.664,105,32.531,917.157
20250711B04,合計（確報値）,約定量合計（電源属地別）[MW],151.8,33.069,6.728,12.048,60,197.258,216.34,90.742,28.653,796.638
20250711B04,合計（確報値）,応札件数（電源属地別）[件],5,3,7,1,2,7,10,4,11,50
20250711B04,合計（確報値）,約定件数（電源属地別）[件],5,3,5,1,2,7,9,4,9,45
20250711B04,合計（確報値）,最高約定価格（電源属地別）[円/kW・30分],19.51,16.47,19.5,2.66,4.07,18.56,19.51,5.8,19.51,19.51
20250711B04,合計（確報値）,最低約定価格（電源属地別）[円/kW・30分],2.97,3.4,0.36,2.66,3.89,3.22,0.36,1.29,0.36,0.36
20250711B04,合計（確報値）,平均約定価格（電源属地別）[円/kW・30分],5.56,6.98,14.49,2.66,4,6.19,2.39,2.44,9.54,4.62
20250711B04,合計（確報値）,最高約定価格（TSO別）[円/kW・30分],19.51,16.47,19.5,2.66,6.01,18.56,19.51,5.8,19.51,19.51
20250711B04,合計（確報値）,最低約定価格（TSO別）[円/kW・30分],2.97,3.4,0.36,2.66,1.57,2.04,0.36,1.29,0.36,0.36
20250711B04,合計（確報値）,平均約定価格（TSO別）[円/kW・30分],5.56,6.98,14.49,2.66,4.37,5.39,2.19,2,9.54,4.62
20250711B04,合計（確報値）,約定量合計（TSO別）[MW],151.8,33.069,6.728,12.048,82,249.869,166.471,66,28.653,796.638
20250711B04,合計（確報値）,（内訳）自エリアからの約定量[MW],151.8,33.069,6.728,12.048,60,178.258,166.471,66,28.653,703.027
20250711B05,システム約定結果,募集量（TSO別）[MW],97,191,628,17,96,382,185,77,262,1935
20250711B05,システム約定結果,応札量合計（電源属地別）[MW],104.79,29.069,6.577,1.92,60,197.258,243.709,110,21.889,775.212
20250711B05,システム約定結果,落札量合計（電源属地別）[MW],102.8,29.069,6.577,1.92,60,197.258,243.709,106.032,21.889,769.254
20250711B05,システム約定結果,応札件数（電源属地別）[件],5,2,5,1,2,7,6,4,5,37
20250711B05,システム約定結果,落札件数（電源属地別）[件],4,2,5,1,2,7,6,4,5,36
20250711B05,システム約定結果,最高落札価格（電源属地別）[円/kW・30分],19.51,16.47,19.5,19.51,5.74,18.56,19.51,5.55,19.5,19.51
20250711B05,システム約定結果,最低落札価格（電源属地別）[円/kW・30分],1.29,4.39,5.57,19.51,5.57,3.62,0.58,0.7,0.36,0.36
20250711B05,システム約定結果,平均落札価格（電源属地別）[円/kW・30分],11.54,8.16,16.09,19.51,5.67,6.5,3.17,2.41,6.69,5.67
20250711B05,システム約定結果,最高落札価格（TSO別）[円/kW・30分],19.51,16.47,19.5,19.51,6.41,18.56,3.42,5.55,19.51,19.51
20250711B05,システム約定結果,最低落札価格（TSO別）[円/kW・30分],1.29,4.39,5.57,19.51,0.58,0.99,0.58,0.7,0.36,0.36
20250711B05,システム約定結果,平均落札価格（TSO別）[円/kW・30分],11.54,8.16,16.09,19.51,4.9,5.96,3.01,2.06,5.64,5.67
20250711B05,システム約定結果,落札量合計（TSO別）[MW],102.8,29.069,6.577,1.92,85,236.648,185,77,45.24,769.254
20250711B05,システム約定結果,（内訳）自エリアからの落札量[MW],102.8,29.069,6.577,1.92,60,196.258,185,77,21.889,680.513
20250711B05,追加調達結果,募集量（TSO別）[MW],-,-,-,-,-,-,-,-,-,-
20250711B05,追加調達結果,応札量合計（電源属地別）[MW],0,0,0,0,0,0,0,0,0,0
20250711B05,追加調達結果,約定量合計（電源属地別）[MW],0,0,0,0,0,0,0,0,0,0
20250711B05,追加調達結果,応札件数（電源属地別）[件],0,0,0,0,0,0,0,0,0,0
20250711B05,追加調達結果,約定件数（電源属地別）[件],0,0,0,0,0,0,0,0,0,0
20250711B05,追加調達結果,最高約定価格（電源属地別）[円/kW・30分],0,0,0,0,0,0,0,0,0,0
20250711B05,追加調達結果,最低約定価格（電源属地別）[円/kW・30分],0,0,0,0,0,0,0,0,0,0
20250711B05,追加調達結果,平均約定価格（電源属地別）[円/kW・30分],0,0,0,0,0,0,0,0,0,0
20250711B05,追加調達結果,最高約定価格（TSO別）[円/kW・30分],0,0,0,0,0,0,0,0,0,0
20250711B05,追加調達結果,最低約定価格（TSO別）[円/kW・30分],0,0,0,0,0,0,0,0,0,0
20250711B05,追加調達結果,平均約定価格（TSO別）[円/kW・30分],0,0,0,0,0,0,0,0,0,0
20250711B05,追加調達結果,約定量合計（TSO別）[MW],0,0,0,0,0,0,0,0,0,0
20250711B05,追加調達結果,（内訳）自エリアからの約定量[MW],0,0,0,0,0,0,0,0,0,0
20250711B05,合計（確報値）,募集量（TSO別）[MW],97,191,628,17,96,382,185,77,262,1935
20250711B05,合計（確報値）,応札量合計（電源属地別）[MW],104.79,29.069,6.577,1.92,60,197.258,314.664,110,21.889,846.167
20250711B05,合計（確報値）,約定量合計（電源属地別）[MW],102.8,29.069,4.968,1.92,60,197.258,216.34,106.032,19.9,738.287
20250711B05,合計（確報値）,応札件数（電源属地別）[件],5,2,5,1,2,7,11,4,5,42
20250711B05,合計（確報値）,約定件数（電源属地別）[件],4,2,4,1,2,7,10,4,4,38
20250711B05,合計（確報値）,最高約定価格（電源属地別）[円/kW・30分],19.51,16.47,19.5,19.51,5.74,18.56,19.51,5.55,19.5,19.51
20250711B05,合計（確報値）,最低約定価格（電源属地別）[円/kW・30分],1.29,4.39,19.5,19.51,5.57,3.62,0.36,0.7,0.36,0.36
20250711B05,合計（確報値）,平均約定価格（電源属地別）[円/kW・30分],11.54,8.16,19.5,19.51,5.67,6.5,2.56,2.41,5.46,5.55
20250711B05,合計（確報値）,最高約定価格（TSO別）[円/kW・30分],19.51,16.47,19.5,19.51,6.41,18.56,3.42,5.55,19.51,19.51
20250711B05,合計（確報値）,最低約定価格（TSO別）[円/kW・30分],1.29,4.39,19.5,19.51,0.36,0.99,0.36,0.7,0.36,0.36
20250711B05,合計（確報値）,平均約定価格（TSO別）[円/kW・30分],11.54,8.16,19.5,19.51,4.47,5.96,2.56,2.06,6.62,5.55
20250711B05,合計（確報値）,約定量合計（TSO別）[MW],102.8,29.069,4.968,1.92,79.182,236.648,185,77,21.7,738.287
20250711B05,合計（確報値）,（内訳）自エリアからの約定量[MW],102.8,29.069,4.968,1.92,60,196.258,185,77,19.9,676.915
20250711B06,システム約定結果,募集量（TSO別）[MW],92,191,632,82,103,382,248,64,259,2053
20250711B06,システム約定結果,応札量合計（電源属地別）[MW],147.8,41.069,9.577,13.92,35,194.748,259.576,79,21.531,802.221
20250711B06,システム約定結果,落札量合計（電源属地別）[MW],147.8,41.069,9.577,13.92,35,194.748,259.576,79,21.531,802.221
20250711B06,システム約定結果,応札件数（電源属地別）[件],4,3,8,2,1,6,7,3,9,43
20250711B06,システム約定結果,落札件数（電源属地別）[件],4,3,8,2,1,6,7,3,9,43
20250711B06,システム約定結果,最高落札価格（電源属地別）[円/kW・30分],19.51,16.47,19.5,19.51,7.53,18.56,19.51,6.38,19.51,19.51
20250711B06,システム約定結果,最低落札価格（電源属地別）[円/kW・30分],0.36,1.93,5.57,5.14,7.53,5.41,2.24,4.99,1.4,0.36
20250711B06,システム約定結果,平均落札価格（電源属地別）[円/kW・30分],7.23,5.17,17.16,7.12,7.53,7.84,5.15,5.64,13.57,6.74
20250711B06,システム約定結果,最高落札価格（TSO別）[円/kW・30分],19.51,16.47,19.5,19.51,7.53,18.56,19.51,6.38,19.51,19.51
20250711B06,システム約定結果,最低落札価格（TSO別）[円/kW・30分],0.36,1.93,5.57,19.51,7.53,4.99,2.24,4.99,1.4,0.36
20250711B06,システム約定結果,平均落札価格（TSO別）[円/kW・30分],7.23,5.17,17.16,19.51,7.53,7.34,5.13,5.78,13.57,6.74
20250711B06,システム約定結果,落札量合計（TSO別）[MW],147.8,41.069,9.577,1.92,35,244.324,248,53,21.531,802.221
20250711B06,システム約定結果,（内訳）自エリアからの落札量[MW],147.8,41.069,9.577,1.92,35,194.748,248,53,21.531,752.645
20250711B06,追加調達結果,募集量（TSO別）[MW],-,-,-,-,-,-,-,-,-,-
20250711B06,追加調達結果,応札量合計（電源属地別）[MW],0,0,0,0,0,0,0,0,0,0
20250711B06,追加調達結果,約定量合計（電源属地別）[MW],0,0,0,0,0,0,0,0,0,0
20250711B06,追加調達結果,応札件数（電源属地別）[件],0,0,0,0,0,0,0,0,0,0
20250711B06,追加調達結果,約定件数（電源属地別）[件],0,0,0,0,0,0,0,0,0,0
20250711B06,追加調達結果,最高約定価格（電源属地別）[円/kW・30分],0,0,0,0,0,0,0,0,0,0
20250711B06,追加調達結果,最低約定価格（電源属地別）[円/kW・30分],0,0,0,0,0,0,0,0,0,0
20250711B06,追加調達結果,平均約定価格（電源属地別）[円/kW・30分],0,0,0,0,0,0,0,0,0,0
20250711B06,追加調達結果,最高約定価格（TSO別）[円/kW・30分],0,0,0,0,0,0,0,0,0,0
20250711B06,追加調達結果,最低約定価格（TSO別）[円/kW・30分],0,0,0,0,0,0,0,0,0,0
20250711B06,追加調達結果,平均約定価格（TSO別）[円/kW・30分],0,0,0,0,0,0,0,0,0,0
20250711B06,追加調達結果,約定量合計（TSO別）[MW],0,0,0,0,0,0,0,0,0,0
20250711B06,追加調達結果,（内訳）自エリアからの約定量[MW],0,0,0,0,0,0,0,0,0,0
20250711B06,合計（確報値）,募集量（TSO別）[MW],92,191,632,82,103,382,248,64,259,2053
20250711B06,合計（確報値）,応札量合計（電源属地別）[MW],147.8,41.069,9.577,13.92,35,194.748,259.576,79,21.531,802.221
20250711B06,合計（確報値）,約定量合計（電源属地別）[MW],147.8,41.069,7.968,13.92,35,194.748,259.576,79,17.653,796.734
20250711B06,合計（確報値）,応札件数（電源属地別）[件],4,3,8,2,1,6,7,3,9,43
20250711B06,合計（確報値）,約定件数（電源属地別）[件],4,3,7,2,1,6,7,3,7,40
20250711B06,合計（確報値）,最高約定価格（電源属地別）[円/kW・30分],19.51,16.47,19.5,19.51,7.53,18.56,19.51,6.38,19.51,19.51
20250711B06,合計（確報値）,最低約定価格（電源属地別）[円/kW・30分],0.36,1.93,19.5,5.14,7.53,5.41,2.24,4.99,1.4,0.36
20250711B06,合計（確報値）,平均約定価格（電源属地別）[円/kW・30分],7.23,5.17,19.5,7.12,7.53,7.84,5.15,5.64,12.33,6.68
20250711B06,合計（確報値）,最高約定価格（TSO別）[円/kW・30分],19.51,16.47,19.5,19.51,7.53,18.56,19.51,6.38,19.51,19.51
20250711B06,合計（確報値）,最低約定価格（TSO別）[円/kW・30分],0.36,1.93,19.5,19.51,7.53,4.99,2.24,4.99,1.4,0.36
20250711B06,合計（確報値）,平均約定価格（TSO別）[円/kW・30分],7.23,5.17,19.5,19.51,7.53,7.34,5.13,5.78,12.33,6.68
20250711B06,合計（確報値）,約定量合計（TSO別）[MW],147.8,41.069,7.968,1.92,35,244.324,248,53,17.653,796.734
20250711B06,合計（確報値）,（内訳）自エリアからの約定量[MW],147.8,41.069,7.968,1.92,35,194.748,248,53,17.653,747.158
20250711B07,システム約定結果,募集量（TSO別）[MW],91,161,629,50,102,371,244,52,242,1942
20250711B07,システム約定結果,応札量合計（電源属地別）[MW],101.49,41.069,85.348,1.92,35,194.748,285.03,79,147.128,970.733
20250711B07,システム約定結果,落札量合計（電源属地別）[MW],100.8,41.069,85.348,1.92,35,194.748,285.03,79,147.128,970.043
20250711B07,システム約定結果,応札件数（電源属地別）[件],4,3,11,1,1,6,9,3,9,47
20250711B07,システム約定結果,落札件数（電源属地別）[件],4,3,11,1,1,6,9,3,9,47
20250711B07,システム約定結果,最高落札価格（電源属地別）[円/kW・30分],19.5,16.47,19.5,19.51,6.44,18.56,19.51,6.35,19.51,19.51
20250711B07,システム約定結果,最低落札価格（電源属地別）[円/kW・30分],0.36,1.96,4.25,19.51,6.44,3.56,3.18,5.01,4.1,0.36
20250711B07,システム約定結果,平均落札価格（電源属地別）[円/kW・30分],1.19,5.39,6.57,19.51,6.44,6.46,5.95,5.62,6.09,5.63
20250711B07,システム約定結果,最高落札価格（TSO別）[円/kW・30分],19.5,16.47,19.5,19.51,6.44,18.56,19.51,6.35,19.51,19.51
20250711B07,システム約定結果,最低落札価格（TSO別）[円/kW・30分],0.36,1.96,4.25,19.51,6.44,3.56,3.18,5.01,4.1,0.36
20250711B07,システム約定結果,平均落札価格（TSO別）[円/kW・30分],1.19,5.39,6.57,19.51,6.44,6.38,5.6,5.9,6.09,5.63
20250711B07,システム約定結果,落札量合計（TSO別）[MW],100.8,41.069,85.348,1.92,35,327.978,185.8,45,147.128,970.043
20250711B07,システム約定結果,（内訳）自エリアからの落札量[MW],100.8,41.069,85.348,1.92,35,194.748,185.8,45,147.128,836.813
20250711B07,追加調達結果,募集量（TSO別）[MW],-,-,-,-,-,-,-,-,-,-
20250711B07,追加調達結果,応札量合計（電源属地別）[MW],0,0,0,0,0,0,0,0,0,0
20250711B07,追加調達結果,約定量合計（電源属地別）[MW],0,0,0,0,0,0,0,0,0,0
20250711B07,追加調達結果,応札件数（電源属地別）[件],0,0,0,0,0,0,0,0,0,0
20250711B07,追加調達結果,約定件数（電源属地別）[件],0,0,0,0,0,0,0,0,0,0
20250711B07,追加調達結果,最高約定価格（電源属地別）[円/kW・30分],0,0,0,0,0,0,0,0,0,0
20250711B07,追加調達結果,最低約定価格（電源属地別）[円/kW・30分],0,0,0,0,0,0,0,0,0,0
20250711B07,追加調達結果,平均約定価格（電源属地別）[円/kW・30分],0,0,0,0,0,0,0,0,0,0
20250711B07,追加調達結果,最高約定価格（TSO別）[円/kW・30分],0,0,0,0,0,0,0,0,0,0
20250711B07,追加調達結果,最低約定価格（TSO別）[円/kW・30分],0,0,0,0,0,0,0,0,0,0
20250711B07,追加調達結果,平均約定価格（TSO別）[円/kW・30分],0,0,0,0,0,0,0,0,0,0
20250711B07,追加調達結果,約定量合計（TSO別）[MW],0,0,0,0,0,0,0,0,0,0
20250711B07,追加調達結果,（内訳）自エリアからの約定量[MW],0,0,0,0,0,0,0,0,0,0
20250711B07,合計（確報値）,募集量（TSO別）[MW],91,161,629,50,102,371,244,52,242,1942
20250711B07,合計（確報値）,応札量合計（電源属地別）[MW],101.49,41.069,85.348,1.92,35,194.748,285.03,79,241.463,1065.068
20250711B07,合計（確報値）,約定量合計（電源属地別）[MW],100.8,41.069,83.739,1.92,35,194.748,285.03,79,143.25,964.556
20250711B07,合計（確報値）,応札件数（電源属地別）[件],4,3,11,1,1,6,9,3,11,49
20250711B07,合計（確報値）,約定件数（電源属地別）[件],4,3,10,1,1,6,9,3,8,45
20250711B07,合計（確報値）,最高約定価格（電源属地別）[円/kW・30分],19.5,16.47,19.5,19.51,6.44,18.56,19.51,6.35,19.51,19.51
20250711B07,合計（確報値）,最低約定価格（電源属地別）[円/kW・30分],0.36,1.96,4.25,19.51,6.44,3.56,3.18,5.01,2.44,0.36
20250711B07,合計（確報値）,平均約定価格（電源属地別）[円/kW・30分],1.19,5.39,6.58,19.51,6.44,6.46,5.95,5.62,4.12,5.33
20250711B07,合計（確報値）,最高約定価格（TSO別）[円/kW・30分],19.5,16.47,19.5,19.51,6.44,18.56,19.51,6.35,19.51,19.51
20250711B07,合計（確報値）,最低約定価格（TSO別）[円/kW・30分],0.36,1.96,4.25,19.51,6.44,3.56,3.18,5.01,2.44,0.36
20250711B07,合計（確報値）,平均約定価格（TSO別）[円/kW・30分],1.19,5.39,6.58,19.51,6.44,6.38,5.6,5.9,4.12,5.33
20250711B07,合計（確報値）,約定量合計（TSO別）[MW],100.8,41.069,83.739,1.92,35,327.978,185.8,45,143.25,964.556
20250711B07,合計（確報値）,（内訳）自エリアからの約定量[MW],100.8,41.069,83.739,1.92,35,194.748,185.8,45,143.25,831.326
20250711B08,システム約定結果,募集量（TSO別）[MW],98,105,601,0,92,345,194,56,235,1726
20250711B08,システム約定結果,応札量合計（電源属地別）[MW],120.19,33.069,39.718,1.92,35,194.766,285.03,79,84.308,873.001
20250711B08,システム約定結果,落札量合計（電源属地別）[MW],119.5,33.069,39.718,1.92,35,194.766,285.03,79,84.308,872.311
20250711B08,システム約定結果,応札件数（電源属地別）[件],5,3,4,1,1,6,9,3,8,40
20250711B08,システム約定結果,落札件数（電源属地別）[件],5,3,4,1,1,6,9,3,8,40
20250711B08,システム約定結果,最高落札価格（電源属地別）[円/kW・30分],19.51,16.47,19.51,19.51,3.36,9.53,19.51,5.69,19.51,19.51
20250711B08,システム約定結果,最低落札価格（電源属地別）[円/kW・30分],1.67,2.96,3.38,19.51,3.36,0.44,1.5,1.16,1.25,0.44
20250711B08,システム約定結果,平均落札価格（電源属地別）[円/kW・30分],4.91,6.67,4.31,19.51,3.36,3.99,4.27,3.29,4.64,4.33
20250711B08,システム約定結果,最高落札価格（TSO別）[円/kW・30分],19.51,16.47,19.51,0,5.69,19.51,4.97,5.69,19.51,19.51
20250711B08,システム約定結果,最低落札価格（TSO別）[円/kW・30分],1.67,16.47,2.96,0,1.16,0.44,1.5,1.16,1.25,0.44
20250711B08,システム約定結果,平均落札価格（TSO別）[円/kW・30分],4.91,16.47,3.8,0,3.87,4.38,3.89,2.55,4.95,4.33
20250711B08,システム約定結果,落札量合計（TSO別）[MW],119.5,9.069,63.718,0,61,282.916,194,56,86.108,872.311
20250711B08,システム約定結果,（内訳）自エリアからの落札量[MW],119.5,9.069,39.718,0,35,194.766,194,56,84.308,732.361
20250711B08,追加調達結果,募集量（TSO別）[MW],-,-,-,-,-,-,-,-,-,-
20250711B08,追加調達結果,応札量合計（電源属地別）[MW],0,0,0,0,0,0,0,0,0,0
20250711B08,追加調達結果,約定量合計（電源属地別）[MW],0,0,0,0,0,0,0,0,0,0
20250711B08,追加調達結果,応札件数（電源属地別）[件],0,0,0,0,0,0,0,0,0,0
20250711B08,追加調達結果,約定件数（電源属地別）[件],0,0,0,0,0,0,0,0,0,0
20250711B08,追加調達結果,最高約定価格（電源属地別）[円/kW・30分],0,0,0,0,0,0,0,0,0,0
20250711B08,追加調達結果,最低約定価格（電源属地別）[円/kW・30分],0,0,0,0,0,0,0,0,0,0
20250711B08,追加調達結果,平均約定価格（電源属地別）[円/kW・30分],0,0,0,0,0,0,0,0,0,0
20250711B08,追加調達結果,最高約定価格（TSO別）[円/kW・30分],0,0,0,0,0,0,0,0,0,0
20250711B08,追加調達結果,最低約定価格（TSO別）[円/kW・30分],0,0,0,0,0,0,0,0,0,0
20250711B08,追加調達結果,平均約定価格（TSO別）[円/kW・30分],0,0,0,0,0,0,0,0,0,0
20250711B08,追加調達結果,約定量合計（TSO別）[MW],0,0,0,0,0,0,0,0,0,0
20250711B08,追加調達結果,（内訳）自エリアからの約定量[MW],0,0,0,0,0,0,0,0,0,0
20250711B08,合計（確報値）,募集量（TSO別）[MW],98,105,601,0,92,345,194,56,235,1726
20250711B08,合計（確報値）,応札量合計（電源属地別）[MW],120.19,33.069,39.718,1.92,35,194.766,314.664,79,117.308,935.635
20250711B08,合計（確報値）,約定量合計（電源属地別）[MW],119.5,33.069,38.109,1.92,35,194.766,216.34,79,80.43,798.134
20250711B08,合計（確報値）,応札件数（電源属地別）[件],5,3,4,1,1,6,12,3,9,44
20250711B08,合計（確報値）,約定件数（電源属地別）[件],5,3,3,1,1,6,11,3,6,39
20250711B08,合計（確報値）,最高約定価格（電源属地別）[円/kW・30分],19.51,16.47,19.51,19.51,3.36,9.53,19.51,5.69,19.51,19.51
20250711B08,合計（確報値）,最低約定価格（電源属地別）[円/kW・30分],1.67,2.96,3.38,19.51,3.36,0.44,1.5,1.16,0.81,0.44
20250711B08,合計（確報値）,平均約定価格（電源属地別）[円/kW・30分],4.91,6.67,4.26,19.51,3.36,3.99,3.82,3.29,2.76,4.02
20250711B08,合計（確報値）,最高約定価格（TSO別）[円/kW・30分],19.51,16.47,19.51,0,5.69,19.51,4.97,5.69,19.51,19.51
20250711B08,合計（確報値）,最低約定価格（TSO別）[円/kW・30分],1.67,16.47,2.96,0,1.16,0.44,1.5,1.16,0.81,0.44
20250711B08,合計（確報値）,平均約定価格（TSO別）[円/kW・30分],4.91,16.47,3.76,0,3.25,4.32,3.51,2.55,3.13,4.02
20250711B08,合計（確報値）,約定量合計（TSO別）[MW],119.5,9.069,62.109,0,39,254.842,175.384,56,82.23,798.134
20250711B08,合計（確報値）,（内訳）自エリアからの約定量[MW],119.5,9.069,38.109,0,35,194.766,175.384,56,80.43,708.258
20250712B01,システム約定結果,募集量（TSO別）[MW],85,63,523,0,54,341,221,46,180,1513
20250712B01,システム約定結果,応札量合計（電源属地別）[MW],90.49,45.069,1.96,0,35,67.499,241.909,68,113.43,663.357
20250712B01,システム約定結果,落札量合計（電源属地別）[MW],87,45.069,1.96,0,35,67.499,241.909,68,113.43,659.867
20250712B01,システム約定結果,応札件数（電源属地別）[件],3,4,1,0,1,3,5,3,7,27
20250712B01,システム約定結果,落札件数（電源属地別）[件],1,4,1,0,1,3,5,3,7,25
20250712B01,システム約定結果,最高落札価格（電源属地別）[円/kW・30分],3.04,16.47,19.51,0,1.32,0.36,1.94,5.43,19.51,19.51
20250712B01,システム約定結果,最低落札価格（電源属地別）[円/kW・30分],3.04,2.93,19.51,0,1.32,0.36,0.36,1.12,0.41,0.36
20250712B01,システム約定結果,平均落札価格（電源属地別）[円/kW・30分],3.04,5.67,19.51,0,1.32,0.36,1.78,4.65,2.52,2.52
20250712B01,システム約定結果,最高落札価格（TSO別）[円/kW・30分],3.04,16.47,19.51,0,1.32,5.43,1.94,5.43,19.51,19.51
20250712B01,システム約定結果,最低落札価格（TSO別）[円/kW・30分],3.04,16.47,2.93,0,1.32,0.36,0.36,1.12,0.41,0.36
20250712B01,システム約定結果,平均落札価格（TSO別）[円/kW・30分],3.04,16.47,3.8,0,1.32,1.6,1.78,4.28,2.41,2.52
20250712B01,システム約定結果,落札量合計（TSO別）[MW],87,9.069,37.96,0,35,89.499,221,46,134.339,659.867
20250712B01,システム約定結果,（内訳）自エリアからの落札量[MW],87,9.069,1.96,0,35,67.499,221,46,113.43,580.958
20250712B01,追加調達結果,募集量（TSO別）[MW],-,-,-,-,-,-,-,-,-,-
20250712B01,追加調達結果,応札量合計（電源属地別）[MW],0,0,0,0,0,0,0,0,0,0
20250712B01,追加調達結果,約定量合計（電源属地別）[MW],0,0,0,0,0,0,0,0,0,0
20250712B01,追加調達結果,応札件数（電源属地別）[件],0,0,0,0,0,0,0,0,0,0
20250712B01,追加調達結果,約定件数（電源属地別）[件],0,0,0,0,0,0,0,0,0,0
20250712B01,追加調達結果,最高約定価格（電源属地別）[円/kW・30分],0,0,0,0,0,0,0,0,0,0
20250712B01,追加調達結果,最低約定価格（電源属地別）[円/kW・30分],0,0,0,0,0,0,0,0,0,0
20250712B01,追加調達結果,平均約定価格（電源属地別）[円/kW・30分],0,0,0,0,0,0,0,0,0,0
20250712B01,追加調達結果,最高約定価格（TSO別）[円/kW・30分],0,0,0,0,0,0,0,0,0,0
20250712B01,追加調達結果,最低約定価格（TSO別）[円/kW・30分],0,0,0,0,0,0,0,0,0,0
20250712B01,追加調達結果,平均約定価格（TSO別）[円/kW・30分],0,0,0,0,0,0,0,0,0,0
20250712B01,追加調達結果,約定量合計（TSO別）[MW],0,0,0,0,0,0,0,0,0,0
20250712B01,追加調達結果,（内訳）自エリアからの約定量[MW],0,0,0,0,0,0,0,0,0,0
20250712B01,合計（確報値）,募集量（TSO別）[MW],85,63,523,0,54,341,221,46,180,1513
20250712B01,合計（確報値）,応札量合計（電源属地別）[MW],90.49,45.069,1.96,0,35,67.499,241.909,68,146.43,696.357
20250712B01,合計（確報値）,約定量合計（電源属地別）[MW],87,45.069,1.96,0,35,67.499,143.585,68,113.43,561.543
20250712B01,合計（確報値）,応札件数（電源属地別）[件],3,4,1,0,1,3,5,3,8,28
20250712B01,合計（確報値）,約定件数（電源属地別）[件],1,4,1,0,1,3,4,3,7,24
20250712B01,合計（確報値）,最高約定価格（電源属地別）[円/kW・30分],3.04,16.47,19.51,0,1.32,0.36,1.94,5.43,19.51,19.51
20250712B01,合計（確報値）,最低約定価格（電源属地別）[円/kW・30分],3.04,2.93,19.51,0,1.32,0.36,0.36,1.12,0.36,0.36
20250712B01,合計（確報値）,平均約定価格（電源属地別）[円/kW・30分],3.04,5.67,19.51,0,1.32,0.36,1.69,4.65,1.95,2.51
20250712B01,合計（確報値）,最高約定価格（TSO別）[円/kW・30分],3.04,16.47,19.51,0,1.32,5.43,1.94,5.43,19.51,19.51
20250712B01,合計（確報値）,最低約定価格（TSO別）[円/kW・30分],3.04,16.47,2.93,0,1.32,0.36,0.36,1.12,0.36,0.36
20250712B01,合計（確報値）,平均約定価格（TSO別）[円/kW・30分],3.04,16.47,3.8,0,1.32,1.6,1.67,4.28,1.93,2.51
20250712B01,合計（確報値）,約定量合計（TSO別）[MW],87,9.069,37.96,0,35,89.499,122.676,46,134.339,561.543
20250712B01,合計（確報値）,（内訳）自エリアからの約定量[MW],87,9.069,1.96,0,35,67.499,122.676,46,113.43,482.634
20250712B02,システム約定結果,募集量（TSO別）[MW],76,83,471,0,68,340,219,47,206,1510
20250712B02,システム約定結果,応札量合計（電源属地別）[MW],149.19,45.069,56.559,48,35,114.256,243.709,68,113.43,873.213
20250712B02,システム約定結果,落札量合計（電源属地別）[MW],127,45.069,56.559,48,35,114.256,243.709,68,113.43,851.023
20250712B02,システム約定結果,応札件数（電源属地別）[件],4,4,4,2,1,4,6,3,7,35
20250712B02,システム約定結果,落札件数（電源属地別）[件],1,4,4,2,1,4,6,3,7,32
20250712B02,システム約定結果,最高落札価格（電源属地別）[円/kW・30分],2.16,16.47,19.51,1.18,0.98,9.53,19.51,5.46,19.51,19.51
20250712B02,システム約定結果,最低落札価格（電源属地別）[円/kW・30分],2.16,3.28,0.89,1.17,0.98,0.36,0.36,1.01,0.36,0.36
20250712B02,システム約定結果,平均落札価格（電源属地別）[円/kW・30分],2.16,5.95,1.56,1.18,0.98,4.11,1.77,4.61,1.85,2.52
20250712B02,システム約定結果,最高落札価格（TSO別）[円/kW・30分],2.16,16.47,19.51,0,0.98,19.51,1.94,5.46,19.51,19.51
20250712B02,システム約定結果,最低落札価格（TSO別）[円/kW・30分],2.16,3.28,0.89,0,0.98,0.36,0.36,1.01,0.36,0.36
20250712B02,システム約定結果,平均落札価格（TSO別）[円/kW・30分],2.16,5.95,1.56,0,0.98,3.58,1.67,4.23,1.82,2.52
20250712B02,システム約定結果,落札量合計（TSO別）[MW],127,45.069,56.559,0,35,189.268,219,47,132.127,851.023
20250712B02,システム約定結果,（内訳）自エリアからの落札量[MW],127,45.069,56.559,0,35,114.256,219,47,113.43,757.314
20250712B02,追加調達結果,募集量（TSO別）[MW],-,-,-,-,-,-,-,-,-,-
20250712B02,追加調達結果,応札量合計（電源属地別）[MW],0,0,0,0,0,0,0,0,0,0
20250712B02,追加調達結果,約定量合計（電源属地別）[MW],0,0,0,0,0,0,0,0,0,0
20250712B02,追加調達結果,応札件数（電源属地別）[件],0,0,0,0,0,0,0,0,0,0
20250712B02,追加調達結果,約定件数（電源属地別）[件],0,0,0,0,0,0,0,0,0,0
20250712B02,追加調達結果,最高約定価格（電源属地別）[円/kW・30分],0,0,0,0,0,0,0,0,0,0
20250712B02,追加調達結果,最低約定価格（電源属地別）[円/kW・30分],0,0,0,0,0,0,0,0,0,0
20250712B02,追加調達結果,平均約定価格（電源属地別）[円/kW・30分],0,0,0,0,0,0,0,0,0,0
20250712B02,追加調達結果,最高約定価格（TSO別）[円/kW・30分],0,0,0,0,0,0,0,0,0,0
20250712B02,追加調達結果,最低約定価格（TSO別）[円/kW・30分],0,0,0,0,0,0,0,0,0,0
20250712B02,追加調達結果,平均約定価格（TSO別）[円/kW・30分],0,0,0,0,0,0,0,0,0,0
20250712B02,追加調達結果,約定量合計（TSO別）[MW],0,0,0,0,0,0,0,0,0,0
20250712B02,追加調達結果,（内訳）自エリアからの約定量[MW],0,0,0,0,0,0,0,0,0,0
20250712B02,合計（確報値）,募集量（TSO別）[MW],76,83,471,0,68,340,219,47,206,1510
20250712B02,合計（確報値）,応札量合計（電源属地別）[MW],149.19,45.069,56.559,48,35,114.256,243.709,68,146.43,906.213
20250712B02,合計（確報値）,約定量合計（電源属地別）[MW],127,45.069,56.559,48,35,114.256,145.385,68,113.43,752.699
20250712B02,合計（確報値）,応札件数（電源属地別）[件],4,4,4,2,1,4,6,3,8,36
20250712B02,合計（確報値）,約定件数（電源属地別）[件],1,4,4,2,1,4,5,3,7,31
20250712B02,合計（確報値）,最高約定価格（電源属地別）[円/kW・30分],2.16,16.47,19.51,1.18,0.98,9.53,19.51,5.46,19.51,19.51
20250712B02,合計（確報値）,最低約定価格（電源属地別）[円/kW・30分],2.16,3.28,0.89,1.17,0.98,0.36,0.36,1.01,0.36,0.36
20250712B02,合計（確報値）,平均約定価格（電源属地別）[円/kW・30分],2.16,5.95,1.56,1.18,0.98,4.11,1.8,4.61,1.5,2.57
20250712B02,合計（確報値）,最高約定価格（TSO別）[円/kW・30分],2.16,16.47,19.51,0,0.98,19.51,1.94,5.46,19.51,19.51
20250712B02,合計（確報値）,最低約定価格（TSO別）[円/kW・30分],2.16,3.28,0.89,0,0.98,0.36,0.36,1.01,0.36,0.36
20250712B02,合計（確報値）,平均約定価格（TSO別）[円/kW・30分],2.16,5.95,1.56,0,0.98,3.58,1.61,4.23,1.52,2.57
20250712B02,合計（確報値）,約定量合計（TSO別）[MW],127,45.069,56.559,0,35,189.268,120.676,47,132.127,752.699
20250712B02,合計（確報値）,（内訳）自エリアからの約定量[MW],127,45.069,56.559,0,35,114.256,120.676,47,113.43,658.99
20250712B03,システム約定結果,募集量（TSO別）[MW],59,151,571,0,70,388,197,44,240,1720
20250712B03,システム約定結果,応札量合計（電源属地別）[MW],60.5,12,0,0,19,191.969,243.709,68,13.43,608.608
20250712B03,システム約定結果,落札量合計（電源属地別）[MW],59,12,0,0,19,191.969,243.709,68,13.43,607.108
20250712B03,システム約定結果,応札件数（電源属地別）[件],2,1,0,0,1,5,6,3,4,22
20250712B03,システム約定結果,落札件数（電源属地別）[件],1,1,0,0,1,5,6,3,4,21
20250712B03,システム約定結果,最高落札価格（電源属地別）[円/kW・30分],2.93,4.17,0,0,0.35,9.53,19.51,5.59,19.51,19.51
20250712B03,システム約定結果,最低落札価格（電源属地別）[円/kW・30分],2.93,4.17,0,0,0.35,0.36,0.36,0.48,0.36,0.35
20250712B03,システム約定結果,平均落札価格（電源属地別）[円/kW・30分],2.93,4.17,0,0,0.35,2.59,0.8,4.41,5.25,2.13
20250712B03,システム約定結果,最高落札価格（TSO別）[円/kW・30分],2.93,4.17,4.17,0,0.48,19.51,1.94,5.59,19.51,19.51
20250712B03,システム約定結果,最低落札価格（TSO別）[円/kW・30分],2.93,4.17,4.17,0,0.35,0.36,0.36,0.48,0.36,0.35
20250712B03,システム約定結果,平均落札価格（TSO別）[円/kW・30分],2.93,4.17,4.17,0,0.37,2.93,0.69,4.35,3.82,2.13
20250712B03,システム約定結果,落札量合計（TSO別）[MW],59,7,5,0,55,220.965,197,44,19.143,607.108
20250712B03,システム約定結果,（内訳）自エリアからの落札量[MW],59,7,0,0,19,160.969,197,44,13.43,500.399
20250712B03,追加調達結果,募集量（TSO別）[MW],-,-,-,-,-,-,-,-,-,-
20250712B03,追加調達結果,応札量合計（電源属地別）[MW],0,0,0,0,0,0,0,0,0,0
20250712B03,追加調達結果,約定量合計（電源属地別）[MW],0,0,0,0,0,0,0,0,0,0
20250712B03,追加調達結果,応札件数（電源属地別）[件],0,0,0,0,0,0,0,0,0,0
20250712B03,追加調達結果,約定件数（電源属地別）[件],0,0,0,0,0,0,0,0,0,0
20250712B03,追加調達結果,最高約定価格（電源属地別）[円/kW・30分],0,0,0,0,0,0,0,0,0,0
20250712B03,追加調達結果,最低約定価格（電源属地別）[円/kW・30分],0,0,0,0,0,0,0,0,0,0
20250712B03,追加調達結果,平均約定価格（電源属地別）[円/kW・30分],0,0,0,0,0,0,0,0,0,0
20250712B03,追加調達結果,最高約定価格（TSO別）[円/kW・30分],0,0,0,0,0,0,0,0,0,0
20250712B03,追加調達結果,最低約定価格（TSO別）[円/kW・30分],0,0,0,0,0,0,0,0,0,0
20250712B03,追加調達結果,平均約定価格（TSO別）[円/kW・30分],0,0,0,0,0,0,0,0,0,0
20250712B03,追加調達結果,約定量合計（TSO別）[MW],0,0,0,0,0,0,0,0,0,0
20250712B03,追加調達結果,（内訳）自エリアからの約定量[MW],0,0,0,0,0,0,0,0,0,0
20250712B03,合計（確報値）,募集量（TSO別）[MW],59,151,571,0,70,388,197,44,240,1720
20250712B03,合計（確報値）,応札量合計（電源属地別）[MW],60.5,12,0,0,19,191.969,243.709,68,13.43,608.608
20250712B03,合計（確報値）,約定量合計（電源属地別）[MW],59,12,0,0,19,114.256,145.385,68,13.43,431.071
20250712B03,合計（確報値）,応札件数（電源属地別）[件],2,1,0,0,1,5,6,3,4,22
20250712B03,合計（確報値）,約定件数（電源属地別）[件],1,1,0,0,1,4,5,3,4,19
20250712B03,合計（確報値）,最高約定価格（電源属地別）[円/kW・30分],2.93,4.17,0,0,0.35,9.53,19.51,5.59,19.51,19.51
20250712B03,合計（確報値）,最低約定価格（電源属地別）[円/kW・30分],2.93,4.17,0,0,0.35,0.36,0.36,0.48,0.36,0.35
20250712B03,合計（確報値）,平均約定価格（電源属地別）[円/kW・30分],2.93,4.17,0,0,0.35,4.11,1,4.41,5.25,2.82
20250712B03,合計（確報値）,最高約定価格（TSO別）[円/kW・30分],2.93,4.17,4.17,0,0.48,19.51,1.94,5.59,19.51,19.51
20250712B03,合計（確報値）,最低約定価格（TSO別）[円/kW・30分],2.93,4.17,4.17,0,0.35,0.36,0.36,0.48,0.36,0.35
20250712B03,合計（確報値）,平均約定価格（TSO別）[円/kW・30分],2.93,4.17,4.17,0,0.38,4.53,0.77,4.35,4.21,2.82
20250712B03,合計（確報値）,約定量合計（TSO別）[MW],59,7,5,0,24,135.056,139.872,44,17.143,431.071
20250712B03,合計（確報値）,（内訳）自エリアからの約定量[MW],59,7,0,0,19,114.256,139.872,44,13.43,396.558
20250712B04,システム約定結果,募集量（TSO別）[MW],103,197,628,25,97,421,209,66,259,2005
20250712B04,システム約定結果,応札量合計（電源属地別）[MW],95.79,33.069,9.928,1.92,19,191.969,243.709,128,19.354,742.739
20250712B04,システム約定結果,落札量合計（電源属地別）[MW],95.79,33.069,9.928,1.92,19,191.969,243.709,95.742,19.354,710.481
20250712B04,システム約定結果,応札件数（電源属地別）[件],5,3,8,1,1,5,6,5,6,40
20250712B04,システム約定結果,落札件数（電源属地別）[件],5,3,8,1,1,5,6,5,6,40
20250712B04,システム約定結果,最高落札価格（電源属地別）[円/kW・30分],19.51,16.47,19.51,19.51,0.35,9.53,19.51,5.58,19.51,19.51
20250712B04,システム約定結果,最低落札価格（電源属地別）[円/kW・30分],0.44,4.81,19.5,19.51,0.35,0.36,0.36,0.51,0.36,0.35
20250712B04,システム約定結果,平均落札価格（電源属地別）[円/kW・30分],10.68,8.01,19.5,19.51,0.35,2.59,0.88,1.97,7.17,3.61
20250712B04,システム約定結果,最高落札価格（TSO別）[円/kW・30分],19.51,16.47,19.51,19.51,0.35,9.53,19.51,4.57,19.51,19.51
20250712B04,システム約定結果,最低落札価格（TSO別）[円/kW・30分],0.44,4.81,19.5,19.51,0.35,0.36,0.54,0.51,0.36,0.35
20250712B04,システム約定結果,平均落札価格（TSO別）[円/kW・30分],10.68,8.01,19.5,19.51,0.35,1.9,1.15,1.43,7.17,3.61
20250712B04,システム約定結果,落札量合計（TSO別）[MW],95.79,33.069,9.928,1.92,19,362.62,97.8,71,19.354,710.481
20250712B04,システム約定結果,（内訳）自エリアからの落札量[MW],95.79,33.069,9.928,1.92,19,191.969,97.8,71,19.354,539.83
20250712B04,追加調達結果,募集量（TSO別）[MW],-,-,-,-,-,-,-,-,-,-
20250712B04,追加調達結果,応札量合計（電源属地別）[MW],0,0,0,0,0,0,0,0,0,0
20250712B04,追加調達結果,約定量合計（電源属地別）[MW],0,0,0,0,0,0,0,0,0,0
20250712B04,追加調達結果,応札件数（電源属地別）[件],0,0,0,0,0,0,0,0,0,0
20250712B04,追加調達結果,約定件数（電源属地別）[件],0,0,0,0,0,0,0,0,0,0
20250712B04,追加調達結果,最高約定価格（電源属地別）[円/kW・30分],0,0,0,0,0,0,0,0,0,0
20250712B04,追加調達結果,最低約定価格（電源属地別）[円/kW・30分],0,0,0,0,0,0,0,0,0,0
20250712B04,追加調達結果,平均約定価格（電源属地別）[円/kW・30分],0,0,0,0,0,0,0,0,0,0
20250712B04,追加調達結果,最高約定価格（TSO別）[円/kW・30分],0,0,0,0,0,0,0,0,0,0
20250712B04,追加調達結果,最低約定価格（TSO別）[円/kW・30分],0,0,0,0,0,0,0,0,0,0
20250712B04,追加調達結果,平均約定価格（TSO別）[円/kW・30分],0,0,0,0,0,0,0,0,0,0
20250712B04,追加調達結果,約定量合計（TSO別）[MW],0,0,0,0,0,0,0,0,0,0
20250712B04,追加調達結果,（内訳）自エリアからの約定量[MW],0,0,0,0,0,0,0,0,0,0
20250712B04,合計（確報値）,募集量（TSO別）[MW],103,197,628,25,97,421,209,66,259,2005
20250712B04,合計（確報値）,応札量合計（電源属地別）[MW],95.79,33.069,9.928,1.92,19,191.969,243.709,128,19.354,742.739
20250712B04,合計（確報値）,約定量合計（電源属地別）[MW],95.79,33.069,9.928,1.92,19,114.256,243.709,95.742,19.354,632.768
20250712B04,合計（確報値）,応札件数（電源属地別）[件],5,3,8,1,1,5,6,5,6,40
20250712B04,合計（確報値）,約定件数（電源属地別）[件],5,3,8,1,1,4,6,5,6,39
20250712B04,合計（確報値）,最高約定価格（電源属地別）[円/kW・30分],19.51,16.47,19.51,19.51,0.35,9.53,19.51,5.58,19.51,19.51
20250712B04,合計（確報値）,最低約定価格（電源属地別）[円/kW・30分],0.44,4.81,19.5,19.51,0.35,0.36,0.36,0.51,0.36,0.35
20250712B04,合計（確報値）,平均約定価格（電源属地別）[円/kW・30分],10.68,8.01,19.5,19.51,0.35,4.11,0.88,1.97,7.17,4.01
20250712B04,合計（確報値）,最高約定価格（TSO別）[円/kW・30分],19.51,16.47,19.51,19.51,0.35,9.53,19.51,4.57,19.51,19.51
20250712B04,合計（確報値）,最低約定価格（TSO別）[円/kW・30分],0.44,4.81,19.5,19.51,0.35,0.36,0.54,0.51,0.36,0.35
20250712B04,合計（確報値）,平均約定価格（TSO別）[円/kW・30分],10.68,8.01,19.5,19.51,0.35,2.32,1.15,1.43,7.17,4.01
20250712B04,合計（確報値）,約定量合計（TSO別）[MW],95.79,33.069,9.928,1.92,19,284.907,97.8,71,19.354,632.768
20250712B04,合計（確報値）,（内訳）自エリアからの約定量[MW],95.79,33.069,9.928,1.92,19,114.256,97.8,71,19.354,462.117
20250712B05,システム約定結果,募集量（TSO別）[MW],97,191,628,17,96,382,185,77,262,1935
20250712B05,システム約定結果,応札量合計（電源属地別）[MW],95.79,33.069,6.928,1.92,19,194.479,243.709,133,19.828,747.723
20250712B05,システム約定結果,落札量合計（電源属地別）[MW],95.79,33.069,6.928,1.92,19,194.479,243.709,106.032,19.828,720.755
20250712B05,システム約定結果,応札件数（電源属地別）[件],5,3,5,1,1,6,6,5,6,38
20250712B05,システム約定結果,落札件数（電源属地別）[件],5,3,5,1,1,6,6,5,6,38
20250712B05,システム約定結果,最高落札価格（電源属地別）[円/kW・30分],19.51,16.47,19.51,19.51,0.35,9.53,19.51,5.52,19.51,19.51
20250712B05,システム約定結果,最低落札価格（電源属地別）[円/kW・30分],0.44,4.32,19.5,19.51,0.35,0.36,0.36,0.7,0.36,0.35
20250712B05,システム約定結果,平均落札価格（電源属地別）[円/kW・30分],10.99,7.65,19.5,19.51,0.35,2.64,1.15,2,7.47,3.66
20250712B05,システム約定結果,最高落札価格（TSO別）[円/kW・30分],19.51,16.47,19.51,19.51,1.94,9.53,19.51,5.52,19.51,19.51
20250712B05,システム約定結果,最低落札価格（TSO別）[円/kW・30分],0.44,4.32,19.5,19.51,0.35,0.36,0.86,0.7,0.36,0.35
20250712B05,システム約定結果,平均落札価格（TSO別）[円/kW・30分],10.99,7.65,19.5,19.51,0.75,2.3,1.35,1.47,7.47,3.66
20250712B05,システム約定結果,落札量合計（TSO別）[MW],95.79,33.069,6.928,1.92,72,301.175,113.045,77,19.828,720.755
20250712B05,システム約定結果,（内訳）自エリアからの落札量[MW],95.79,33.069,6.928,1.92,19,165.479,113.045,77,19.828,532.059
20250712B05,追加調達結果,募集量（TSO別）[MW],-,-,-,-,-,-,-,-,-,-
20250712B05,追加調達結果,応札量合計（電源属地別）[MW],0,0,0,0,0,0,0,0,0,0
20250712B05,追加調達結果,約定量合計（電源属地別）[MW],0,0,0,0,0,0,0,0,0,0
20250712B05,追加調達結果,応札件数（電源属地別）[件],0,0,0,0,0,0,0,0,0,0
20250712B05,追加調達結果,約定件数（電源属地別）[件],0,0,0,0,0,0,0,0,0,0
20250712B05,追加調達結果,最高約定価格（電源属地別）[円/kW・30分],0,0,0,0,0,0,0,0,0,0
20250712B05,追加調達結果,最低約定価格（電源属地別）[円/kW・30分],0,0,0,0,0,0,0,0,0,0
20250712B05,追加調達結果,平均約定価格（電源属地別）[円/kW・30分],0,0,0,0,0,0,0,0,0,0
20250712B05,追加調達結果,最高約定価格（TSO別）[円/kW・30分],0,0,0,0,0,0,0,0,0,0
20250712B05,追加調達結果,最低約定価格（TSO別）[円/kW・30分],0,0,0,0,0,0,0,0,0,0
20250712B05,追加調達結果,平均約定価格（TSO別）[円/kW・30分],0,0,0,0,0,0,0,0,0,0
20250712B05,追加調達結果,約定量合計（TSO別）[MW],0,0,0,0,0,0,0,0,0,0
20250712B05,追加調達結果,（内訳）自エリアからの約定量[MW],0,0,0,0,0,0,0,0,0,0
20250712B05,合計（確報値）,募集量（TSO別）[MW],97,191,628,17,96,382,185,77,262,1935
20250712B05,合計（確報値）,応札量合計（電源属地別）[MW],95.79,33.069,6.928,1.92,19,194.479,243.709,133,19.828,747.723
20250712B05,合計（確報値）,約定量合計（電源属地別）[MW],95.79,33.069,6.928,1.92,19,116.766,243.709,106.032,19.828,643.042
20250712B05,合計（確報値）,応札件数（電源属地別）[件],5,3,5,1,1,6,6,5,6,38
20250712B05,合計（確報値）,約定件数（電源属地別）[件],5,3,5,1,1,5,6,5,6,37
20250712B05,合計（確報値）,最高約定価格（電源属地別）[円/kW・30分],19.51,16.47,19.51,19.51,0.35,9.53,19.51,5.52,19.51,19.51
20250712B05,合計（確報値）,最低約定価格（電源属地別）[円/kW・30分],0.44,4.32,19.5,19.51,0.35,0.36,0.36,0.7,0.36,0.35
20250712B05,合計（確報値）,平均約定価格（電源属地別）[円/kW・30分],10.99,7.65,19.5,19.51,0.35,4.15,1.15,2,7.47,4.06
20250712B05,合計（確報値）,最高約定価格（TSO別）[円/kW・30分],19.51,16.47,19.51,19.51,1.94,9.53,19.51,5.52,19.51,19.51
20250712B05,合計（確報値）,最低約定価格（TSO別）[円/kW・30分],0.44,4.32,19.5,19.51,0.35,0.36,0.86,0.7,0.36,0.35
20250712B05,合計（確報値）,平均約定価格（TSO別）[円/kW・30分],10.99,7.65,19.5,19.51,1.01,2.67,1.35,1.47,7.47,4.06
20250712B05,合計（確報値）,約定量合計（TSO別）[MW],95.79,33.069,6.928,1.92,43,252.462,113.045,77,19.828,643.042
20250712B05,合計（確報値）,（内訳）自エリアからの約定量[MW],95.79,33.069,6.928,1.92,19,116.766,113.045,77,19.828,483.346
20250712B06,システム約定結果,募集量（TSO別）[MW],92,191,632,82,103,382,248,64,259,2053
20250712B06,システム約定結果,応札量合計（電源属地別）[MW],190.79,45.069,9.928,1.92,35,194.479,243.709,102,17.268,840.163
20250712B06,システム約定結果,落札量合計（電源属地別）[MW],140.5,45.069,9.928,1.92,35,194.479,243.709,102,17.268,789.873
20250712B06,システム約定結果,応札件数（電源属地別）[件],4,4,8,1,1,6,6,4,6,40
20250712B06,システム約定結果,落札件数（電源属地別）[件],2,4,8,1,1,6,6,4,6,38
20250712B06,システム約定結果,最高落札価格（電源属地別）[円/kW・30分],19.51,16.47,19.51,19.51,2.38,9.53,19.51,6.43,19.51,19.51
20250712B06,システム約定結果,最低落札価格（電源属地別）[円/kW・30分],2.16,2.54,19.5,19.51,2.38,0.36,1.52,2.37,1.5,0.36
20250712B06,システム約定結果,平均落札価格（電源属地別）[円/kW・30分],2.35,5.39,19.5,19.51,2.38,2.95,3.77,4.28,9.17,3.76
20250712B06,システム約定結果,最高落札価格（TSO別）[円/kW・30分],19.51,16.47,19.51,19.51,2.38,9.53,19.51,6.43,19.51,19.51
20250712B06,システム約定結果,最低落札価格（TSO別）[円/kW・30分],2.16,2.54,19.5,19.51,2.38,0.36,1.52,2.6,1.5,0.36
20250712B06,システム約定結果,平均落札価格（TSO別）[円/kW・30分],2.35,5.39,19.5,19.51,2.38,3.21,3.81,4.12,9.17,3.76
20250712B06,システム約定結果,落札量合計（TSO別）[MW],140.5,45.069,9.928,1.92,35,243.634,243.554,53,17.268,789.873
20250712B06,システム約定結果,（内訳）自エリアからの落札量[MW],140.5,45.069,9.928,1.92,35,194.479,241.554,53,17.268,738.718
20250712B06,追加調達結果,募集量（TSO別）[MW],-,-,-,-,-,-,-,-,-,-
20250712B06,追加調達結果,応札量合計（電源属地別）[MW],0,0,0,0,0,0,0,0,0,0
20250712B06,追加調達結果,約定量合計（電源属地別）[MW],0,0,0,0,0,0,0,0,0,0
20250712B06,追加調達結果,応札件数（電源属地別）[件],0,0,0,0,0,0,0,0,0,0
20250712B06,追加調達結果,約定件数（電源属地別）[件],0,0,0,0,0,0,0,0,0,0
20250712B06,追加調達結果,最高約定価格（電源属地別）[円/kW・30分],0,0,0,0,0,0,0,0,0,0
20250712B06,追加調達結果,最低約定価格（電源属地別）[円/kW・30分],0,0,0,0,0,0,0,0,0,0
20250712B06,追加調達結果,平均約定価格（電源属地別）[円/kW・30分],0,0,0,0,0,0,0,0,0,0
20250712B06,追加調達結果,最高約定価格（TSO別）[円/kW・30分],0,0,0,0,0,0,0,0,0,0
20250712B06,追加調達結果,最低約定価格（TSO別）[円/kW・30分],0,0,0,0,0,0,0,0,0,0
20250712B06,追加調達結果,平均約定価格（TSO別）[円/kW・30分],0,0,0,0,0,0,0,0,0,0
20250712B06,追加調達結果,約定量合計（TSO別）[MW],0,0,0,0,0,0,0,0,0,0
20250712B06,追加調達結果,（内訳）自エリアからの約定量[MW],0,0,0,0,0,0,0,0,0,0
20250712B06,合計（確報値）,募集量（TSO別）[MW],92,191,632,82,103,382,248,64,259,2053
20250712B06,合計（確報値）,応札量合計（電源属地別）[MW],190.79,45.069,9.928,1.92,35,194.479,243.709,102,17.268,840.163
20250712B06,合計（確報値）,約定量合計（電源属地別）[MW],140.5,45.069,9.928,1.92,35,116.766,145.385,102,17.268,613.836
20250712B06,合計（確報値）,応札件数（電源属地別）[件],4,4,8,1,1,6,6,4,6,40
20250712B06,合計（確報値）,約定件数（電源属地別）[件],2,4,8,1,1,5,5,4,6,36
20250712B06,合計（確報値）,最高約定価格（電源属地別）[円/kW・30分],19.51,16.47,19.51,19.51,2.38,9.53,19.51,6.43,19.51,19.51
20250712B06,合計（確報値）,最低約定価格（電源属地別）[円/kW・30分],2.16,2.54,19.5,19.51,2.38,0.36,1.52,2.37,1.5,0.36
20250712B06,合計（確報値）,平均約定価格（電源属地別）[円/kW・30分],2.35,5.39,19.5,19.51,2.38,4.15,3.65,4.28,9.17,4.07
20250712B06,合計（確報値）,最高約定価格（TSO別）[円/kW・30分],19.51,16.47,19.51,19.51,2.38,9.53,19.51,6.43,19.51,19.51
20250712B06,合計（確報値）,最低約定価格（TSO別）[円/kW・30分],2.16,2.54,19.5,19.51,2.38,0.36,1.52,2.6,1.5,0.36
20250712B06,合計（確報値）,平均約定価格（TSO別）[円/kW・30分],2.35,5.39,19.5,19.51,2.38,4.18,3.72,4.12,9.17,4.07
20250712B06,合計（確報値）,約定量合計（TSO別）[MW],140.5,45.069,9.928,1.92,35,165.921,145.23,53,17.268,613.836
20250712B06,合計（確報値）,（内訳）自エリアからの約定量[MW],140.5,45.069,9.928,1.92,35,116.766,143.23,53,17.268,562.681
20250712B07,システム約定結果,募集量（TSO別）[MW],91,161,629,50,102,371,244,52,242,1942
20250712B07,システム約定結果,応札量合計（電源属地別）[MW],150.7,45.069,51.94,62.161,35,194.479,269.163,79,172.43,1059.942
20250712B07,システム約定結果,落札量合計（電源属地別）[MW],149.2,45.069,51.94,62.161,35,194.479,269.163,79,172.43,1058.442
20250712B07,システム約定結果,応札件数（電源属地別）[件],3,4,8,6,1,6,8,3,8,47
20250712B07,システム約定結果,落札件数（電源属地別）[件],2,4,8,6,1,6,8,3,8,46
20250712B07,システム約定結果,最高落札価格（電源属地別）[円/kW・30分],19.35,16.47,19.51,19.51,4.81,9.53,19.51,6.85,19.51,19.51
20250712B07,システム約定結果,最低落札価格（電源属地別）[円/kW・30分],1.08,1.57,5.4,4.65,4.81,1.55,2.76,3.42,3.9,1.08
20250712B07,システム約定結果,平均落札価格（電源属地別）[円/kW・30分],2.94,4.63,7.5,5.59,4.81,4.52,5.14,5.52,5.79,4.96
20250712B07,システム約定結果,最高落札価格（TSO別）[円/kW・30分],19.35,16.47,19.51,19.51,5.52,9.53,19.51,6.85,19.51,19.51
20250712B07,システム約定結果,最低落札価格（TSO別）[円/kW・30分],1.08,1.57,5.4,5.37,3.42,1.55,2.76,4.87,3.9,1.08
20250712B07,システム約定結果,平均落札価格（TSO別）[円/kW・30分],2.94,4.63,7.5,7.23,4.66,4.84,5,6.24,5.79,4.96
20250712B07,システム約定結果,落札量合計（TSO別）[MW],149.2,45.069,51.94,14.828,89,301.175,185.8,49,172.43,1058.442
20250712B07,システム約定結果,（内訳）自エリアからの落札量[MW],149.2,45.069,51.94,14.828,35,184.479,185.8,49,172.43,887.746
20250712B07,追加調達結果,募集量（TSO別）[MW],-,-,-,-,-,-,-,-,-,-
20250712B07,追加調達結果,応札量合計（電源属地別）[MW],0,0,0,0,0,0,0,0,0,0
20250712B07,追加調達結果,約定量合計（電源属地別）[MW],0,0,0,0,0,0,0,0,0,0
20250712B07,追加調達結果,応札件数（電源属地別）[件],0,0,0,0,0,0,0,0,0,0
20250712B07,追加調達結果,約定件数（電源属地別）[件],0,0,0,0,0,0,0,0,0,0
20250712B07,追加調達結果,最高約定価格（電源属地別）[円/kW・30分],0,0,0,0,0,0,0,0,0,0
20250712B07,追加調達結果,最低約定価格（電源属地別）[円/kW・30分],0,0,0,0,0,0,0,0,0,0
20250712B07,追加調達結果,平均約定価格（電源属地別）[円/kW・30分],0,0,0,0,0,0,0,0,0,0
20250712B07,追加調達結果,最高約定価格（TSO別）[円/kW・30分],0,0,0,0,0,0,0,0,0,0
20250712B07,追加調達結果,最低約定価格（TSO別）[円/kW・30分],0,0,0,0,0,0,0,0,0,0
20250712B07,追加調達結果,平均約定価格（TSO別）[円/kW・30分],0,0,0,0,0,0,0,0,0,0
20250712B07,追加調達結果,約定量合計（TSO別）[MW],0,0,0,0,0,0,0,0,0,0
20250712B07,追加調達結果,（内訳）自エリアからの約定量[MW],0,0,0,0,0,0,0,0,0,0
20250712B07,合計（確報値）,募集量（TSO別）[MW],91,161,629,50,102,371,244,52,242,1942
20250712B07,合計（確報値）,応札量合計（電源属地別）[MW],150.7,45.069,51.94,62.161,35,194.479,285.03,79,264.43,1167.809
20250712B07,合計（確報値）,約定量合計（電源属地別）[MW],149.2,45.069,51.94,62.161,35,116.766,186.706,79,172.43,898.272
20250712B07,合計（確報値）,応札件数（電源属地別）[件],3,4,8,6,1,6,9,3,10,50
20250712B07,合計（確報値）,約定件数（電源属地別）[件],2,4,8,6,1,5,8,3,8,45
20250712B07,合計（確報値）,最高約定価格（電源属地別）[円/kW・30分],19.35,16.47,19.51,19.51,4.81,9.53,19.51,6.85,19.51,19.51
20250712B07,合計（確報値）,最低約定価格（電源属地別）[円/kW・30分],1.08,1.57,5.4,4.65,4.81,1.55,1.94,3.42,3.59,1.08
20250712B07,合計（確報値）,平均約定価格（電源属地別）[円/kW・30分],2.94,4.63,7.5,5.59,4.81,4.93,4.61,5.52,5,4.77
20250712B07,合計（確報値）,最高約定価格（TSO別）[円/kW・30分],19.35,16.47,19.51,19.51,5.52,9.53,19.51,6.85,19.51,19.51
20250712B07,合計（確報値）,最低約定価格（TSO別）[円/kW・30分],1.08,1.57,5.4,5.37,3.42,1.55,1.94,4.87,3.59,1.08
20250712B07,合計（確報値）,平均約定価格（TSO別）[円/kW・30分],2.94,4.63,7.5,7.23,4.76,4.97,4.48,6.24,5,4.77
20250712B07,合計（確報値）,約定量合計（TSO別）[MW],149.2,45.069,51.94,14.828,79,183.388,153.417,49,172.43,898.272
20250712B07,合計（確報値）,（内訳）自エリアからの約定量[MW],149.2,45.069,51.94,14.828,35,116.766,153.417,49,172.43,787.65
20250712B08,システム約定結果,募集量（TSO別）[MW],98,105,601,0,92,345,194,56,235,1726
20250712B08,システム約定結果,応札量合計（電源属地別）[MW],195.79,33.069,38.109,99.811,35,116.766,158.697,68,113.43,858.672
20250712B08,システム約定結果,落札量合計（電源属地別）[MW],144,33.069,38.109,99.811,35,116.766,158.697,68,113.43,806.882
20250712B08,システム約定結果,応札件数（電源属地別）[件],4,3,3,7,1,5,6,3,7,39
20250712B08,システム約定結果,落札件数（電源属地別）[件],1,3,3,7,1,5,6,3,7,36
20250712B08,システム約定結果,最高落札価格（電源属地別）[円/kW・30分],1.34,16.47,19.51,19.51,2.76,9.53,19.51,6.15,19.51,19.51
20250712B08,システム約定結果,最低落札価格（電源属地別）[円/kW・30分],1.34,2.74,3.29,2.03,2.76,0.36,0.5,2.08,1.34,0.36
20250712B08,システム約定結果,平均落札価格（電源属地別）[円/kW・30分],1.34,6.51,4.49,2.93,2.76,4.15,2.67,5.02,4.1,3.32
20250712B08,システム約定結果,最高落札価格（TSO別）[円/kW・30分],1.34,16.47,19.51,0,3.35,19.51,19.51,6.15,19.51,19.51
20250712B08,システム約定結果,最低落札価格（TSO別）[円/kW・30分],1.34,16.47,2.74,0,2.03,0.36,0.5,2.08,1.34,0.36
20250712B08,システム約定結果,平均落札価格（TSO別）[円/kW・30分],1.34,16.47,3.81,0,2.57,3.85,2.67,4.98,4.1,3.32
20250712B08,システム約定結果,落札量合計（TSO別）[MW],144,9.069,62.109,0,61,202.577,158.697,56,113.43,806.882
20250712B08,システム約定結果,（内訳）自エリアからの落札量[MW],144,9.069,38.109,0,35,116.766,158.697,56,113.43,671.071
20250712B08,追加調達結果,募集量（TSO別）[MW],-,-,-,-,-,-,-,-,-,-
20250712B08,追加調達結果,応札量合計（電源属地別）[MW],0,0,0,0,0,0,0,0,0,0
20250712B08,追加調達結果,約定量合計（電源属地別）[MW],0,0,0,0,0,0,0,0,0,0
20250712B08,追加調達結果,応札件数（電源属地別）[件],0,0,0,0,0,0,0,0,0,0
20250712B08,追加調達結果,約定件数（電源属地別）[件],0,0,0,0,0,0,0,0,0,0
20250712B08,追加調達結果,最高約定価格（電源属地別）[円/kW・30分],0,0,0,0,0,0,0,0,0,0
20250712B08,追加調達結果,最低約定価格（電源属地別）[円/kW・30分],0,0,0,0,0,0,0,0,0,0
20250712B08,追加調達結果,平均約定価格（電源属地別）[円/kW・30分],0,0,0,0,0,0,0,0,0,0
20250712B08,追加調達結果,最高約定価格（TSO別）[円/kW・30分],0,0,0,0,0,0,0,0,0,0
20250712B08,追加調達結果,最低約定価格（TSO別）[円/kW・30分],0,0,0,0,0,0,0,0,0,0
20250712B08,追加調達結果,平均約定価格（TSO別）[円/kW・30分],0,0,0,0,0,0,0,0,0,0
20250712B08,追加調達結果,約定量合計（TSO別）[MW],0,0,0,0,0,0,0,0,0,0
20250712B08,追加調達結果,（内訳）自エリアからの約定量[MW],0,0,0,0,0,0,0,0,0,0
20250712B08,合計（確報値）,募集量（TSO別）[MW],98,105,601,0,92,345,194,56,235,1726
20250712B08,合計（確報値）,応札量合計（電源属地別）[MW],195.79,33.069,38.109,118.811,35,116.766,217.981,68,214.43,1037.956
20250712B08,合計（確報値）,約定量合計（電源属地別）[MW],144,33.069,38.109,99.811,35,116.766,158.697,68,113.43,806.882
20250712B08,合計（確報値）,応札件数（電源属地別）[件],4,3,3,9,1,5,9,3,10,47
20250712B08,合計（確報値）,約定件数（電源属地別）[件],1,3,3,8,1,5,8,3,7,39
20250712B08,合計（確報値）,最高約定価格（電源属地別）[円/kW・30分],1.34,16.47,19.51,19.51,2.76,9.53,19.51,6.15,19.51,19.51
20250712B08,合計（確報値）,最低約定価格（電源属地別）[円/kW・30分],1.34,2.74,3.29,0.36,2.76,0.36,0.36,2.08,0.65,0.36
20250712B08,合計（確報値）,平均約定価格（電源属地別）[円/kW・30分],1.34,6.51,4.49,2.5,2.76,4.15,1.65,5.02,2.36,2.83
20250712B08,合計（確報値）,最高約定価格（TSO別）[円/kW・30分],1.34,16.47,19.51,0,3.35,19.51,19.51,6.15,19.51,19.51
20250712B08,合計（確報値）,最低約定価格（TSO別）[円/kW・30分],1.34,16.47,2.74,0,0.36,0.36,0.36,2.08,0.65,0.36
20250712B08,合計（確報値）,平均約定価格（TSO別）[円/kW・30分],1.34,16.47,3.81,0,2.2,3.75,1.65,4.98,2.36,2.83
20250712B08,合計（確報値）,約定量合計（TSO別）[MW],144,9.069,62.109,0,61,202.577,158.697,56,113.43,806.882
20250712B08,合計（確報値）,（内訳）自エリアからの約定量[MW],144,9.069,38.109,0,35,116.766,158.697,56,113.43,671.071
20250713B01,システム約定結果,募集量（TSO別）[MW],85,63,523,0,54,341,221,46,180,1513
20250713B01,システム約定結果,応札量合計（電源属地別）[MW],90.49,45.069,1.96,218.369,35,67.501,241.909,68,113.43,881.728
20250713B01,システム約定結果,落札量合計（電源属地別）[MW],87,45.069,1.96,218.369,35,67.501,241.909,68,113.43,878.238
20250713B01,システム約定結果,応札件数（電源属地別）[件],3,4,1,9,1,3,5,3,7,36
20250713B01,システム約定結果,落札件数（電源属地別）[件],1,4,1,9,1,3,5,3,7,34
20250713B01,システム約定結果,最高落札価格（電源属地別）[円/kW・30分],3.19,16.47,19.51,19.51,0.76,0.36,1.94,5.46,19.51,19.51
20250713B01,システム約定結果,最低落札価格（電源属地別）[円/kW・30分],3.19,2.93,19.51,1.69,0.76,0.36,0.36,1.01,0.41,0.36
20250713B01,システム約定結果,平均落札価格（電源属地別）[円/kW・30分],3.19,5.67,19.51,2.51,0.76,0.36,1.37,4.61,2.52,2.39
20250713B01,システム約定結果,最高落札価格（TSO別）[円/kW・30分],3.19,16.47,19.51,0,0.76,19.51,1.94,5.46,19.51,19.51
20250713B01,システム約定結果,最低落札価格（TSO別）[円/kW・30分],3.19,2.93,19.51,0,0.76,0.36,0.36,1.01,0.41,0.36
20250713B01,システム約定結果,平均落札価格（TSO別）[円/kW・30分],3.19,5.67,19.51,0,0.76,2.24,1.36,4.3,2.35,2.39
20250713B01,システム約定結果,落札量合計（TSO別）[MW],87,45.069,1.96,0,35,307.87,221,46,134.339,878.238
20250713B01,システム約定結果,（内訳）自エリアからの落札量[MW],87,45.069,1.96,0,35,67.501,221,46,113.43,616.96
20250713B01,追加調達結果,募集量（TSO別）[MW],-,-,-,-,-,-,-,-,-,-
20250713B01,追加調達結果,応札量合計（電源属地別）[MW],0,0,0,0,0,0,0,0,0,0
20250713B01,追加調達結果,約定量合計（電源属地別）[MW],0,0,0,0,0,0,0,0,0,0
20250713B01,追加調達結果,応札件数（電源属地別）[件],0,0,0,0,0,0,0,0,0,0
20250713B01,追加調達結果,約定件数（電源属地別）[件],0,0,0,0,0,0,0,0,0,0
20250713B01,追加調達結果,最高約定価格（電源属地別）[円/kW・30分],0,0,0,0,0,0,0,0,0,0
20250713B01,追加調達結果,最低約定価格（電源属地別）[円/kW・30分],0,0,0,0,0,0,0,0,0,0
20250713B01,追加調達結果,平均約定価格（電源属地別）[円/kW・30分],0,0,0,0,0,0,0,0,0,0
20250713B01,追加調達結果,最高約定価格（TSO別）[円/kW・30分],0,0,0,0,0,0,0,0,0,0
20250713B01,追加調達結果,最低約定価格（TSO別）[円/kW・30分],0,0,0,0,0,0,0,0,0,0
20250713B01,追加調達結果,平均約定価格（TSO別）[円/kW・30分],0,0,0,0,0,0,0,0,0,0
20250713B01,追加調達結果,約定量合計（TSO別）[MW],0,0,0,0,0,0,0,0,0,0
20250713B01,追加調達結果,（内訳）自エリアからの約定量[MW],0,0,0,0,0,0,0,0,0,0
20250713B01,合計（確報値）,募集量（TSO別）[MW],85,63,523,0,54,341,221,46,180,1513
20250713B01,合計（確報値）,応札量合計（電源属地別）[MW],90.49,45.069,1.96,363.048,35,67.501,241.909,68,180.43,1093.407
20250713B01,合計（確報値）,約定量合計（電源属地別）[MW],87,45.069,1.96,218.369,35,67.501,241.909,68,113.43,878.238
20250713B01,合計（確報値）,応札件数（電源属地別）[件],3,4,1,16,1,3,5,3,9,45
20250713B01,合計（確報値）,約定件数（電源属地別）[件],1,4,1,10,1,3,5,3,7,35
20250713B01,合計（確報値）,最高約定価格（電源属地別）[円/kW・30分],3.19,16.47,19.51,19.51,0.76,0.36,1.94,5.46,19.51,19.51
20250713B01,合計（確報値）,最低約定価格（電源属地別）[円/kW・30分],3.19,2.93,19.51,0.36,0.76,0.36,0.36,1.01,0.36,0.36
20250713B01,合計（確報値）,平均約定価格（電源属地別）[円/kW・30分],3.19,5.67,19.51,1.28,0.76,0.36,1.37,4.61,1.47,1.95
20250713B01,合計（確報値）,最高約定価格（TSO別）[円/kW・30分],3.19,16.47,19.51,0,0.76,19.51,1.94,5.46,19.51,19.51
20250713B01,合計（確報値）,最低約定価格（TSO別）[円/kW・30分],3.19,2.93,19.51,0,0.76,0.36,0.36,1.01,0.36,0.36
20250713B01,合計（確報値）,平均約定価格（TSO別）[円/kW・30分],3.19,5.67,19.51,0,0.76,1.37,1.36,4.3,1.46,1.95
20250713B01,合計（確報値）,約定量合計（TSO別）[MW],87,45.069,1.96,0,35,307.87,221,46,134.339,878.238
20250713B01,合計（確報値）,（内訳）自エリアからの約定量[MW],87,45.069,1.96,0,35,67.501,221,46,113.43,616.96
20250713B02,システム約定結果,募集量（TSO別）[MW],76,83,471,0,68,340,219,47,206,1510
20250713B02,システム約定結果,応札量合計（電源属地別）[MW],145.69,45.069,76.792,191.494,35,114.258,243.709,68,113.43,1033.442
20250713B02,システム約定結果,落札量合計（電源属地別）[MW],127,45.069,76.792,191.494,35,114.258,243.709,68,113.43,1014.752
20250713B02,システム約定結果,応札件数（電源属地別）[件],4,4,6,9,1,4,6,3,7,44
20250713B02,システム約定結果,落札件数（電源属地別）[件],1,4,6,9,1,4,6,3,7,41
20250713B02,システム約定結果,最高落札価格（電源属地別）[円/kW・30分],2.25,16.47,19.51,19.51,0.46,9.53,19.51,5.48,19.51,19.51
20250713B02,システム約定結果,最低落札価格（電源属地別）[円/kW・30分],2.25,3.34,0.79,1.29,0.46,0.36,0.36,0.94,0.36,0.36
20250713B02,システム約定結果,平均落札価格（電源属地別）[円/kW・30分],2.25,6,1.3,3.04,0.46,4.11,1.5,4.59,1.85,2.57
20250713B02,システム約定結果,最高落札価格（TSO別）[円/kW・30分],2.25,16.47,19.51,0,0.46,19.51,1.94,5.48,19.51,19.51
20250713B02,システム約定結果,最低落札価格（TSO別）[円/kW・30分],2.25,3.34,0.79,0,0.46,0.36,0.36,0.94,0.36,0.36
20250713B02,システム約定結果,平均落札価格（TSO別）[円/kW・30分],2.25,6,1.3,0,0.46,3.57,1.36,4.21,2.01,2.57
20250713B02,システム約定結果,落札量合計（TSO別）[MW],127,45.069,76.792,0,35,326.752,219,47,138.139,1014.752
20250713B02,システム約定結果,（内訳）自エリアからの落札量[MW],127,45.069,76.792,0,35,114.258,219,47,113.43,777.549
20250713B02,追加調達結果,募集量（TSO別）[MW],-,-,-,-,-,-,-,-,-,-
20250713B02,追加調達結果,応札量合計（電源属地別）[MW],0,0,0,0,0,0,0,0,0,0
20250713B02,追加調達結果,約定量合計（電源属地別）[MW],0,0,0,0,0,0,0,0,0,0
20250713B02,追加調達結果,応札件数（電源属地別）[件],0,0,0,0,0,0,0,0,0,0
20250713B02,追加調達結果,約定件数（電源属地別）[件],0,0,0,0,0,0,0,0,0,0
20250713B02,追加調達結果,最高約定価格（電源属地別）[円/kW・30分],0,0,0,0,0,0,0,0,0,0
20250713B02,追加調達結果,最低約定価格（電源属地別）[円/kW・30分],0,0,0,0,0,0,0,0,0,0
20250713B02,追加調達結果,平均約定価格（電源属地別）[円/kW・30分],0,0,0,0,0,0,0,0,0,0
20250713B02,追加調達結果,最高約定価格（TSO別）[円/kW・30分],0,0,0,0,0,0,0,0,0,0
20250713B02,追加調達結果,最低約定価格（TSO別）[円/kW・30分],0,0,0,0,0,0,0,0,0,0
20250713B02,追加調達結果,平均約定価格（TSO別）[円/kW・30分],0,0,0,0,0,0,0,0,0,0
20250713B02,追加調達結果,約定量合計（TSO別）[MW],0,0,0,0,0,0,0,0,0,0
20250713B02,追加調達結果,（内訳）自エリアからの約定量[MW],0,0,0,0,0,0,0,0,0,0
20250713B02,合計（確報値）,募集量（TSO別）[MW],76,83,471,0,68,340,219,47,206,1510
20250713B02,合計（確報値）,応札量合計（電源属地別）[MW],145.69,45.069,76.792,281.203,35,114.258,243.709,68,180.43,1190.151
20250713B02,合計（確報値）,約定量合計（電源属地別）[MW],127,45.069,76.792,191.494,35,114.258,145.385,68,113.43,916.428
20250713B02,合計（確報値）,応札件数（電源属地別）[件],4,4,6,15,1,4,6,3,10,53
20250713B02,合計（確報値）,約定件数（電源属地別）[件],1,4,6,10,1,4,5,3,8,42
20250713B02,合計（確報値）,最高約定価格（電源属地別）[円/kW・30分],2.25,16.47,19.51,19.51,0.46,9.53,19.51,5.48,19.51,19.51
20250713B02,合計（確報値）,最低約定価格（電源属地別）[円/kW・30分],2.25,3.34,0.79,0.36,0.46,0.36,0.36,0.94,0.36,0.36
20250713B02,合計（確報値）,平均約定価格（電源属地別）[円/kW・30分],2.25,6,1.3,1.71,0.46,4.11,1.57,4.59,1.23,2.34
20250713B02,合計（確報値）,最高約定価格（TSO別）[円/kW・30分],2.25,16.47,19.51,0,0.46,19.51,1.94,5.48,19.51,19.51
20250713B02,合計（確報値）,最低約定価格（TSO別）[円/kW・30分],2.25,3.34,0.79,0,0.46,0.36,0.36,0.94,0.36,0.36
20250713B02,合計（確報値）,平均約定価格（TSO別）[円/kW・30分],2.25,6,1.3,0,0.46,2.79,1.34,4.21,1.52,2.34
20250713B02,合計（確報値）,約定量合計（TSO別）[MW],127,45.069,76.792,0,35,326.752,143.585,47,115.23,916.428
20250713B02,合計（確報値）,（内訳）自エリアからの約定量[MW],127,45.069,76.792,0,35,114.258,143.585,47,113.43,702.134
20250713B03,システム約定結果,募集量（TSO別）[MW],59,151,571,0,70,388,197,44,240,1720
20250713B03,システム約定結果,応札量合計（電源属地別）[MW],108.8,12,54.599,1.92,19,191.971,243.709,102,13.43,747.429
20250713B03,システム約定結果,落札量合計（電源属地別）[MW],59,12,54.599,1.92,19,191.971,243.709,102,13.43,697.629
20250713B03,システム約定結果,応札件数（電源属地別）[件],3,1,3,1,1,5,6,4,4,28
20250713B03,システム約定結果,落札件数（電源属地別）[件],1,1,3,1,1,5,6,4,4,26
20250713B03,システム約定結果,最高落札価格（電源属地別）[円/kW・30分],2.89,4.64,0.88,19.51,0.35,9.53,19.51,5.62,19.51,19.51
20250713B03,システム約定結果,最低落札価格（電源属地別）[円/kW・30分],2.89,4.64,0.83,19.51,0.35,0.36,0.36,0.47,0.36,0.35
20250713B03,システム約定結果,平均落札価格（電源属地別）[円/kW・30分],2.89,4.64,0.85,19.51,0.35,2.59,0.71,3.28,5.25,2
20250713B03,システム約定結果,最高落札価格（TSO別）[円/kW・30分],2.89,4.64,4.64,0,4.45,19.51,1.94,5.62,19.51,19.51
20250713B03,システム約定結果,最低落札価格（TSO別）[円/kW・30分],2.89,4.64,0.83,0,0.35,0.36,0.36,0.47,0.36,0.35
20250713B03,システム約定結果,平均落札価格（TSO別）[円/kW・30分],2.89,4.64,1.17,0,1.17,2.78,0.61,2.46,6.17,2
20250713B03,システム約定結果,落札量合計（TSO別）[MW],59,7,59.599,0,55,258.8,197,44,17.23,697.629
20250713B03,システム約定結果,（内訳）自エリアからの落札量[MW],59,7,54.599,0,19,166.971,197,44,13.43,561
20250713B03,追加調達結果,募集量（TSO別）[MW],-,-,-,-,-,-,-,-,-,-
20250713B03,追加調達結果,応札量合計（電源属地別）[MW],0,0,0,0,0,0,0,0,0,0
20250713B03,追加調達結果,約定量合計（電源属地別）[MW],0,0,0,0,0,0,0,0,0,0
20250713B03,追加調達結果,応札件数（電源属地別）[件],0,0,0,0,0,0,0,0,0,0
20250713B03,追加調達結果,約定件数（電源属地別）[件],0,0,0,0,0,0,0,0,0,0
20250713B03,追加調達結果,最高約定価格（電源属地別）[円/kW・30分],0,0,0,0,0,0,0,0,0,0
20250713B03,追加調達結果,最低約定価格（電源属地別）[円/kW・30分],0,0,0,0,0,0,0,0,0,0
20250713B03,追加調達結果,平均約定価格（電源属地別）[円/kW・30分],0,0,0,0,0,0,0,0,0,0
20250713B03,追加調達結果,最高約定価格（TSO別）[円/kW・30分],0,0,0,0,0,0,0,0,0,0
20250713B03,追加調達結果,最低約定価格（TSO別）[円/kW・30分],0,0,0,0,0,0,0,0,0,0
20250713B03,追加調達結果,平均約定価格（TSO別）[円/kW・30分],0,0,0,0,0,0,0,0,0,0
20250713B03,追加調達結果,約定量合計（TSO別）[MW],0,0,0,0,0,0,0,0,0,0
20250713B03,追加調達結果,（内訳）自エリアからの約定量[MW],0,0,0,0,0,0,0,0,0,0
20250713B03,合計（確報値）,募集量（TSO別）[MW],59,151,571,0,70,388,197,44,240,1720
20250713B03,合計（確報値）,応札量合計（電源属地別）[MW],108.8,12,54.599,1.92,19,191.971,243.709,102,13.43,747.429
20250713B03,合計（確報値）,約定量合計（電源属地別）[MW],59,12,54.599,1.92,19,114.258,145.385,102,13.43,521.592
20250713B03,合計（確報値）,応札件数（電源属地別）[件],3,1,3,1,1,5,6,4,4,28
20250713B03,合計（確報値）,約定件数（電源属地別）[件],1,1,3,1,1,4,5,4,4,24
20250713B03,合計（確報値）,最高約定価格（電源属地別）[円/kW・30分],2.89,4.64,0.88,19.51,0.35,9.53,19.51,5.62,19.51,19.51
20250713B03,合計（確報値）,最低約定価格（電源属地別）[円/kW・30分],2.89,4.64,0.83,19.51,0.35,0.36,0.36,0.47,0.36,0.35
20250713B03,合計（確報値）,平均約定価格（電源属地別）[円/kW・30分],2.89,4.64,0.85,19.51,0.35,4.11,0.94,3.28,5.25,2.55
20250713B03,合計（確報値）,最高約定価格（TSO別）[円/kW・30分],2.89,4.64,4.64,0,4.45,19.51,1.94,5.62,19.51,19.51
20250713B03,合計（確報値）,最低約定価格（TSO別）[円/kW・30分],2.89,4.64,0.83,0,0.35,0.36,0.36,0.47,0.36,0.35
20250713B03,合計（確報値）,平均約定価格（TSO別）[円/kW・30分],2.89,4.64,1.17,0,1.85,4.19,0.71,2.46,6.17,2.55
20250713B03,合計（確報値）,約定量合計（TSO別）[MW],59,7,59.599,0,30,163.178,141.585,44,17.23,521.592
20250713B03,合計（確報値）,（内訳）自エリアからの約定量[MW],59,7,54.599,0,19,114.258,141.585,44,13.43,452.872
20250713B04,システム約定結果,募集量（TSO別）[MW],103,197,628,25,97,421,209,66,259,2005
20250713B04,システム約定結果,応札量合計（電源属地別）[MW],95.79,33.069,9.928,1.92,19,191.971,240.569,128,19.354,739.601
20250713B04,システム約定結果,落札量合計（電源属地別）[MW],95.79,33.069,9.928,1.92,19,191.971,240.569,95.742,19.354,707.343
20250713B04,システム約定結果,応札件数（電源属地別）[件],5,3,8,1,1,5,6,5,6,40
20250713B04,システム約定結果,落札件数（電源属地別）[件],5,3,8,1,1,5,6,5,6,40
20250713B04,システム約定結果,最高落札価格（電源属地別）[円/kW・30分],19.51,16.47,19.51,19.51,0.35,9.53,19.51,5.62,19.51,19.51
20250713B04,システム約定結果,最低落札価格（電源属地別）[円/kW・30分],0.36,5.17,19.5,19.51,0.35,0.36,0.36,0.51,0.36,0.35
20250713B04,システム約定結果,平均落札価格（電源属地別）[円/kW・30分],10.65,8.27,19.5,19.51,0.35,2.59,0.61,1.95,7.17,3.53
20250713B04,システム約定結果,最高落札価格（TSO別）[円/kW・30分],19.51,16.47,19.51,19.51,0.35,9.53,19.51,5.62,19.51,19.51
20250713B04,システム約定結果,最低落札価格（TSO別）[円/kW・30分],0.36,5.17,19.5,19.51,0.35,0.36,0.36,0.51,0.36,0.35
20250713B04,システム約定結果,平均落札価格（TSO別）[円/kW・30分],10.65,8.27,19.5,19.51,0.35,1.64,0.84,2.26,7.17,3.53
20250713B04,システム約定結果,落札量合計（TSO別）[MW],95.79,33.069,9.928,1.92,19,359.482,97.8,71,19.354,707.343
20250713B04,システム約定結果,（内訳）自エリアからの落札量[MW],95.79,33.069,9.928,1.92,19,191.971,97.8,71,19.354,539.832
20250713B04,追加調達結果,募集量（TSO別）[MW],-,-,-,-,-,-,-,-,-,-
20250713B04,追加調達結果,応札量合計（電源属地別）[MW],0,0,0,0,0,0,0,0,0,0
20250713B04,追加調達結果,約定量合計（電源属地別）[MW],0,0,0,0,0,0,0,0,0,0
20250713B04,追加調達結果,応札件数（電源属地別）[件],0,0,0,0,0,0,0,0,0,0
20250713B04,追加調達結果,約定件数（電源属地別）[件],0,0,0,0,0,0,0,0,0,0
20250713B04,追加調達結果,最高約定価格（電源属地別）[円/kW・30分],0,0,0,0,0,0,0,0,0,0
20250713B04,追加調達結果,最低約定価格（電源属地別）[円/kW・30分],0,0,0,0,0,0,0,0,0,0
20250713B04,追加調達結果,平均約定価格（電源属地別）[円/kW・30分],0,0,0,0,0,0,0,0,0,0
20250713B04,追加調達結果,最高約定価格（TSO別）[円/kW・30分],0,0,0,0,0,0,0,0,0,0
20250713B04,追加調達結果,最低約定価格（TSO別）[円/kW・30分],0,0,0,0,0,0,0,0,0,0
20250713B04,追加調達結果,平均約定価格（TSO別）[円/kW・30分],0,0,0,0,0,0,0,0,0,0
20250713B04,追加調達結果,約定量合計（TSO別）[MW],0,0,0,0,0,0,0,0,0,0
20250713B04,追加調達結果,（内訳）自エリアからの約定量[MW],0,0,0,0,0,0,0,0,0,0
20250713B04,合計（確報値）,募集量（TSO別）[MW],103,197,628,25,97,421,209,66,259,2005
20250713B04,合計（確報値）,応札量合計（電源属地別）[MW],95.79,33.069,9.928,1.92,19,191.971,240.569,128,19.354,739.601
20250713B04,合計（確報値）,約定量合計（電源属地別）[MW],95.79,33.069,9.928,1.92,19,114.258,227.842,95.742,19.354,616.903
20250713B04,合計（確報値）,応札件数（電源属地別）[件],5,3,8,1,1,5,6,5,6,40
20250713B04,合計（確報値）,約定件数（電源属地別）[件],5,3,8,1,1,4,5,5,6,38
20250713B04,合計（確報値）,最高約定価格（電源属地別）[円/kW・30分],19.51,16.47,19.51,19.51,0.35,9.53,19.51,5.62,19.51,19.51
20250713B04,合計（確報値）,最低約定価格（電源属地別）[円/kW・30分],0.36,5.17,19.5,19.51,0.35,0.36,0.36,0.51,0.36,0.35
20250713B04,合計（確報値）,平均約定価格（電源属地別）[円/kW・30分],10.65,8.27,19.5,19.51,0.35,4.11,0.62,1.95,7.17,4
20250713B04,合計（確報値）,最高約定価格（TSO別）[円/kW・30分],19.51,16.47,19.51,19.51,0.35,9.53,19.51,5.62,19.51,19.51
20250713B04,合計（確報値）,最低約定価格（TSO別）[円/kW・30分],0.36,5.17,19.5,19.51,0.35,0.36,0.36,0.51,0.36,0.35
20250713B04,合計（確報値）,平均約定価格（TSO別）[円/kW・30分],10.65,8.27,19.5,19.51,0.35,2.06,0.84,2.26,7.17,4
20250713B04,合計（確報値）,約定量合計（TSO別）[MW],95.79,33.069,9.928,1.92,19,269.042,97.8,71,19.354,616.903
20250713B04,合計（確報値）,（内訳）自エリアからの約定量[MW],95.79,33.069,9.928,1.92,19,114.258,97.8,71,19.354,462.119
20250713B05,システム約定結果,募集量（TSO別）[MW],97,191,628,17,96,382,185,77,262,1935
20250713B05,システム約定結果,応札量合計（電源属地別）[MW],95.79,33.069,6.928,1.92,60,194.481,240.569,133,19.752,785.509
20250713B05,システム約定結果,落札量合計（電源属地別）[MW],95.79,33.069,6.928,1.92,60,194.481,240.569,106.032,19.752,758.541
20250713B05,システム約定結果,応札件数（電源属地別）[件],5,3,5,1,2,6,6,5,6,39
20250713B05,システム約定結果,落札件数（電源属地別）[件],5,3,5,1,2,6,6,5,6,39
20250713B05,システム約定結果,最高落札価格（電源属地別）[円/kW・30分],19.51,16.47,19.51,19.51,0.49,9.53,19.51,5.53,19.51,19.51
20250713B05,システム約定結果,最低落札価格（電源属地別）[円/kW・30分],0.36,4.55,19.5,19.51,0.35,0.36,0.36,0.68,0.36,0.35
20250713B05,システム約定結果,平均落札価格（電源属地別）[円/kW・30分],11.57,7.82,19.5,19.51,0.43,2.64,0.92,1.98,7.43,3.5
20250713B05,システム約定結果,最高落札価格（TSO別）[円/kW・30分],19.51,16.47,19.51,19.51,0.68,9.53,19.51,5.53,19.51,19.51
20250713B05,システム約定結果,最低落札価格（TSO別）[円/kW・30分],0.36,4.55,19.5,19.51,0.35,0.36,0.36,0.68,0.36,0.35
20250713B05,システム約定結果,平均落札価格（TSO別）[円/kW・30分],11.57,7.82,19.5,19.51,0.5,1.97,1.05,2.48,7.43,3.5
20250713B05,システム約定結果,落札量合計（TSO別）[MW],95.79,33.069,6.928,1.92,85,300.633,138.449,77,19.752,758.541
20250713B05,システム約定結果,（内訳）自エリアからの落札量[MW],95.79,33.069,6.928,1.92,60,193.481,138.449,77,19.752,626.389
20250713B05,追加調達結果,募集量（TSO別）[MW],-,-,-,-,-,-,-,-,-,-
20250713B05,追加調達結果,応札量合計（電源属地別）[MW],0,0,0,0,0,0,0,0,0,0
20250713B05,追加調達結果,約定量合計（電源属地別）[MW],0,0,0,0,0,0,0,0,0,0
20250713B05,追加調達結果,応札件数（電源属地別）[件],0,0,0,0,0,0,0,0,0,0
20250713B05,追加調達結果,約定件数（電源属地別）[件],0,0,0,0,0,0,0,0,0,0
20250713B05,追加調達結果,最高約定価格（電源属地別）[円/kW・30分],0,0,0,0,0,0,0,0,0,0
20250713B05,追加調達結果,最低約定価格（電源属地別）[円/kW・30分],0,0,0,0,0,0,0,0,0,0
20250713B05,追加調達結果,平均約定価格（電源属地別）[円/kW・30分],0,0,0,0,0,0,0,0,0,0
20250713B05,追加調達結果,最高約定価格（TSO別）[円/kW・30分],0,0,0,0,0,0,0,0,0,0
20250713B05,追加調達結果,最低約定価格（TSO別）[円/kW・30分],0,0,0,0,0,0,0,0,0,0
20250713B05,追加調達結果,平均約定価格（TSO別）[円/kW・30分],0,0,0,0,0,0,0,0,0,0
20250713B05,追加調達結果,約定量合計（TSO別）[MW],0,0,0,0,0,0,0,0,0,0
20250713B05,追加調達結果,（内訳）自エリアからの約定量[MW],0,0,0,0,0,0,0,0,0,0
20250713B05,合計（確報値）,募集量（TSO別）[MW],97,191,628,17,96,382,185,77,262,1935
20250713B05,合計（確報値）,応札量合計（電源属地別）[MW],95.79,33.069,6.928,1.92,60,218.427,240.569,133,19.752,809.455
20250713B05,合計（確報値）,約定量合計（電源属地別）[MW],95.79,33.069,6.928,1.92,60,140.714,240.569,106.032,19.752,704.774
20250713B05,合計（確報値）,応札件数（電源属地別）[件],5,3,5,1,2,7,6,5,6,40
20250713B05,合計（確報値）,約定件数（電源属地別）[件],5,3,5,1,2,6,6,5,6,39
20250713B05,合計（確報値）,最高約定価格（電源属地別）[円/kW・30分],19.51,16.47,19.51,19.51,0.49,9.53,19.51,5.53,19.51,19.51
20250713B05,合計（確報値）,最低約定価格（電源属地別）[円/kW・30分],0.36,4.55,19.5,19.51,0.35,0.36,0.36,0.68,0.36,0.35
20250713B05,合計（確報値）,平均約定価格（電源属地別）[円/kW・30分],11.57,7.82,19.5,19.51,0.43,3.51,0.92,1.98,7.43,3.74
20250713B05,合計（確報値）,最高約定価格（TSO別）[円/kW・30分],19.51,16.47,19.51,19.51,0.68,9.53,19.51,5.53,19.51,19.51
20250713B05,合計（確報値）,最低約定価格（TSO別）[円/kW・30分],0.36,4.55,19.5,19.51,0.35,0.36,0.36,0.68,0.36,0.35
20250713B05,合計（確報値）,平均約定価格（TSO別）[円/kW・30分],11.57,7.82,19.5,19.51,0.5,2.31,1.05,2.48,7.43,3.74
20250713B05,合計（確報値）,約定量合計（TSO別）[MW],95.79,33.069,6.928,1.92,84,247.866,138.449,77,19.752,704.774
20250713B05,合計（確報値）,（内訳）自エリアからの約定量[MW],95.79,33.069,6.928,1.92,60,140.714,138.449,77,19.752,573.622
20250713B06,システム約定結果,募集量（TSO別）[MW],92,191,632,82,103,382,248,64,259,2053
20250713B06,システム約定結果,応札量合計（電源属地別）[MW],190.79,45.069,9.928,1.92,35,194.481,240.569,102,19.182,838.939
20250713B06,システム約定結果,落札量合計（電源属地別）[MW],140.5,45.069,9.928,1.92,35,194.481,240.569,102,19.182,788.649
20250713B06,システム約定結果,応札件数（電源属地別）[件],4,4,8,1,1,6,6,4,7,41
20250713B06,システム約定結果,落札件数（電源属地別）[件],2,4,8,1,1,6,6,4,7,39
20250713B06,システム約定結果,最高落札価格（電源属地別）[円/kW・30分],19.51,16.47,19.51,19.51,2.16,9.53,19.51,6.23,19.51,19.51
20250713B06,システム約定結果,最低落札価格（電源属地別）[円/kW・30分],2.33,2.87,19.5,19.51,2.16,0.36,1.2,2.16,1.5,0.36
20250713B06,システム約定結果,平均落札価格（電源属地別）[円/kW・30分],2.51,5.62,19.5,19.51,2.16,2.99,3.17,4.2,10.2,3.65
20250713B06,システム約定結果,最高落札価格（TSO別）[円/kW・30分],19.51,16.47,19.51,19.51,2.16,9.53,19.51,6.23,19.51,19.51
20250713B06,システム約定結果,最低落札価格（TSO別）[円/kW・30分],2.33,2.87,19.5,19.51,2.16,0.36,1.2,2.51,1.5,0.36
20250713B06,システム約定結果,平均落札価格（TSO別）[円/kW・30分],2.51,5.62,19.5,19.51,2.16,3.14,3.16,4.68,10.2,3.65
20250713B06,システム約定結果,落札量合計（TSO別）[MW],140.5,45.069,9.928,1.92,35,243.636,240.414,53,19.182,788.649
20250713B06,システム約定結果,（内訳）自エリアからの落札量[MW],140.5,45.069,9.928,1.92,35,194.481,238.414,53,19.182,737.494
20250713B06,追加調達結果,募集量（TSO別）[MW],-,-,-,-,-,-,-,-,-,-
20250713B06,追加調達結果,応札量合計（電源属地別）[MW],0,0,0,0,0,0,0,0,0,0
20250713B06,追加調達結果,約定量合計（電源属地別）[MW],0,0,0,0,0,0,0,0,0,0
20250713B06,追加調達結果,応札件数（電源属地別）[件],0,0,0,0,0,0,0,0,0,0
20250713B06,追加調達結果,約定件数（電源属地別）[件],0,0,0,0,0,0,0,0,0,0
20250713B06,追加調達結果,最高約定価格（電源属地別）[円/kW・30分],0,0,0,0,0,0,0,0,0,0
20250713B06,追加調達結果,最低約定価格（電源属地別）[円/kW・30分],0,0,0,0,0,0,0,0,0,0
20250713B06,追加調達結果,平均約定価格（電源属地別）[円/kW・30分],0,0,0,0,0,0,0,0,0,0
20250713B06,追加調達結果,最高約定価格（TSO別）[円/kW・30分],0,0,0,0,0,0,0,0,0,0
20250713B06,追加調達結果,最低約定価格（TSO別）[円/kW・30分],0,0,0,0,0,0,0,0,0,0
20250713B06,追加調達結果,平均約定価格（TSO別）[円/kW・30分],0,0,0,0,0,0,0,0,0,0
20250713B06,追加調達結果,約定量合計（TSO別）[MW],0,0,0,0,0,0,0,0,0,0
20250713B06,追加調達結果,（内訳）自エリアからの約定量[MW],0,0,0,0,0,0,0,0,0,0
20250713B06,合計（確報値）,募集量（TSO別）[MW],92,191,632,82,103,382,248,64,259,2053
20250713B06,合計（確報値）,応札量合計（電源属地別）[MW],190.79,45.069,9.928,1.92,35,218.427,240.569,102,19.182,862.885
20250713B06,合計（確報値）,約定量合計（電源属地別）[MW],140.5,45.069,9.928,1.92,35,140.714,142.245,102,19.182,636.558
20250713B06,合計（確報値）,応札件数（電源属地別）[件],4,4,8,1,1,7,6,4,7,42
20250713B06,合計（確報値）,約定件数（電源属地別）[件],2,4,8,1,1,6,5,4,7,38
20250713B06,合計（確報値）,最高約定価格（電源属地別）[円/kW・30分],19.51,16.47,19.51,19.51,2.16,9.53,19.51,6.23,19.51,19.51
20250713B06,合計（確報値）,最低約定価格（電源属地別）[円/kW・30分],2.33,2.87,19.5,19.51,2.16,0.36,1.2,2.16,1.5,0.36
20250713B06,合計（確報値）,平均約定価格（電源属地別）[円/kW・30分],2.51,5.62,19.5,19.51,2.16,3.5,3.03,4.2,10.2,3.87
20250713B06,合計（確報値）,最高約定価格（TSO別）[円/kW・30分],19.51,16.47,19.51,19.51,2.16,9.53,19.51,6.23,19.51,19.51
20250713B06,合計（確報値）,最低約定価格（TSO別）[円/kW・30分],2.33,2.87,19.5,19.51,2.16,0.36,1.2,2.51,1.5,0.36
20250713B06,合計（確報値）,平均約定価格（TSO別）[円/kW・30分],2.51,5.62,19.5,19.51,2.16,3.56,3.03,4.68,10.2,3.87
20250713B06,合計（確報値）,約定量合計（TSO別）[MW],140.5,45.069,9.928,1.92,35,187.714,144.245,53,19.182,636.558
20250713B06,合計（確報値）,（内訳）自エリアからの約定量[MW],140.5,45.069,9.928,1.92,35,140.714,142.245,53,19.182,587.558
20250713B07,システム約定結果,募集量（TSO別）[MW],91,161,629,50,102,371,244,52,242,1942
20250713B07,システム約定結果,応札量合計（電源属地別）[MW],135.5,45.069,60.059,62.161,35,194.481,266.023,68,172.43,1038.723
20250713B07,システム約定結果,落札量合計（電源属地別）[MW],134,45.069,60.059,62.161,35,194.481,266.023,68,172.43,1037.223
20250713B07,システム約定結果,応札件数（電源属地別）[件],2,4,9,6,1,6,8,3,8,47
20250713B07,システム約定結果,落札件数（電源属地別）[件],1,4,9,6,1,6,8,3,8,46
20250713B07,システム約定結果,最高落札価格（電源属地別）[円/kW・30分],1.52,16.47,19.51,19.51,5.14,9.53,19.51,7.23,19.51,19.51
20250713B07,システム約定結果,最低落札価格（電源属地別）[円/kW・30分],1.52,1.48,2.88,4.8,5.14,1.78,3.08,3.17,3.9,1.48
20250713B07,システム約定結果,平均落札価格（電源属地別）[円/kW・30分],1.52,4.77,7.3,5.32,5.14,4.69,5.37,5.42,5.79,4.89
20250713B07,システム約定結果,最高落札価格（TSO別）[円/kW・30分],1.52,16.47,19.51,19.51,5.83,9.53,19.51,7.23,19.51,19.51
20250713B07,システム約定結果,最低落札価格（TSO別）[円/kW・30分],1.52,1.48,2.88,4.89,4.14,1.78,3.08,3.17,3.9,1.48
20250713B07,システム約定結果,平均落札価格（TSO別）[円/kW・30分],1.52,4.77,7.3,10.26,5.37,4.89,5.21,5.52,5.79,4.89
20250713B07,システム約定結果,落札量合計（TSO別）[MW],134,45.069,60.059,5.232,89,300.633,185.8,45,172.43,1037.223
20250713B07,システム約定結果,（内訳）自エリアからの落札量[MW],134,45.069,60.059,5.232,35,184.481,185.8,45,172.43,867.071
20250713B07,追加調達結果,募集量（TSO別）[MW],-,-,-,-,-,-,-,-,-,-
20250713B07,追加調達結果,応札量合計（電源属地別）[MW],0,0,0,0,0,0,0,0,0,0
20250713B07,追加調達結果,約定量合計（電源属地別）[MW],0,0,0,0,0,0,0,0,0,0
20250713B07,追加調達結果,応札件数（電源属地別）[件],0,0,0,0,0,0,0,0,0,0
20250713B07,追加調達結果,約定件数（電源属地別）[件],0,0,0,0,0,0,0,0,0,0
20250713B07,追加調達結果,最高約定価格（電源属地別）[円/kW・30分],0,0,0,0,0,0,0,0,0,0
20250713B07,追加調達結果,最低約定価格（電源属地別）[円/kW・30分],0,0,0,0,0,0,0,0,0,0
20250713B07,追加調達結果,平均約定価格（電源属地別）[円/kW・30分],0,0,0,0,0,0,0,0,0,0
20250713B07,追加調達結果,最高約定価格（TSO別）[円/kW・30分],0,0,0,0,0,0,0,0,0,0
20250713B07,追加調達結果,最低約定価格（TSO別）[円/kW・30分],0,0,0,0,0,0,0,0,0,0
20250713B07,追加調達結果,平均約定価格（TSO別）[円/kW・30分],0,0,0,0,0,0,0,0,0,0
20250713B07,追加調達結果,約定量合計（TSO別）[MW],0,0,0,0,0,0,0,0,0,0
20250713B07,追加調達結果,（内訳）自エリアからの約定量[MW],0,0,0,0,0,0,0,0,0,0
20250713B07,合計（確報値）,募集量（TSO別）[MW],91,161,629,50,102,371,244,52,242,1942
20250713B07,合計（確報値）,応札量合計（電源属地別）[MW],135.5,45.069,60.059,110.355,35,218.427,281.89,68,298.43,1252.73
20250713B07,合計（確報値）,約定量合計（電源属地別）[MW],134,45.069,60.059,62.161,35,140.714,183.566,68,172.43,900.999
20250713B07,合計（確報値）,応札件数（電源属地別）[件],2,4,9,10,1,7,9,3,14,59
20250713B07,合計（確報値）,約定件数（電源属地別）[件],1,4,9,6,1,6,8,3,11,49
20250713B07,合計（確報値）,最高約定価格（電源属地別）[円/kW・30分],1.52,16.47,19.51,19.51,5.14,9.53,19.51,7.23,19.51,19.51
20250713B07,合計（確報値）,最低約定価格（電源属地別）[円/kW・30分],1.52,1.48,2.88,0.36,5.14,1.58,1.94,3.17,2.24,0.36
20250713B07,合計（確報値）,平均約定価格（電源属地別）[円/kW・30分],1.52,4.77,7.3,2.72,5.14,4.46,4.77,5.42,3.91,4.16
20250713B07,合計（確報値）,最高約定価格（TSO別）[円/kW・30分],1.52,16.47,19.51,19.51,5.83,9.53,19.51,7.23,19.51,19.51
20250713B07,合計（確報値）,最低約定価格（TSO別）[円/kW・30分],1.52,1.48,2.88,4.89,5.14,0.36,1.94,3.17,2.24,0.36
20250713B07,合計（確報値）,平均約定価格（TSO別）[円/kW・30分],1.52,4.77,7.3,10.26,5.52,3.9,4.47,5.52,3.91,4.16
20250713B07,合計（確報値）,約定量合計（TSO別）[MW],134,45.069,60.059,5.232,79,224.855,135.354,45,172.43,900.999
20250713B07,合計（確報値）,（内訳）自エリアからの約定量[MW],134,45.069,60.059,5.232,35,140.714,135.354,45,172.43,772.858
20250713B08,システム約定結果,募集量（TSO別）[MW],98,105,601,0,92,345,194,56,235,1726
20250713B08,システム約定結果,応札量合計（電源属地別）[MW],195.79,33.069,20.459,41.706,35,116.768,253.296,68,113.43,877.518
20250713B08,システム約定結果,落札量合計（電源属地別）[MW],146.8,33.069,20.459,41.706,35,116.768,253.296,68,113.43,828.528
20250713B08,システム約定結果,応札件数（電源属地別）[件],4,3,2,3,1,5,7,3,7,35
20250713B08,システム約定結果,落札件数（電源属地別）[件],3,3,2,3,1,5,7,3,7,34
20250713B08,システム約定結果,最高落札価格（電源属地別）[円/kW・30分],19.51,16.47,19.51,19.51,3.14,9.53,19.51,6.1,19.51,19.51
20250713B08,システム約定結果,最低落札価格（電源属地別）[円/kW・30分],1.87,2.93,4.73,6.02,3.14,0.51,0.76,2.04,1.34,0.51
20250713B08,システム約定結果,平均落札価格（電源属地別）[円/kW・30分],2.21,6.64,6.15,7.69,3.14,4.3,3,5,4.1,3.82
20250713B08,システム約定結果,最高落札価格（TSO別）[円/kW・30分],19.51,16.47,19.51,0,8.22,19.51,3.39,6.1,19.51,19.51
20250713B08,システム約定結果,最低落札価格（TSO別）[円/kW・30分],1.87,16.47,2.93,0,3.14,0.51,0.76,2.04,1.34,0.51
20250713B08,システム約定結果,平均落札価格（TSO別）[円/kW・30分],2.21,16.47,4.41,0,4.74,4.52,2.81,4.95,4.1,3.82
20250713B08,システム約定結果,落札量合計（TSO別）[MW],146.8,9.069,44.459,0,61,203.77,194,56,113.43,828.528
20250713B08,システム約定結果,（内訳）自エリアからの落札量[MW],146.8,9.069,20.459,0,35,116.768,194,56,113.43,691.526
20250713B08,追加調達結果,募集量（TSO別）[MW],-,-,-,-,-,-,-,-,-,-
20250713B08,追加調達結果,応札量合計（電源属地別）[MW],0,0,0,0,0,0,0,0,0,0
20250713B08,追加調達結果,約定量合計（電源属地別）[MW],0,0,0,0,0,0,0,0,0,0
20250713B08,追加調達結果,応札件数（電源属地別）[件],0,0,0,0,0,0,0,0,0,0
20250713B08,追加調達結果,約定件数（電源属地別）[件],0,0,0,0,0,0,0,0,0,0
20250713B08,追加調達結果,最高約定価格（電源属地別）[円/kW・30分],0,0,0,0,0,0,0,0,0,0
20250713B08,追加調達結果,最低約定価格（電源属地別）[円/kW・30分],0,0,0,0,0,0,0,0,0,0
20250713B08,追加調達結果,平均約定価格（電源属地別）[円/kW・30分],0,0,0,0,0,0,0,0,0,0
20250713B08,追加調達結果,最高約定価格（TSO別）[円/kW・30分],0,0,0,0,0,0,0,0,0,0
20250713B08,追加調達結果,最低約定価格（TSO別）[円/kW・30分],0,0,0,0,0,0,0,0,0,0
20250713B08,追加調達結果,平均約定価格（TSO別）[円/kW・30分],0,0,0,0,0,0,0,0,0,0
20250713B08,追加調達結果,約定量合計（TSO別）[MW],0,0,0,0,0,0,0,0,0,0
20250713B08,追加調達結果,（内訳）自エリアからの約定量[MW],0,0,0,0,0,0,0,0,0,0
20250713B08,合計（確報値）,募集量（TSO別）[MW],98,105,601,0,92,345,194,56,235,1726
20250713B08,合計（確報値）,応札量合計（電源属地別）[MW],195.79,33.069,20.459,41.706,35,116.768,253.296,68,180.43,944.518
20250713B08,合計（確報値）,約定量合計（電源属地別）[MW],146.8,33.069,20.459,41.706,35,116.768,253.296,68,113.43,828.528
20250713B08,合計（確報値）,応札件数（電源属地別）[件],4,3,2,3,1,5,7,3,10,38
20250713B08,合計（確報値）,約定件数（電源属地別）[件],3,3,2,3,1,5,7,3,8,35
20250713B08,合計（確報値）,最高約定価格（電源属地別）[円/kW・30分],19.51,16.47,19.51,19.51,3.14,9.53,19.51,6.1,19.51,19.51
20250713B08,合計（確報値）,最低約定価格（電源属地別）[円/kW・30分],1.87,2.93,4.73,6.02,3.14,0.51,0.76,2.04,0.9,0.51
20250713B08,合計（確報値）,平均約定価格（電源属地別）[円/kW・30分],2.21,6.64,6.15,7.69,3.14,4.3,3,5,2.38,3.59
20250713B08,合計（確報値）,最高約定価格（TSO別）[円/kW・30分],19.51,16.47,19.51,0,8.22,19.51,3.39,6.1,19.51,19.51
20250713B08,合計（確報値）,最低約定価格（TSO別）[円/kW・30分],1.87,16.47,2.93,0,3.14,0.51,0.76,2.04,0.9,0.51
20250713B08,合計（確報値）,平均約定価格（TSO別）[円/kW・30分],2.21,16.47,4.41,0,4.74,4.52,2.81,4.95,2.38,3.59
20250713B08,合計（確報値）,約定量合計（TSO別）[MW],146.8,9.069,44.459,0,61,203.77,194,56,113.43,828.528
20250713B08,合計（確報値）,（内訳）自エリアからの約定量[MW],146.8,9.069,20.459,0,35,116.768,194,56,113.43,691.526
20250714B01,システム約定結果,募集量（TSO別）[MW],85,63,523,0,54,341,221,46,180,1513
20250714B01,システム約定結果,応札量合計（電源属地別）[MW],108.29,45.069,68.463,1.92,35,148.009,141.03,68,113.43,729.211
20250714B01,システム約定結果,落札量合計（電源属地別）[MW],87,45.069,68.463,1.92,35,148.009,141.03,68,113.43,707.921
20250714B01,システム約定結果,応札件数（電源属地別）[件],4,4,5,1,1,5,4,3,7,34
20250714B01,システム約定結果,落札件数（電源属地別）[件],1,4,5,1,1,5,4,3,7,31
20250714B01,システム約定結果,最高落札価格（電源属地別）[円/kW・30分],3.06,16.47,19.51,19.51,1.82,7.74,1.94,5.4,19.51,19.51
20250714B01,システム約定結果,最低落札価格（電源属地別）[円/kW・30分],3.06,3.2,1,19.51,1.82,0.36,0.36,1.24,0.43,0.36
20250714B01,システム約定結果,平均落札価格（電源属地別）[円/kW・30分],3.06,5.88,1.56,19.51,1.82,1.25,1.37,4.69,2.69,2.46
20250714B01,システム約定結果,最高落札価格（TSO別）[円/kW・30分],3.06,16.47,19.51,0,1.82,19.51,1.94,5.4,19.51,19.51
20250714B01,システム約定結果,最低落札価格（TSO別）[円/kW・30分],3.06,3.2,1,0,1.82,0.36,0.36,1.24,0.43,0.36
20250714B01,システム約定結果,平均落札価格（TSO別）[円/kW・30分],3.06,5.88,1.56,0,1.82,1.93,1.37,4.63,2.69,2.46
20250714B01,システム約定結果,落札量合計（TSO別）[MW],87,45.069,68.463,0,35,168.929,144.03,46,113.43,707.921
20250714B01,システム約定結果,（内訳）自エリアからの落札量[MW],87,45.069,68.463,0,35,148.009,141.03,46,113.43,684.001
20250714B01,追加調達結果,募集量（TSO別）[MW],-,-,-,-,-,-,-,-,-,-
20250714B01,追加調達結果,応札量合計（電源属地別）[MW],0,0,0,0,0,0,0,0,0,0
20250714B01,追加調達結果,約定量合計（電源属地別）[MW],0,0,0,0,0,0,0,0,0,0
20250714B01,追加調達結果,応札件数（電源属地別）[件],0,0,0,0,0,0,0,0,0,0
20250714B01,追加調達結果,約定件数（電源属地別）[件],0,0,0,0,0,0,0,0,0,0
20250714B01,追加調達結果,最高約定価格（電源属地別）[円/kW・30分],0,0,0,0,0,0,0,0,0,0
20250714B01,追加調達結果,最低約定価格（電源属地別）[円/kW・30分],0,0,0,0,0,0,0,0,0,0
20250714B01,追加調達結果,平均約定価格（電源属地別）[円/kW・30分],0,0,0,0,0,0,0,0,0,0
20250714B01,追加調達結果,最高約定価格（TSO別）[円/kW・30分],0,0,0,0,0,0,0,0,0,0
20250714B01,追加調達結果,最低約定価格（TSO別）[円/kW・30分],0,0,0,0,0,0,0,0,0,0
20250714B01,追加調達結果,平均約定価格（TSO別）[円/kW・30分],0,0,0,0,0,0,0,0,0,0
20250714B01,追加調達結果,約定量合計（TSO別）[MW],0,0,0,0,0,0,0,0,0,0
20250714B01,追加調達結果,（内訳）自エリアからの約定量[MW],0,0,0,0,0,0,0,0,0,0
20250714B01,合計（確報値）,募集量（TSO別）[MW],85,63,523,0,54,341,221,46,180,1513
20250714B01,合計（確報値）,応札量合計（電源属地別）[MW],108.29,45.069,68.463,1.92,35,148.009,141.03,68,146.43,762.211
20250714B01,合計（確報値）,約定量合計（電源属地別）[MW],87,45.069,68.463,1.92,35,148.009,141.03,68,113.43,707.921
20250714B01,合計（確報値）,応札件数（電源属地別）[件],4,4,5,1,1,5,4,3,8,35
20250714B01,合計（確報値）,約定件数（電源属地別）[件],1,4,5,1,1,5,4,3,7,31
20250714B01,合計（確報値）,最高約定価格（電源属地別）[円/kW・30分],3.06,16.47,19.51,19.51,1.82,7.74,1.94,5.4,19.51,19.51
20250714B01,合計（確報値）,最低約定価格（電源属地別）[円/kW・30分],3.06,3.2,1,19.51,1.82,0.36,0.36,1.24,0.39,0.36
20250714B01,合計（確報値）,平均約定価格（電源属地別）[円/kW・30分],3.06,5.88,1.56,19.51,1.82,1.25,1.37,4.69,2.08,2.36
20250714B01,合計（確報値）,最高約定価格（TSO別）[円/kW・30分],3.06,16.47,19.51,0,1.82,19.51,1.94,5.4,19.51,19.51
20250714B01,合計（確報値）,最低約定価格（TSO別）[円/kW・30分],3.06,3.2,1,0,1.82,0.36,0.36,1.24,0.39,0.36
20250714B01,合計（確報値）,平均約定価格（TSO別）[円/kW・30分],3.06,5.88,1.56,0,1.82,1.93,1.37,4.63,2.08,2.36
20250714B01,合計（確報値）,約定量合計（TSO別）[MW],87,45.069,68.463,0,35,168.929,144.03,46,113.43,707.921
20250714B01,合計（確報値）,（内訳）自エリアからの約定量[MW],87,45.069,68.463,0,35,148.009,141.03,46,113.43,684.001
20250714B02,システム約定結果,募集量（TSO別）[MW],76,83,471,0,68,340,219,47,206,1510
20250714B02,システム約定結果,応札量合計（電源属地別）[MW],130.49,45.069,150.147,101.424,35,194.766,240.569,68,113.43,1078.895
20250714B02,システム約定結果,落札量合計（電源属地別）[MW],127,45.069,150.147,101.424,35,194.766,240.569,68,113.43,1075.405
20250714B02,システム約定結果,応札件数（電源属地別）[件],3,4,9,6,1,6,6,3,7,45
20250714B02,システム約定結果,落札件数（電源属地別）[件],1,4,9,6,1,6,6,3,7,43
20250714B02,システム約定結果,最高落札価格（電源属地別）[円/kW・30分],2.24,16.47,19.51,19.51,1.44,9.53,19.51,5.4,19.51,19.51
20250714B02,システム約定結果,最低落札価格（電源属地別）[円/kW・30分],2.24,3.23,1.04,4.77,1.44,0.36,0.36,1.26,0.36,0.36
20250714B02,システム約定結果,平均落札価格（電源属地別）[円/kW・30分],2.24,5.91,1.41,7.52,1.44,3.01,1.61,4.7,2.14,2.89
20250714B02,システム約定結果,最高落札価格（TSO別）[円/kW・30分],2.24,16.47,19.51,0,1.44,19.51,1.94,5.4,19.51,19.51
20250714B02,システム約定結果,最低落札価格（TSO別）[円/kW・30分],2.24,3.23,1.04,0,1.44,0.36,0.36,1.26,0.36,0.36
20250714B02,システム約定結果,平均落札価格（TSO別）[円/kW・30分],2.24,5.91,1.41,0,1.44,4.61,1.49,4.39,2.25,2.89
20250714B02,システム約定結果,落札量合計（TSO別）[MW],127,45.069,150.147,0,35,317.19,219,47,134.999,1075.405
20250714B02,システム約定結果,（内訳）自エリアからの落札量[MW],127,45.069,150.147,0,35,194.766,219,47,113.43,931.412
20250714B02,追加調達結果,募集量（TSO別）[MW],-,-,-,-,-,-,-,-,-,-
20250714B02,追加調達結果,応札量合計（電源属地別）[MW],0,0,0,0,0,0,0,0,0,0
20250714B02,追加調達結果,約定量合計（電源属地別）[MW],0,0,0,0,0,0,0,0,0,0
20250714B02,追加調達結果,応札件数（電源属地別）[件],0,0,0,0,0,0,0,0,0,0
20250714B02,追加調達結果,約定件数（電源属地別）[件],0,0,0,0,0,0,0,0,0,0
20250714B02,追加調達結果,最高約定価格（電源属地別）[円/kW・30分],0,0,0,0,0,0,0,0,0,0
20250714B02,追加調達結果,最低約定価格（電源属地別）[円/kW・30分],0,0,0,0,0,0,0,0,0,0
20250714B02,追加調達結果,平均約定価格（電源属地別）[円/kW・30分],0,0,0,0,0,0,0,0,0,0
20250714B02,追加調達結果,最高約定価格（TSO別）[円/kW・30分],0,0,0,0,0,0,0,0,0,0
20250714B02,追加調達結果,最低約定価格（TSO別）[円/kW・30分],0,0,0,0,0,0,0,0,0,0
20250714B02,追加調達結果,平均約定価格（TSO別）[円/kW・30分],0,0,0,0,0,0,0,0,0,0
20250714B02,追加調達結果,約定量合計（TSO別）[MW],0,0,0,0,0,0,0,0,0,0
20250714B02,追加調達結果,（内訳）自エリアからの約定量[MW],0,0,0,0,0,0,0,0,0,0
20250714B02,合計（確報値）,募集量（TSO別）[MW],76,83,471,0,68,340,219,47,206,1510
20250714B02,合計（確報値）,応札量合計（電源属地別）[MW],130.49,45.069,150.147,181.025,35,194.766,240.569,68,146.43,1191.496
20250714B02,合計（確報値）,約定量合計（電源属地別）[MW],127,45.069,150.147,101.424,35,194.766,142.245,68,113.43,977.081
20250714B02,合計（確報値）,応札件数（電源属地別）[件],3,4,9,10,1,6,6,3,9,51
20250714B02,合計（確報値）,約定件数（電源属地別）[件],1,4,9,6,1,6,5,3,8,43
20250714B02,合計（確報値）,最高約定価格（電源属地別）[円/kW・30分],2.24,16.47,19.51,19.51,1.44,9.53,19.51,5.4,19.51,19.51
20250714B02,合計（確報値）,最低約定価格（電源属地別）[円/kW・30分],2.24,3.23,1.04,0.36,1.44,0.36,0.36,1.26,0.36,0.36
20250714B02,合計（確報値）,平均約定価格（電源属地別）[円/kW・30分],2.24,5.91,1.41,2.05,1.44,3.01,1.58,4.7,1.69,2.4
20250714B02,合計（確報値）,最高約定価格（TSO別）[円/kW・30分],2.24,16.47,19.51,0,1.44,19.51,1.94,5.4,19.51,19.51
20250714B02,合計（確報値）,最低約定価格（TSO別）[円/kW・30分],2.24,3.23,1.04,0,1.44,0.36,0.36,1.26,0.36,0.36
20250714B02,合計（確報値）,平均約定価格（TSO別）[円/kW・30分],2.24,5.91,1.41,0,1.44,2.86,1.36,4.39,1.87,2.4
20250714B02,合計（確報値）,約定量合計（TSO別）[MW],127,45.069,150.147,0,35,317.19,120.676,47,134.999,977.081
20250714B02,合計（確報値）,（内訳）自エリアからの約定量[MW],127,45.069,150.147,0,35,194.766,120.676,47,113.43,833.088
20250714B03,システム約定結果,募集量（TSO別）[MW],59,151,571,0,70,388,197,44,240,1720
20250714B03,システム約定結果,応札量合計（電源属地別）[MW],108.8,12,1.96,1.92,35,195.408,240.569,68,13.43,677.087
20250714B03,システム約定結果,落札量合計（電源属地別）[MW],59,12,1.96,1.92,35,195.408,240.569,68,13.43,627.287
20250714B03,システム約定結果,応札件数（電源属地別）[件],3,1,1,1,1,6,6,3,4,26
20250714B03,システム約定結果,落札件数（電源属地別）[件],1,1,1,1,1,6,6,3,4,24
20250714B03,システム約定結果,最高落札価格（電源属地別）[円/kW・30分],2.58,3.4,19.51,19.51,1.57,9.53,19.51,5.65,19.51,19.51
20250714B03,システム約定結果,最低落札価格（電源属地別）[円/kW・30分],2.58,3.4,19.51,19.51,1.57,0.36,0.38,1.59,0.37,0.36
20250714B03,システム約定結果,平均落札価格（電源属地別）[円/kW・30分],2.58,3.4,19.51,19.51,1.57,2.97,2.11,4.83,5.3,2.89
20250714B03,システム約定結果,最高落札価格（TSO別）[円/kW・30分],2.58,3.4,19.51,0,1.57,19.51,2.24,5.65,19.51,19.51
20250714B03,システム約定結果,最低落札価格（TSO別）[円/kW・30分],2.58,3.4,3.4,0,1.23,0.36,0.38,1.59,0.37,0.36
20250714B03,システム約定結果,平均落札価格（TSO別）[円/kW・30分],2.58,3.4,7.94,0,1.45,3.73,1.94,4.52,2.9,2.89
20250714B03,システム約定結果,落札量合計（TSO別）[MW],59,7,6.96,0,55,203.128,197,44,55.199,627.287
20250714B03,システム約定結果,（内訳）自エリアからの落札量[MW],59,7,1.96,0,35,175.408,197,44,13.43,532.798
20250714B03,追加調達結果,募集量（TSO別）[MW],-,-,-,-,-,-,-,-,-,-
20250714B03,追加調達結果,応札量合計（電源属地別）[MW],0,0,0,0,0,0,0,0,0,0
20250714B03,追加調達結果,約定量合計（電源属地別）[MW],0,0,0,0,0,0,0,0,0,0
20250714B03,追加調達結果,応札件数（電源属地別）[件],0,0,0,0,0,0,0,0,0,0
20250714B03,追加調達結果,約定件数（電源属地別）[件],0,0,0,0,0,0,0,0,0,0
20250714B03,追加調達結果,最高約定価格（電源属地別）[円/kW・30分],0,0,0,0,0,0,0,0,0,0
20250714B03,追加調達結果,最低約定価格（電源属地別）[円/kW・30分],0,0,0,0,0,0,0,0,0,0
20250714B03,追加調達結果,平均約定価格（電源属地別）[円/kW・30分],0,0,0,0,0,0,0,0,0,0
20250714B03,追加調達結果,最高約定価格（TSO別）[円/kW・30分],0,0,0,0,0,0,0,0,0,0
20250714B03,追加調達結果,最低約定価格（TSO別）[円/kW・30分],0,0,0,0,0,0,0,0,0,0
20250714B03,追加調達結果,平均約定価格（TSO別）[円/kW・30分],0,0,0,0,0,0,0,0,0,0
20250714B03,追加調達結果,約定量合計（TSO別）[MW],0,0,0,0,0,0,0,0,0,0
20250714B03,追加調達結果,（内訳）自エリアからの約定量[MW],0,0,0,0,0,0,0,0,0,0
20250714B03,合計（確報値）,募集量（TSO別）[MW],59,151,571,0,70,388,197,44,240,1720
20250714B03,合計（確報値）,応札量合計（電源属地別）[MW],108.8,12,1.96,1.92,35,195.408,240.569,68,13.43,677.087
20250714B03,合計（確報値）,約定量合計（電源属地別）[MW],59,12,1.96,1.92,35,195.408,126.378,68,13.43,513.096
20250714B03,合計（確報値）,応札件数（電源属地別）[件],3,1,1,1,1,6,6,3,4,26
20250714B03,合計（確報値）,約定件数（電源属地別）[件],1,1,1,1,1,6,4,3,4,22
20250714B03,合計（確報値）,最高約定価格（電源属地別）[円/kW・30分],2.58,3.4,19.51,19.51,1.57,9.53,19.51,5.65,19.51,19.51
20250714B03,合計（確報値）,最低約定価格（電源属地別）[円/kW・30分],2.58,3.4,19.51,19.51,1.57,0.36,0.38,1.59,0.37,0.36
20250714B03,合計（確報値）,平均約定価格（電源属地別）[円/kW・30分],2.58,3.4,19.51,19.51,1.57,2.97,2.01,4.83,5.3,3.04
20250714B03,合計（確報値）,最高約定価格（TSO別）[円/kW・30分],2.58,3.4,19.51,0,1.57,19.51,2.13,5.65,19.51,19.51
20250714B03,合計（確報値）,最低約定価格（TSO別）[円/kW・30分],2.58,3.4,3.4,0,1.23,0.36,0.38,1.59,0.37,0.36
20250714B03,合計（確報値）,平均約定価格（TSO別）[円/kW・30分],2.58,3.4,7.94,0,1.45,3.73,1.57,4.52,2.9,3.04
20250714B03,合計（確報値）,約定量合計（TSO別）[MW],59,7,6.96,0,55,203.128,82.809,44,55.199,513.096
20250714B03,合計（確報値）,（内訳）自エリアからの約定量[MW],59,7,1.96,0,35,175.408,82.809,44,13.43,418.607
20250714B04,システム約定結果,募集量（TSO別）[MW],103,197,628,25,97,421,209,66,259,2005
20250714B04,システム約定結果,応札量合計（電源属地別）[MW],63.59,33.069,11.488,1.92,60,197.258,226.457,105,25.082,723.864
20250714B04,システム約定結果,落札量合計（電源属地別）[MW],63.59,33.069,11.488,1.92,60,197.258,226.457,97.742,25.082,716.606
20250714B04,システム約定結果,応札件数（電源属地別）[件],5,3,9,1,2,7,5,4,9,45
20250714B04,システム約定結果,落札件数（電源属地別）[件],5,3,9,1,2,7,5,4,9,45
20250714B04,システム約定結果,最高落札価格（電源属地別）[円/kW・30分],19.51,16.47,19.5,19.51,4.22,18.56,19.51,5.1,19.51,19.51
20250714B04,システム約定結果,最低落札価格（電源属地別）[円/kW・30分],0.44,3.35,0.36,19.51,4.04,1.03,1.01,1.22,0.36,0.36
20250714B04,システム約定結果,平均落札価格（電源属地別）[円/kW・30分],6.7,6.95,13.64,19.51,4.15,4.31,3.71,2.5,9.71,4.57
20250714B04,システム約定結果,最高落札価格（TSO別）[円/kW・30分],19.51,16.47,19.5,19.51,4.22,18.56,19.51,5.1,19.51,19.51
20250714B04,システム約定結果,最低落札価格（TSO別）[円/kW・30分],0.44,3.35,0.36,19.51,4.04,1.03,1.01,1.22,0.36,0.36
20250714B04,システム約定結果,平均落札価格（TSO別）[円/kW・30分],6.7,6.95,13.64,19.51,4.15,4.05,3.57,2.26,9.71,4.57
20250714B04,システム約定結果,落札量合計（TSO別）[MW],63.59,33.069,11.488,1.92,60,350.657,97.8,73,25.082,716.606
20250714B04,システム約定結果,（内訳）自エリアからの落札量[MW],63.59,33.069,11.488,1.92,60,197.258,97.8,73,25.082,563.207
20250714B04,追加調達結果,募集量（TSO別）[MW],-,-,-,-,-,-,-,-,-,-
20250714B04,追加調達結果,応札量合計（電源属地別）[MW],0,0,0,0,0,0,0,0,0,0
20250714B04,追加調達結果,約定量合計（電源属地別）[MW],0,0,0,0,0,0,0,0,0,0
20250714B04,追加調達結果,応札件数（電源属地別）[件],0,0,0,0,0,0,0,0,0,0
20250714B04,追加調達結果,約定件数（電源属地別）[件],0,0,0,0,0,0,0,0,0,0
20250714B04,追加調達結果,最高約定価格（電源属地別）[円/kW・30分],0,0,0,0,0,0,0,0,0,0
20250714B04,追加調達結果,最低約定価格（電源属地別）[円/kW・30分],0,0,0,0,0,0,0,0,0,0
20250714B04,追加調達結果,平均約定価格（電源属地別）[円/kW・30分],0,0,0,0,0,0,0,0,0,0
20250714B04,追加調達結果,最高約定価格（TSO別）[円/kW・30分],0,0,0,0,0,0,0,0,0,0
20250714B04,追加調達結果,最低約定価格（TSO別）[円/kW・30分],0,0,0,0,0,0,0,0,0,0
20250714B04,追加調達結果,平均約定価格（TSO別）[円/kW・30分],0,0,0,0,0,0,0,0,0,0
20250714B04,追加調達結果,約定量合計（TSO別）[MW],0,0,0,0,0,0,0,0,0,0
20250714B04,追加調達結果,（内訳）自エリアからの約定量[MW],0,0,0,0,0,0,0,0,0,0
20250714B04,合計（確報値）,募集量（TSO別）[MW],103,197,628,25,97,421,209,66,259,2005
20250714B04,合計（確報値）,応札量合計（電源属地別）[MW],63.59,33.069,11.488,1.92,60,197.258,242.324,105,25.082,739.731
20250714B04,合計（確報値）,約定量合計（電源属地別）[MW],63.59,33.069,11.488,1.92,60,197.258,226.457,97.742,25.082,716.606
20250714B04,合計（確報値）,応札件数（電源属地別）[件],5,3,9,1,2,7,7,4,9,47
20250714B04,合計（確報値）,約定件数（電源属地別）[件],5,3,9,1,2,7,6,4,9,46
20250714B04,合計（確報値）,最高約定価格（電源属地別）[円/kW・30分],19.51,16.47,19.5,19.51,4.22,18.56,19.51,5.1,19.51,19.51
20250714B04,合計（確報値）,最低約定価格（電源属地別）[円/kW・30分],0.44,3.35,0.36,19.51,4.04,1.03,0.36,1.22,0.36,0.36
20250714B04,合計（確報値）,平均約定価格（電源属地別）[円/kW・30分],6.7,6.95,13.64,19.51,4.15,4.31,3.54,2.5,9.71,4.52
20250714B04,合計（確報値）,最高約定価格（TSO別）[円/kW・30分],19.51,16.47,19.5,19.51,4.22,18.56,19.51,5.1,19.51,19.51
20250714B04,合計（確報値）,最低約定価格（TSO別）[円/kW・30分],0.44,3.35,0.36,19.51,4.04,1.03,0.36,1.22,0.36,0.36
20250714B04,合計（確報値）,平均約定価格（TSO別）[円/kW・30分],6.7,6.95,13.64,19.51,4.15,4.05,3.17,2.26,9.71,4.52
20250714B04,合計（確報値）,約定量合計（TSO別）[MW],63.59,33.069,11.488,1.92,60,350.657,97.8,73,25.082,716.606
20250714B04,合計（確報値）,（内訳）自エリアからの約定量[MW],63.59,33.069,11.488,1.92,60,197.258,97.8,73,25.082,563.207
20250714B05,システム約定結果,募集量（TSO別）[MW],97,191,628,17,96,382,185,77,262,1935
20250714B05,システム約定結果,応札量合計（電源属地別）[MW],51.79,33.069,4.968,1.92,60,197.258,227.842,102,19.814,698.661
20250714B05,システム約定結果,落札量合計（電源属地別）[MW],51.79,33.069,4.968,1.92,60,197.258,227.842,102,19.814,698.661
20250714B05,システム約定結果,応札件数（電源属地別）[件],3,3,4,1,2,7,5,4,6,35
20250714B05,システム約定結果,落札件数（電源属地別）[件],3,3,4,1,2,7,5,4,6,35
20250714B05,システム約定結果,最高落札価格（電源属地別）[円/kW・30分],19.51,16.47,19.5,19.51,6.09,18.56,19.51,6.36,19.5,19.51
20250714B05,システム約定結果,最低落札価格（電源属地別）[円/kW・30分],19.35,2.66,19.5,19.51,5.91,1.67,1.53,1.28,0.53,0.53
20250714B05,システム約定結果,平均落札価格（電源属地別）[円/kW・30分],19.36,6.45,19.5,19.51,6.02,4.81,4,3.83,6.92,5.87
20250714B05,システム約定結果,最高落札価格（TSO別）[円/kW・30分],19.51,16.47,19.5,19.51,6.36,18.56,19.51,6.36,19.5,19.51
20250714B05,システム約定結果,最低落札価格（TSO別）[円/kW・30分],19.35,2.66,19.5,19.51,4.15,1.53,1.53,1.28,0.53,0.53
20250714B05,システム約定結果,平均落札価格（TSO別）[円/kW・30分],19.36,6.45,19.5,19.51,5.82,4.55,4,3.24,6.92,5.87
20250714B05,システム約定結果,落札量合計（TSO別）[MW],51.79,33.069,4.968,1.92,85,303.025,123.687,75.388,19.814,698.661
20250714B05,システム約定結果,（内訳）自エリアからの落札量[MW],51.79,33.069,4.968,1.92,60,196.258,123.687,75.388,19.814,566.894
20250714B05,追加調達結果,募集量（TSO別）[MW],-,-,-,-,-,-,-,-,-,-
20250714B05,追加調達結果,応札量合計（電源属地別）[MW],0,0,0,0,0,0,0,0,0,0
20250714B05,追加調達結果,約定量合計（電源属地別）[MW],0,0,0,0,0,0,0,0,0,0
20250714B05,追加調達結果,応札件数（電源属地別）[件],0,0,0,0,0,0,0,0,0,0
20250714B05,追加調達結果,約定件数（電源属地別）[件],0,0,0,0,0,0,0,0,0,0
20250714B05,追加調達結果,最高約定価格（電源属地別）[円/kW・30分],0,0,0,0,0,0,0,0,0,0
20250714B05,追加調達結果,最低約定価格（電源属地別）[円/kW・30分],0,0,0,0,0,0,0,0,0,0
20250714B05,追加調達結果,平均約定価格（電源属地別）[円/kW・30分],0,0,0,0,0,0,0,0,0,0
20250714B05,追加調達結果,最高約定価格（TSO別）[円/kW・30分],0,0,0,0,0,0,0,0,0,0
20250714B05,追加調達結果,最低約定価格（TSO別）[円/kW・30分],0,0,0,0,0,0,0,0,0,0
20250714B05,追加調達結果,平均約定価格（TSO別）[円/kW・30分],0,0,0,0,0,0,0,0,0,0
20250714B05,追加調達結果,約定量合計（TSO別）[MW],0,0,0,0,0,0,0,0,0,0
20250714B05,追加調達結果,（内訳）自エリアからの約定量[MW],0,0,0,0,0,0,0,0,0,0
20250714B05,合計（確報値）,募集量（TSO別）[MW],97,191,628,17,96,382,185,77,262,1935
20250714B05,合計（確報値）,応札量合計（電源属地別）[MW],51.79,33.069,4.968,1.92,60,197.258,227.842,102,19.814,698.661
20250714B05,合計（確報値）,約定量合計（電源属地別）[MW],51.79,33.069,4.968,1.92,60,197.258,227.842,68,19.814,664.661
20250714B05,合計（確報値）,応札件数（電源属地別）[件],3,3,4,1,2,7,5,4,6,35
20250714B05,合計（確報値）,約定件数（電源属地別）[件],3,3,4,1,2,7,5,3,6,34
20250714B05,合計（確報値）,最高約定価格（電源属地別）[円/kW・30分],19.51,16.47,19.5,19.51,6.09,18.56,19.51,6.36,19.5,19.51
20250714B05,合計（確報値）,最低約定価格（電源属地別）[円/kW・30分],19.35,2.66,19.5,19.51,5.91,1.67,1.53,2.3,0.53,0.53
20250714B05,合計（確報値）,平均約定価格（電源属地別）[円/kW・30分],19.36,6.45,19.5,19.51,6.02,4.81,4,5.1,6.92,6.1
20250714B05,合計（確報値）,最高約定価格（TSO別）[円/kW・30分],19.51,16.47,19.5,19.51,6.36,18.56,19.51,6.36,19.5,19.51
20250714B05,合計（確報値）,最低約定価格（TSO別）[円/kW・30分],19.35,2.66,19.5,19.51,4.15,1.53,1.53,2.3,0.53,0.53
20250714B05,合計（確報値）,平均約定価格（TSO別）[円/kW・30分],19.36,6.45,19.5,19.51,5.82,4.55,4,4.84,6.92,6.1
20250714B05,合計（確報値）,約定量合計（TSO別）[MW],51.79,33.069,4.968,1.92,85,303.025,123.687,41.388,19.814,664.661
20250714B05,合計（確報値）,（内訳）自エリアからの約定量[MW],51.79,33.069,4.968,1.92,60,196.258,123.687,41.388,19.814,532.894
20250714B06,システム約定結果,募集量（TSO別）[MW],92,191,632,82,103,382,248,64,259,2053
20250714B06,システム約定結果,応札量合計（電源属地別）[MW],190.79,45.069,7.968,26.016,35,197.258,101.694,99,22.567,725.362
20250714B06,システム約定結果,落札量合計（電源属地別）[MW],140.5,45.069,7.968,26.016,35,197.258,101.694,99,22.567,675.072
20250714B06,システム約定結果,応札件数（電源属地別）[件],4,4,7,3,1,7,8,3,9,46
20250714B06,システム約定結果,落札件数（電源属地別）[件],2,4,7,3,1,7,8,3,9,44
20250714B06,システム約定結果,最高落札価格（電源属地別）[円/kW・30分],19.51,16.47,19.5,19.51,11.29,18.56,19.51,8.02,19.51,19.51
20250714B06,システム約定結果,最低落札価格（電源属地別）[円/kW・30分],0.73,1.81,19.5,5.85,11.29,5.11,4.47,4.78,5.19,0.73
20250714B06,システム約定結果,平均落札価格（電源属地別）[円/kW・30分],0.93,5.35,19.5,6.87,11.29,7.37,5.59,6.9,13.29,6.08
20250714B06,システム約定結果,最高落札価格（TSO別）[円/kW・30分],19.51,16.47,19.5,19.51,11.29,18.56,19.51,8.02,19.51,19.51
20250714B06,システム約定結果,最低落札価格（TSO別）[円/kW・30分],0.73,1.81,19.5,19.51,11.29,5.11,4.47,4.78,5.19,0.73
20250714B06,システム約定結果,平均落札価格（TSO別）[円/kW・30分],0.93,5.35,19.5,19.51,11.29,7.24,5.74,7.09,13.29,6.08
20250714B06,システム約定結果,落札量合計（TSO別）[MW],140.5,45.069,7.968,1.92,35,233.793,135.255,53,22.567,675.072
20250714B06,システム約定結果,（内訳）自エリアからの落札量[MW],140.5,45.069,7.968,1.92,35,197.258,101.694,53,22.567,604.976
20250714B06,追加調達結果,募集量（TSO別）[MW],-,-,-,-,-,-,-,-,-,-
20250714B06,追加調達結果,応札量合計（電源属地別）[MW],0,0,0,0,0,0,0,0,0,0
20250714B06,追加調達結果,約定量合計（電源属地別）[MW],0,0,0,0,0,0,0,0,0,0
20250714B06,追加調達結果,応札件数（電源属地別）[件],0,0,0,0,0,0,0,0,0,0
20250714B06,追加調達結果,約定件数（電源属地別）[件],0,0,0,0,0,0,0,0,0,0
20250714B06,追加調達結果,最高約定価格（電源属地別）[円/kW・30分],0,0,0,0,0,0,0,0,0,0
20250714B06,追加調達結果,最低約定価格（電源属地別）[円/kW・30分],0,0,0,0,0,0,0,0,0,0
20250714B06,追加調達結果,平均約定価格（電源属地別）[円/kW・30分],0,0,0,0,0,0,0,0,0,0
20250714B06,追加調達結果,最高約定価格（TSO別）[円/kW・30分],0,0,0,0,0,0,0,0,0,0
20250714B06,追加調達結果,最低約定価格（TSO別）[円/kW・30分],0,0,0,0,0,0,0,0,0,0
20250714B06,追加調達結果,平均約定価格（TSO別）[円/kW・30分],0,0,0,0,0,0,0,0,0,0
20250714B06,追加調達結果,約定量合計（TSO別）[MW],0,0,0,0,0,0,0,0,0,0
20250714B06,追加調達結果,（内訳）自エリアからの約定量[MW],0,0,0,0,0,0,0,0,0,0
20250714B06,合計（確報値）,募集量（TSO別）[MW],92,191,632,82,103,382,248,64,259,2053
20250714B06,合計（確報値）,応札量合計（電源属地別）[MW],190.79,45.069,7.968,26.016,35,197.258,117.561,99,22.567,741.229
20250714B06,合計（確報値）,約定量合計（電源属地別）[MW],140.5,45.069,7.968,26.016,35,197.258,101.694,65,22.567,641.072
20250714B06,合計（確報値）,応札件数（電源属地別）[件],4,4,7,3,1,7,10,3,9,48
20250714B06,合計（確報値）,約定件数（電源属地別）[件],2,4,7,3,1,7,9,2,9,44
20250714B06,合計（確報値）,最高約定価格（電源属地別）[円/kW・30分],19.51,16.47,19.5,19.51,11.29,18.56,19.51,8,19.51,19.51
20250714B06,合計（確報値）,最低約定価格（電源属地別）[円/kW・30分],0.73,1.81,19.5,5.85,11.29,5.11,0.36,4.78,5.19,0.36
20250714B06,合計（確報値）,平均約定価格（電源属地別）[円/kW・30分],0.93,5.35,19.5,6.87,11.29,7.37,5.47,6.32,13.29,5.96
20250714B06,合計（確報値）,最高約定価格（TSO別）[円/kW・30分],19.51,16.47,19.5,19.51,11.29,18.56,19.51,8,19.51,19.51
20250714B06,合計（確報値）,最低約定価格（TSO別）[円/kW・30分],0.73,1.81,19.5,19.51,11.29,5.11,0.36,4.78,5.19,0.36
20250714B06,合計（確報値）,平均約定価格（TSO別）[円/kW・30分],0.93,5.35,19.5,19.51,11.29,7.2,5.36,6.95,13.29,5.96
20250714B06,合計（確報値）,約定量合計（TSO別）[MW],140.5,45.069,7.968,1.92,35,221.354,120.694,46,22.567,641.072
20250714B06,合計（確報値）,（内訳）自エリアからの約定量[MW],140.5,45.069,7.968,1.92,35,197.258,101.694,46,22.567,597.976
20250714B07,システム約定結果,募集量（TSO別）[MW],91,161,629,50,102,371,244,52,242,1942
20250714B07,システム約定結果,応札量合計（電源属地別）[MW],135.5,41.069,23.467,23.968,35,197.258,323.211,79,208.915,1067.388
20250714B07,システム約定結果,落札量合計（電源属地別）[MW],134,41.069,23.467,23.968,35,197.258,323.211,79,208.915,1065.888
20250714B07,システム約定結果,応札件数（電源属地別）[件],2,3,5,3,1,7,12,3,9,45
20250714B07,システム約定結果,落札件数（電源属地別）[件],1,3,5,3,1,7,12,3,9,44
20250714B07,システム約定結果,最高落札価格（電源属地別）[円/kW・30分],0.75,16.47,19.5,19.51,9.79,18.56,19.51,5.09,19.51,19.51
20250714B07,システム約定結果,最低落札価格（電源属地別）[円/kW・30分],0.75,1.46,5.76,4.57,9.79,4.99,4.24,4.78,6.7,0.75
20250714B07,システム約定結果,平均落札価格（電源属地別）[円/kW・30分],0.75,4.99,8.67,5.93,9.79,7.26,6.3,4.9,8.36,6.19
20250714B07,システム約定結果,最高落札価格（TSO別）[円/kW・30分],0.75,16.47,19.5,19.51,9.79,18.56,19.51,5.09,19.51,19.51
20250714B07,システム約定結果,最低落札価格（TSO別）[円/kW・30分],0.75,1.46,5.76,4.89,4.57,4.38,4.24,4.78,6.7,0.75
20250714B07,システム約定結果,平均落札価格（TSO別）[円/kW・30分],0.75,4.99,8.67,16.8,7.06,7.06,6,4.93,8.36,6.19
20250714B07,システム約定結果,落札量合計（TSO別）[MW],134,41.069,23.467,2.356,89,303.025,219.056,45,208.915,1065.888
20250714B07,システム約定結果,（内訳）自エリアからの落札量[MW],134,41.069,23.467,2.356,35,187.258,219.056,45,208.915,896.121
20250714B07,追加調達結果,募集量（TSO別）[MW],-,-,-,-,-,-,-,-,-,-
20250714B07,追加調達結果,応札量合計（電源属地別）[MW],0,0,0,0,0,0,0,0,0,0
20250714B07,追加調達結果,約定量合計（電源属地別）[MW],0,0,0,0,0,0,0,0,0,0
20250714B07,追加調達結果,応札件数（電源属地別）[件],0,0,0,0,0,0,0,0,0,0
20250714B07,追加調達結果,約定件数（電源属地別）[件],0,0,0,0,0,0,0,0,0,0
20250714B07,追加調達結果,最高約定価格（電源属地別）[円/kW・30分],0,0,0,0,0,0,0,0,0,0
20250714B07,追加調達結果,最低約定価格（電源属地別）[円/kW・30分],0,0,0,0,0,0,0,0,0,0
20250714B07,追加調達結果,平均約定価格（電源属地別）[円/kW・30分],0,0,0,0,0,0,0,0,0,0
20250714B07,追加調達結果,最高約定価格（TSO別）[円/kW・30分],0,0,0,0,0,0,0,0,0,0
20250714B07,追加調達結果,最低約定価格（TSO別）[円/kW・30分],0,0,0,0,0,0,0,0,0,0
20250714B07,追加調達結果,平均約定価格（TSO別）[円/kW・30分],0,0,0,0,0,0,0,0,0,0
20250714B07,追加調達結果,約定量合計（TSO別）[MW],0,0,0,0,0,0,0,0,0,0
20250714B07,追加調達結果,（内訳）自エリアからの約定量[MW],0,0,0,0,0,0,0,0,0,0
20250714B07,合計（確報値）,募集量（TSO別）[MW],91,161,629,50,102,371,244,52,242,1942
20250714B07,合計（確報値）,応札量合計（電源属地別）[MW],135.5,41.069,23.467,23.968,35,197.258,323.211,79,335.915,1194.388
20250714B07,合計（確報値）,約定量合計（電源属地別）[MW],134,41.069,23.467,23.968,35,197.258,224.887,45,208.915,933.564
20250714B07,合計（確報値）,応札件数（電源属地別）[件],2,3,5,3,1,7,12,3,13,49
20250714B07,合計（確報値）,約定件数（電源属地別）[件],1,3,5,3,1,7,11,2,11,44
20250714B07,合計（確報値）,最高約定価格（電源属地別）[円/kW・30分],0.75,16.47,19.5,19.51,9.79,18.56,19.51,5.09,19.51,19.51
20250714B07,合計（確報値）,最低約定価格（電源属地別）[円/kW・30分],0.75,1.46,5.76,4.57,9.79,4.99,4.24,4.78,5.17,0.75
20250714B07,合計（確報値）,平均約定価格（電源属地別）[円/kW・30分],0.75,4.99,8.67,5.93,9.79,7.26,5.95,4.86,6.87,5.8
20250714B07,合計（確報値）,最高約定価格（TSO別）[円/kW・30分],0.75,16.47,19.5,19.51,9.79,18.56,19.51,5.09,19.51,19.51
20250714B07,合計（確報値）,最低約定価格（TSO別）[円/kW・30分],0.75,1.46,5.76,4.89,4.57,4.38,4.24,4.78,5.17,0.75
20250714B07,合計（確報値）,平均約定価格（TSO別）[円/kW・30分],0.75,4.99,8.67,16.8,7.48,7.05,5.68,4.91,6.87,5.8
20250714B07,合計（確報値）,約定量合計（TSO別）[MW],134,41.069,23.467,2.356,74,252.951,170.806,26,208.915,933.564
20250714B07,合計（確報値）,（内訳）自エリアからの約定量[MW],134,41.069,23.467,2.356,35,187.258,170.806,26,208.915,828.871
20250714B08,システム約定結果,募集量（TSO別）[MW],98,105,601,0,92,345,194,56,235,1726
20250714B08,システム約定結果,応札量合計（電源属地別）[MW],195.79,20,16.133,62.161,35,194.766,297.757,68,113.43,1003.037
20250714B08,システム約定結果,落札量合計（電源属地別）[MW],145,20,16.133,62.161,35,194.766,297.757,68,113.43,952.247
20250714B08,システム約定結果,応札件数（電源属地別）[件],4,1,2,6,1,6,10,3,7,40
20250714B08,システム約定結果,落札件数（電源属地別）[件],2,1,2,6,1,6,10,3,7,38
20250714B08,システム約定結果,最高落札価格（電源属地別）[円/kW・30分],19.5,4.11,3.14,19.51,4.57,9.53,19.51,6.65,19.51,19.51
20250714B08,システム約定結果,最低落札価格（電源属地別）[円/kW・30分],1.37,4.11,3.09,2.79,4.57,1.47,1.32,2.58,2.4,1.32
20250714B08,システム約定結果,平均落札価格（電源属地別）[円/kW・30分],1.5,4.11,3.11,3.73,4.57,4.49,3.55,5.21,5.16,3.79
20250714B08,システム約定結果,最高落札価格（TSO別）[円/kW・30分],19.5,0,4.11,0,4.57,19.51,4.16,6.65,19.51,19.51
20250714B08,システム約定結果,最低落札価格（TSO別）[円/kW・30分],1.37,0,3.09,0,2.79,1.43,1.32,2.58,2.4,1.32
20250714B08,システム約定結果,平均落札価格（TSO別）[円/kW・30分],1.5,0,3.67,0,4.14,4.43,3.17,5.23,4.78,3.79
20250714B08,システム約定結果,落札量合計（TSO別）[MW],145,0,36.133,0,61,283.114,194,56,177,952.247
20250714B08,システム約定結果,（内訳）自エリアからの落札量[MW],145,0,16.133,0,35,194.766,194,56,113.43,754.329
20250714B08,追加調達結果,募集量（TSO別）[MW],-,-,-,-,-,-,-,-,-,-
20250714B08,追加調達結果,応札量合計（電源属地別）[MW],0,0,0,0,0,0,0,0,0,0
20250714B08,追加調達結果,約定量合計（電源属地別）[MW],0,0,0,0,0,0,0,0,0,0
20250714B08,追加調達結果,応札件数（電源属地別）[件],0,0,0,0,0,0,0,0,0,0
20250714B08,追加調達結果,約定件数（電源属地別）[件],0,0,0,0,0,0,0,0,0,0
20250714B08,追加調達結果,最高約定価格（電源属地別）[円/kW・30分],0,0,0,0,0,0,0,0,0,0
20250714B08,追加調達結果,最低約定価格（電源属地別）[円/kW・30分],0,0,0,0,0,0,0,0,0,0
20250714B08,追加調達結果,平均約定価格（電源属地別）[円/kW・30分],0,0,0,0,0,0,0,0,0,0
20250714B08,追加調達結果,最高約定価格（TSO別）[円/kW・30分],0,0,0,0,0,0,0,0,0,0
20250714B08,追加調達結果,最低約定価格（TSO別）[円/kW・30分],0,0,0,0,0,0,0,0,0,0
20250714B08,追加調達結果,平均約定価格（TSO別）[円/kW・30分],0,0,0,0,0,0,0,0,0,0
20250714B08,追加調達結果,約定量合計（TSO別）[MW],0,0,0,0,0,0,0,0,0,0
20250714B08,追加調達結果,（内訳）自エリアからの約定量[MW],0,0,0,0,0,0,0,0,0,0
20250714B08,合計（確報値）,募集量（TSO別）[MW],98,105,601,0,92,345,194,56,235,1726
20250714B08,合計（確報値）,応札量合計（電源属地別）[MW],195.79,20,16.133,62.161,35,194.766,297.757,68,146.43,1036.037
20250714B08,合計（確報値）,約定量合計（電源属地別）[MW],145,20,16.133,62.161,35,194.766,281.89,68,113.43,936.38
20250714B08,合計（確報値）,応札件数（電源属地別）[件],4,1,2,6,1,6,10,3,8,41
20250714B08,合計（確報値）,約定件数（電源属地別）[件],2,1,2,6,1,6,9,3,7,37
20250714B08,合計（確報値）,最高約定価格（電源属地別）[円/kW・30分],19.5,4.11,3.14,19.51,4.57,9.53,19.51,6.65,19.51,19.51
20250714B08,合計（確報値）,最低約定価格（電源属地別）[円/kW・30分],1.37,4.11,3.09,2.79,4.57,1.47,1.32,2.58,1.89,1.32
20250714B08,合計（確報値）,平均約定価格（電源属地別）[円/kW・30分],1.5,4.11,3.11,3.73,4.57,4.49,3.58,5.21,4.23,3.69
20250714B08,合計（確報値）,最高約定価格（TSO別）[円/kW・30分],19.5,0,4.11,0,4.57,19.51,4.16,6.65,19.51,19.51
20250714B08,合計（確報値）,最低約定価格（TSO別）[円/kW・30分],1.37,0,3.09,0,2.79,1.43,1.32,2.58,1.89,1.32
20250714B08,合計（確報値）,平均約定価格（TSO別）[円/kW・30分],1.5,0,3.67,0,4.14,4.43,3.17,5.23,4.18,3.69
20250714B08,合計（確報値）,約定量合計（TSO別）[MW],145,0,36.133,0,61,283.114,178.133,56,177,936.38
20250714B08,合計（確報値）,（内訳）自エリアからの約定量[MW],145,0,16.133,0,35,194.766,178.133,56,113.43,738.462
20250715B01,システム約定結果,募集量（TSO別）[MW],85,63,523,0,54,341,221,46,180,1513
20250715B01,システム約定結果,応札量合計（電源属地別）[MW],108.29,41.069,1.96,62.161,35,148.009,141.03,68,113.43,718.949
20250715B01,システム約定結果,落札量合計（電源属地別）[MW],87,41.069,1.96,62.161,35,148.009,141.03,68,113.43,697.659
20250715B01,システム約定結果,応札件数（電源属地別）[件],4,3,1,6,1,5,4,3,7,34
20250715B01,システム約定結果,落札件数（電源属地別）[件],1,3,1,6,1,5,4,3,7,31
20250715B01,システム約定結果,最高落札価格（電源属地別）[円/kW・30分],2.57,16.47,19.51,19.51,1.82,7.28,2.2,5.5,19.51,19.51
20250715B01,システム約定結果,最低落札価格（電源属地別）[円/kW・30分],2.57,3.05,19.51,2.97,1.82,0.36,0.36,1.43,0.43,0.36
20250715B01,システム約定結果,平均落札価格（電源属地別）[円/kW・30分],2.57,6.83,19.51,3.82,1.82,1.25,1.82,4.77,2.69,2.74
20250715B01,システム約定結果,最高落札価格（TSO別）[円/kW・30分],2.57,16.47,19.51,0,1.82,19.51,5.36,5.5,19.51,19.51
20250715B01,システム約定結果,最低落札価格（TSO別）[円/kW・30分],2.57,3.05,19.51,0,1.82,0.36,0.36,1.43,0.43,0.36
20250715B01,システム約定結果,平均落札価格（TSO別）[円/kW・30分],2.57,6.83,19.51,0,1.82,2.1,2.13,4.66,2.69,2.74
20250715B01,システム約定結果,落札量合計（TSO別）[MW],87,41.069,1.96,0,35,216.126,157.074,46,113.43,697.659
20250715B01,システム約定結果,（内訳）自エリアからの落札量[MW],87,41.069,1.96,0,35,148.009,141.03,46,113.43,613.498
20250715B01,追加調達結果,募集量（TSO別）[MW],-,-,-,-,-,-,-,-,-,-
20250715B01,追加調達結果,応札量合計（電源属地別）[MW],0,0,0,0,0,0,0,0,0,0
20250715B01,追加調達結果,約定量合計（電源属地別）[MW],0,0,0,0,0,0,0,0,0,0
20250715B01,追加調達結果,応札件数（電源属地別）[件],0,0,0,0,0,0,0,0,0,0
20250715B01,追加調達結果,約定件数（電源属地別）[件],0,0,0,0,0,0,0,0,0,0
20250715B01,追加調達結果,最高約定価格（電源属地別）[円/kW・30分],0,0,0,0,0,0,0,0,0,0
20250715B01,追加調達結果,最低約定価格（電源属地別）[円/kW・30分],0,0,0,0,0,0,0,0,0,0
20250715B01,追加調達結果,平均約定価格（電源属地別）[円/kW・30分],0,0,0,0,0,0,0,0,0,0
20250715B01,追加調達結果,最高約定価格（TSO別）[円/kW・30分],0,0,0,0,0,0,0,0,0,0
20250715B01,追加調達結果,最低約定価格（TSO別）[円/kW・30分],0,0,0,0,0,0,0,0,0,0
20250715B01,追加調達結果,平均約定価格（TSO別）[円/kW・30分],0,0,0,0,0,0,0,0,0,0
20250715B01,追加調達結果,約定量合計（TSO別）[MW],0,0,0,0,0,0,0,0,0,0
20250715B01,追加調達結果,（内訳）自エリアからの約定量[MW],0,0,0,0,0,0,0,0,0,0
20250715B01,合計（確報値）,募集量（TSO別）[MW],85,63,523,0,54,341,221,46,180,1513
20250715B01,合計（確報値）,応札量合計（電源属地別）[MW],108.29,41.069,1.96,110.354,35,148.009,189.535,68,146.43,848.647
20250715B01,合計（確報値）,約定量合計（電源属地別）[MW],87,41.069,1.96,62.161,35,148.009,91.211,68,113.43,647.84
20250715B01,合計（確報値）,応札件数（電源属地別）[件],4,3,1,10,1,5,6,3,8,41
20250715B01,合計（確報値）,約定件数（電源属地別）[件],1,3,1,6,1,5,5,3,7,32
20250715B01,合計（確報値）,最高約定価格（電源属地別）[円/kW・30分],2.57,16.47,19.51,19.51,1.82,7.28,1.94,5.5,19.51,19.51
20250715B01,合計（確報値）,最低約定価格（電源属地別）[円/kW・30分],2.57,3.05,19.51,0.36,1.82,0.36,0.36,1.43,0.37,0.36
20250715B01,合計（確報値）,平均約定価格（電源属地別）[円/kW・30分],2.57,6.83,19.51,1.46,1.82,1.25,0.63,4.77,2.07,2.31
20250715B01,合計（確報値）,最高約定価格（TSO別）[円/kW・30分],2.57,16.47,19.51,0,1.82,19.51,5.36,5.5,19.51,19.51
20250715B01,合計（確報値）,最低約定価格（TSO別）[円/kW・30分],2.57,3.05,19.51,0,1.82,0.36,0.36,1.43,0.37,0.36
20250715B01,合計（確報値）,平均約定価格（TSO別）[円/kW・30分],2.57,6.83,19.51,0,1.82,1.42,1.27,4.66,2.07,2.31
20250715B01,合計（確報値）,約定量合計（TSO別）[MW],87,41.069,1.96,0,35,216.126,107.255,46,113.43,647.84
20250715B01,合計（確報値）,（内訳）自エリアからの約定量[MW],87,41.069,1.96,0,35,148.009,91.211,46,113.43,563.679
20250715B02,システム約定結果,募集量（TSO別）[MW],76,83,471,0,68,340,219,47,206,1510
20250715B02,システム約定結果,応札量合計（電源属地別）[MW],130.49,41.069,1.96,62.161,35,194.766,240.569,68,113.43,887.445
20250715B02,システム約定結果,落札量合計（電源属地別）[MW],127,41.069,1.96,62.161,35,194.766,240.569,68,113.43,883.955
20250715B02,システム約定結果,応札件数（電源属地別）[件],3,3,1,6,1,6,6,3,7,36
20250715B02,システム約定結果,落札件数（電源属地別）[件],1,3,1,6,1,6,6,3,7,34
20250715B02,システム約定結果,最高落札価格（電源属地別）[円/kW・30分],1.81,16.47,19.51,19.51,1.44,9.53,19.51,5.39,19.51,19.51
20250715B02,システム約定結果,最低落札価格（電源属地別）[円/kW・30分],1.81,3.06,19.51,2.97,1.44,0.36,0.36,1.33,0.36,0.36
20250715B02,システム約定結果,平均落札価格（電源属地別）[円/kW・30分],1.81,6.84,19.51,3.82,1.44,3.01,2.1,4.73,2.14,2.82
20250715B02,システム約定結果,最高落札価格（TSO別）[円/kW・30分],1.81,16.47,19.51,0,1.44,19.51,2.25,5.39,19.51,19.51
20250715B02,システム約定結果,最低落札価格（TSO別）[円/kW・30分],1.81,3.06,19.51,0,1.44,0.36,0.36,1.33,0.36,0.36
20250715B02,システム約定結果,平均落札価格（TSO別）[円/kW・30分],1.81,6.84,19.51,0,1.44,3.47,1.95,4.44,2.16,2.82
20250715B02,システム約定結果,落札量合計（TSO別）[MW],127,41.069,1.96,0,35,279.727,219,47,133.199,883.955
20250715B02,システム約定結果,（内訳）自エリアからの落札量[MW],127,41.069,1.96,0,35,194.766,219,47,113.43,779.225
20250715B02,追加調達結果,募集量（TSO別）[MW],-,-,-,-,-,-,-,-,-,-
20250715B02,追加調達結果,応札量合計（電源属地別）[MW],0,0,0,0,0,0,0,0,0,0
20250715B02,追加調達結果,約定量合計（電源属地別）[MW],0,0,0,0,0,0,0,0,0,0
20250715B02,追加調達結果,応札件数（電源属地別）[件],0,0,0,0,0,0,0,0,0,0
20250715B02,追加調達結果,約定件数（電源属地別）[件],0,0,0,0,0,0,0,0,0,0
20250715B02,追加調達結果,最高約定価格（電源属地別）[円/kW・30分],0,0,0,0,0,0,0,0,0,0
20250715B02,追加調達結果,最低約定価格（電源属地別）[円/kW・30分],0,0,0,0,0,0,0,0,0,0
20250715B02,追加調達結果,平均約定価格（電源属地別）[円/kW・30分],0,0,0,0,0,0,0,0,0,0
20250715B02,追加調達結果,最高約定価格（TSO別）[円/kW・30分],0,0,0,0,0,0,0,0,0,0
20250715B02,追加調達結果,最低約定価格（TSO別）[円/kW・30分],0,0,0,0,0,0,0,0,0,0
20250715B02,追加調達結果,平均約定価格（TSO別）[円/kW・30分],0,0,0,0,0,0,0,0,0,0
20250715B02,追加調達結果,約定量合計（TSO別）[MW],0,0,0,0,0,0,0,0,0,0
20250715B02,追加調達結果,（内訳）自エリアからの約定量[MW],0,0,0,0,0,0,0,0,0,0
20250715B02,合計（確報値）,募集量（TSO別）[MW],76,83,471,0,68,340,219,47,206,1510
20250715B02,合計（確報値）,応札量合計（電源属地別）[MW],130.49,41.069,1.96,110.354,35,194.766,240.569,68,146.43,968.638
20250715B02,合計（確報値）,約定量合計（電源属地別）[MW],127,41.069,1.96,62.161,35,194.766,142.245,68,113.43,785.631
20250715B02,合計（確報値）,応札件数（電源属地別）[件],3,3,1,10,1,6,6,3,9,42
20250715B02,合計（確報値）,約定件数（電源属地別）[件],1,3,1,6,1,6,5,3,8,34
20250715B02,合計（確報値）,最高約定価格（電源属地別）[円/kW・30分],1.81,16.47,19.51,19.51,1.44,9.53,19.51,5.39,19.51,19.51
20250715B02,合計（確報値）,最低約定価格（電源属地別）[円/kW・30分],1.81,3.06,19.51,0.36,1.44,0.36,0.36,1.33,0.36,0.36
20250715B02,合計（確報値）,平均約定価格（電源属地別）[円/kW・30分],1.81,6.84,19.51,1.46,1.44,3.01,2,4.73,1.69,2.64
20250715B02,合計（確報値）,最高約定価格（TSO別）[円/kW・30分],1.81,16.47,19.51,0,1.44,19.51,2.14,5.39,19.51,19.51
20250715B02,合計（確報値）,最低約定価格（TSO別）[円/kW・30分],1.81,3.06,19.51,0,1.44,0.36,0.36,1.33,0.36,0.36
20250715B02,合計（確報値）,平均約定価格（TSO別）[円/kW・30分],1.81,6.84,19.51,0,1.44,2.95,1.78,4.44,1.69,2.64
20250715B02,合計（確報値）,約定量合計（TSO別）[MW],127,41.069,1.96,0,35,279.727,140.445,47,113.43,785.631
20250715B02,合計（確報値）,（内訳）自エリアからの約定量[MW],127,41.069,1.96,0,35,194.766,140.445,47,113.43,700.67
20250715B03,システム約定結果,募集量（TSO別）[MW],59,151,571,0,70,388,197,44,240,1720
20250715B03,システム約定結果,応札量合計（電源属地別）[MW],108.8,29.069,1.96,26.016,35,195.408,240.569,102,13.43,752.252
20250715B03,システム約定結果,落札量合計（電源属地別）[MW],59,29.069,1.96,26.016,35,195.408,240.569,102,13.43,702.452
20250715B03,システム約定結果,応札件数（電源属地別）[件],3,2,1,3,1,6,6,4,4,30
20250715B03,システム約定結果,落札件数（電源属地別）[件],1,2,1,3,1,6,6,4,4,28
20250715B03,システム約定結果,最高落札価格（電源属地別）[円/kW・30分],2.29,16.47,19.51,19.51,1.57,9.53,19.51,5.53,19.51,19.51
20250715B03,システム約定結果,最低落札価格（電源属地別）[円/kW・30分],2.29,4.64,19.51,3.59,1.57,0.36,0.54,0.71,0.37,0.36
20250715B03,システム約定結果,平均落札価格（電源属地別）[円/kW・30分],2.29,8.33,19.51,4.83,1.57,2.98,2.46,3.59,5.3,3.14
20250715B03,システム約定結果,最高落札価格（TSO別）[円/kW・30分],2.29,16.47,19.51,0,1.57,19.51,2.64,1.77,19.51,19.51
20250715B03,システム約定結果,最低落札価格（TSO別）[円/kW・30分],2.29,4.64,4.64,0,1.23,0.36,0.54,0.71,0.37,0.36
20250715B03,システム約定結果,平均落札価格（TSO別）[円/kW・30分],2.29,11.32,6.59,0,1.45,3.79,2.29,1.53,3.72,3.14
20250715B03,システム約定結果,落札量合計（TSO別）[MW],59,16.069,14.96,0,55,259.424,197,44,56.999,702.452
20250715B03,システム約定結果,（内訳）自エリアからの落札量[MW],59,16.069,1.96,0,35,175.408,197,44,13.43,541.867
20250715B03,追加調達結果,募集量（TSO別）[MW],-,-,-,-,-,-,-,-,-,-
20250715B03,追加調達結果,応札量合計（電源属地別）[MW],0,0,0,0,0,0,0,0,0,0
20250715B03,追加調達結果,約定量合計（電源属地別）[MW],0,0,0,0,0,0,0,0,0,0
20250715B03,追加調達結果,応札件数（電源属地別）[件],0,0,0,0,0,0,0,0,0,0
20250715B03,追加調達結果,約定件数（電源属地別）[件],0,0,0,0,0,0,0,0,0,0
20250715B03,追加調達結果,最高約定価格（電源属地別）[円/kW・30分],0,0,0,0,0,0,0,0,0,0
20250715B03,追加調達結果,最低約定価格（電源属地別）[円/kW・30分],0,0,0,0,0,0,0,0,0,0
20250715B03,追加調達結果,平均約定価格（電源属地別）[円/kW・30分],0,0,0,0,0,0,0,0,0,0
20250715B03,追加調達結果,最高約定価格（TSO別）[円/kW・30分],0,0,0,0,0,0,0,0,0,0
20250715B03,追加調達結果,最低約定価格（TSO別）[円/kW・30分],0,0,0,0,0,0,0,0,0,0
20250715B03,追加調達結果,平均約定価格（TSO別）[円/kW・30分],0,0,0,0,0,0,0,0,0,0
20250715B03,追加調達結果,約定量合計（TSO別）[MW],0,0,0,0,0,0,0,0,0,0
20250715B03,追加調達結果,（内訳）自エリアからの約定量[MW],0,0,0,0,0,0,0,0,0,0
20250715B03,合計（確報値）,募集量（TSO別）[MW],59,151,571,0,70,388,197,44,240,1720
20250715B03,合計（確報値）,応札量合計（電源属地別）[MW],108.8,29.069,1.96,38.064,35,195.408,240.569,102,13.43,764.3
20250715B03,合計（確報値）,約定量合計（電源属地別）[MW],59,29.069,1.96,26.016,35,195.408,142.245,68,13.43,570.128
20250715B03,合計（確報値）,応札件数（電源属地別）[件],3,2,1,4,1,6,6,4,4,31
20250715B03,合計（確報値）,約定件数（電源属地別）[件],1,2,1,3,1,6,5,3,4,26
20250715B03,合計（確報値）,最高約定価格（電源属地別）[円/kW・30分],2.29,16.47,19.51,19.51,1.57,9.53,19.51,5.53,19.51,19.51
20250715B03,合計（確報値）,最低約定価格（電源属地別）[円/kW・30分],2.29,4.64,19.51,0.36,1.57,0.36,0.54,0.71,0.37,0.36
20250715B03,合計（確報値）,平均約定価格（電源属地別）[円/kW・30分],2.29,8.33,19.51,3.27,1.57,2.98,2.34,4.5,5.3,3.24
20250715B03,合計（確報値）,最高約定価格（TSO別）[円/kW・30分],2.29,16.47,19.51,0,1.57,19.51,2.53,0.71,19.51,19.51
20250715B03,合計（確報値）,最低約定価格（TSO別）[円/kW・30分],2.29,4.64,4.64,0,1.23,0.36,0.54,0.71,0.37,0.36
20250715B03,合計（確報値）,平均約定価格（TSO別）[円/kW・30分],2.29,11.32,6.59,0,1.45,3.63,1.95,0.71,3.76,3.24
20250715B03,合計（確報値）,約定量合計（TSO別）[MW],59,16.069,14.96,0,55,259.424,100.676,10,54.999,570.128
20250715B03,合計（確報値）,（内訳）自エリアからの約定量[MW],59,16.069,1.96,0,35,175.408,100.676,10,13.43,411.543
20250715B04,システム約定結果,募集量（TSO別）[MW],103,197,628,25,97,421,209,66,259,2005
20250715B04,システム約定結果,応札量合計（電源属地別）[MW],29.59,29.069,11.488,13.968,60,197.258,240.569,128,24.653,734.595
20250715B04,システム約定結果,落札量合計（電源属地別）[MW],29.59,29.069,11.488,13.968,60,197.258,240.569,95.742,24.653,702.337
20250715B04,システム約定結果,応札件数（電源属地別）[件],4,2,9,2,2,7,6,5,9,46
20250715B04,システム約定結果,落札件数（電源属地別）[件],4,2,9,2,2,7,6,5,9,46
20250715B04,システム約定結果,最高落札価格（電源属地別）[円/kW・30分],19.51,16.47,19.5,19.51,4.22,18.56,19.51,5.69,19.51,19.51
20250715B04,システム約定結果,最低落札価格（電源属地別）[円/kW・30分],1.32,5.03,0.36,3.22,4.04,1.03,1.56,1.82,0.36,0.36
20250715B04,システム約定結果,平均落札価格（電源属地別）[円/kW・30分],13.27,8.6,13.64,5.46,4.15,4.31,4.11,2.93,9.54,4.95
20250715B04,システム約定結果,最高落札価格（TSO別）[円/kW・30分],19.51,16.47,19.5,19.51,4.22,18.56,19.51,5.69,19.51,19.51
20250715B04,システム約定結果,最低落札価格（TSO別）[円/kW・30分],1.32,5.03,0.36,19.51,4.04,1.03,1.69,1.82,0.36,0.36
20250715B04,システム約定結果,平均落札価格（TSO別）[円/kW・30分],13.27,8.6,13.64,19.51,4.15,4.01,4.37,3.09,9.54,4.95
20250715B04,システム約定結果,落札量合計（TSO別）[MW],29.59,29.069,11.488,1.92,60,376.817,97.8,71,24.653,702.337
20250715B04,システム約定結果,（内訳）自エリアからの落札量[MW],29.59,29.069,11.488,1.92,60,197.258,97.8,71,24.653,522.778
20250715B04,追加調達結果,募集量（TSO別）[MW],-,-,-,-,-,-,-,-,-,-
20250715B04,追加調達結果,応札量合計（電源属地別）[MW],0,0,0,0,0,0,0,0,0,0
20250715B04,追加調達結果,約定量合計（電源属地別）[MW],0,0,0,0,0,0,0,0,0,0
20250715B04,追加調達結果,応札件数（電源属地別）[件],0,0,0,0,0,0,0,0,0,0
20250715B04,追加調達結果,約定件数（電源属地別）[件],0,0,0,0,0,0,0,0,0,0
20250715B04,追加調達結果,最高約定価格（電源属地別）[円/kW・30分],0,0,0,0,0,0,0,0,0,0
20250715B04,追加調達結果,最低約定価格（電源属地別）[円/kW・30分],0,0,0,0,0,0,0,0,0,0
20250715B04,追加調達結果,平均約定価格（電源属地別）[円/kW・30分],0,0,0,0,0,0,0,0,0,0
20250715B04,追加調達結果,最高約定価格（TSO別）[円/kW・30分],0,0,0,0,0,0,0,0,0,0
20250715B04,追加調達結果,最低約定価格（TSO別）[円/kW・30分],0,0,0,0,0,0,0,0,0,0
20250715B04,追加調達結果,平均約定価格（TSO別）[円/kW・30分],0,0,0,0,0,0,0,0,0,0
20250715B04,追加調達結果,約定量合計（TSO別）[MW],0,0,0,0,0,0,0,0,0,0
20250715B04,追加調達結果,（内訳）自エリアからの約定量[MW],0,0,0,0,0,0,0,0,0,0
20250715B04,合計（確報値）,募集量（TSO別）[MW],103,197,628,25,97,421,209,66,259,2005
20250715B04,合計（確報値）,応札量合計（電源属地別）[MW],29.59,29.069,11.488,13.968,60,197.258,240.569,128,35.653,745.595
20250715B04,合計（確報値）,約定量合計（電源属地別）[MW],29.59,29.069,11.488,13.968,60,197.258,240.569,35.742,24.653,642.337
20250715B04,合計（確報値）,応札件数（電源属地別）[件],4,2,9,2,2,7,6,5,11,48
20250715B04,合計（確報値）,約定件数（電源属地別）[件],4,2,9,2,2,7,6,3,9,44
20250715B04,合計（確報値）,最高約定価格（電源属地別）[円/kW・30分],19.51,16.47,19.5,19.51,4.22,18.56,19.51,5.69,19.51,19.51
20250715B04,合計（確報値）,最低約定価格（電源属地別）[円/kW・30分],1.32,5.03,0.36,3.22,4.04,1.03,1.56,1.82,0.36,0.36
20250715B04,合計（確報値）,平均約定価格（電源属地別）[円/kW・30分],13.27,8.6,13.64,5.46,4.15,4.31,4.11,4.18,9.09,5.19
20250715B04,合計（確報値）,最高約定価格（TSO別）[円/kW・30分],19.51,16.47,19.5,19.51,4.22,18.56,19.51,5.69,19.51,19.51
20250715B04,合計（確報値）,最低約定価格（TSO別）[円/kW・30分],1.32,5.03,0.36,19.51,4.04,1.03,1.69,1.82,0.36,0.36
20250715B04,合計（確報値）,平均約定価格（TSO別）[円/kW・30分],13.27,8.6,13.64,19.51,4.15,4.12,4.37,4.18,9.09,5.19
20250715B04,合計（確報値）,約定量合計（TSO別）[MW],29.59,29.069,11.488,1.92,60,352.075,97.8,35.742,24.653,642.337
20250715B04,合計（確報値）,（内訳）自エリアからの約定量[MW],29.59,29.069,11.488,1.92,60,197.258,97.8,35.742,24.653,487.52
20250715B05,システム約定結果,募集量（TSO別）[MW],97,191,628,17,96,382,185,77,262,1935
20250715B05,システム約定結果,応札量合計（電源属地別）[MW],61.79,29.069,28.115,1.92,60,197.258,240.569,133,21.824,773.545
20250715B05,システム約定結果,落札量合計（電源属地別）[MW],61.79,29.069,28.115,1.92,60,197.258,240.569,106.032,21.824,746.577
20250715B05,システム約定結果,応札件数（電源属地別）[件],4,2,6,1,2,7,6,5,5,38
20250715B05,システム約定結果,落札件数（電源属地別）[件],4,2,6,1,2,7,6,4,5,37
20250715B05,システム約定結果,最高落札価格（電源属地別）[円/kW・30分],19.51,16.47,19.5,19.51,6.09,18.56,19.51,5.66,19.5,19.51
20250715B05,システム約定結果,最低落札価格（電源属地別）[円/kW・30分],2.68,4.49,1.82,19.51,5.91,1.67,1.91,1.22,0.53,0.53
20250715B05,システム約定結果,平均落札価格（電源属地別）[円/kW・30分],16.66,8.23,5.17,19.51,6.02,4.8,4.46,2.91,5.39,5.7
20250715B05,システム約定結果,最高落札価格（TSO別）[円/kW・30分],19.51,16.47,19.5,19.51,6.09,18.56,19.51,5.66,19.5,19.51
20250715B05,システム約定結果,最低落札価格（TSO別）[円/kW・30分],2.68,4.49,1.82,19.51,3.18,1.22,1.91,1.22,0.53,0.53
20250715B05,システム約定結果,平均落札価格（TSO別）[円/kW・30分],16.66,8.23,5.17,19.51,5.63,4.68,4.35,2.45,5.39,5.7
20250715B05,システム約定結果,落札量合計（TSO別）[MW],61.79,29.069,28.115,1.92,85,303.025,138.834,77,21.824,746.577
20250715B05,システム約定結果,（内訳）自エリアからの落札量[MW],61.79,29.069,28.115,1.92,60,196.258,138.834,77,21.824,614.81
20250715B05,追加調達結果,募集量（TSO別）[MW],-,-,-,-,-,-,-,-,-,-
20250715B05,追加調達結果,応札量合計（電源属地別）[MW],0,0,0,0,0,0,0,0,0,0
20250715B05,追加調達結果,約定量合計（電源属地別）[MW],0,0,0,0,0,0,0,0,0,0
20250715B05,追加調達結果,応札件数（電源属地別）[件],0,0,0,0,0,0,0,0,0,0
20250715B05,追加調達結果,約定件数（電源属地別）[件],0,0,0,0,0,0,0,0,0,0
20250715B05,追加調達結果,最高約定価格（電源属地別）[円/kW・30分],0,0,0,0,0,0,0,0,0,0
20250715B05,追加調達結果,最低約定価格（電源属地別）[円/kW・30分],0,0,0,0,0,0,0,0,0,0
20250715B05,追加調達結果,平均約定価格（電源属地別）[円/kW・30分],0,0,0,0,0,0,0,0,0,0
20250715B05,追加調達結果,最高約定価格（TSO別）[円/kW・30分],0,0,0,0,0,0,0,0,0,0
20250715B05,追加調達結果,最低約定価格（TSO別）[円/kW・30分],0,0,0,0,0,0,0,0,0,0
20250715B05,追加調達結果,平均約定価格（TSO別）[円/kW・30分],0,0,0,0,0,0,0,0,0,0
20250715B05,追加調達結果,約定量合計（TSO別）[MW],0,0,0,0,0,0,0,0,0,0
20250715B05,追加調達結果,（内訳）自エリアからの約定量[MW],0,0,0,0,0,0,0,0,0,0
20250715B05,合計（確報値）,募集量（TSO別）[MW],97,191,628,17,96,382,185,77,262,1935
20250715B05,合計（確報値）,応札量合計（電源属地別）[MW],61.79,29.069,50.262,1.92,60,197.258,240.569,133,36.824,810.692
20250715B05,合計（確報値）,約定量合計（電源属地別）[MW],61.79,29.069,28.115,1.92,60,197.258,240.569,72.032,21.824,712.577
20250715B05,合計（確報値）,応札件数（電源属地別）[件],4,2,9,1,2,7,6,5,8,44
20250715B05,合計（確報値）,約定件数（電源属地別）[件],4,2,8,1,2,7,6,3,6,39
20250715B05,合計（確報値）,最高約定価格（電源属地別）[円/kW・30分],19.51,16.47,19.5,19.51,6.09,18.56,19.51,5.66,19.5,19.51
20250715B05,合計（確報値）,最低約定価格（電源属地別）[円/kW・30分],2.68,4.49,0.36,19.51,5.91,1.67,1.91,1.22,0.53,0.36
20250715B05,合計（確報値）,平均約定価格（電源属地別）[円/kW・30分],16.66,8.23,4.02,19.51,6.02,4.8,4.46,3.37,5.15,5.83
20250715B05,合計（確報値）,最高約定価格（TSO別）[円/kW・30分],19.51,16.47,19.5,19.51,6.09,18.56,19.51,5.66,19.5,19.51
20250715B05,合計（確報値）,最低約定価格（TSO別）[円/kW・30分],2.68,4.49,0.36,19.51,3.18,1.22,1.91,1.22,0.53,0.36
20250715B05,合計（確報値）,平均約定価格（TSO別）[円/kW・30分],16.66,8.23,4.02,19.51,5.63,4.68,4.35,2.86,5.15,5.83
20250715B05,合計（確報値）,約定量合計（TSO別）[MW],61.79,29.069,28.115,1.92,85,303.025,138.834,43,21.824,712.577
20250715B05,合計（確報値）,（内訳）自エリアからの約定量[MW],61.79,29.069,28.115,1.92,60,196.258,138.834,43,21.824,580.81
20250715B06,システム約定結果,募集量（TSO別）[MW],92,191,632,82,103,382,248,64,259,2053
20250715B06,システム約定結果,応札量合計（電源属地別）[MW],190.79,41.069,7.968,13.968,35,197.258,297.757,102,20.653,906.463
20250715B06,システム約定結果,落札量合計（電源属地別）[MW],140.5,41.069,7.968,13.968,35,197.258,297.757,102,20.653,856.173
20250715B06,システム約定結果,応札件数（電源属地別）[件],4,3,7,2,1,7,10,4,8,46
20250715B06,システム約定結果,落札件数（電源属地別）[件],2,3,7,2,1,7,10,4,8,44
20250715B06,システム約定結果,最高落札価格（電源属地別）[円/kW・30分],19.51,16.47,19.5,19.51,11.29,18.56,19.51,9.67,19.51,19.51
20250715B06,システム約定結果,最低落札価格（電源属地別）[円/kW・30分],0.36,1.59,19.5,5.46,11.29,5.11,5.07,4.78,5.19,0.36
20250715B06,システム約定結果,平均落札価格（電源属地別）[円/kW・30分],0.56,4.91,19.5,7.39,11.29,7.36,7.3,6.58,12.71,6.42
20250715B06,システム約定結果,最高落札価格（TSO別）[円/kW・30分],19.51,16.47,19.5,19.51,11.29,18.56,7.94,9.67,19.51,19.51
20250715B06,システム約定結果,最低落札価格（TSO別）[円/kW・30分],0.36,1.59,19.5,19.51,11.29,4.78,5.07,4.78,5.19,0.36
20250715B06,システム約定結果,平均落札価格（TSO別）[円/kW・30分],0.56,4.91,19.5,19.51,11.29,7.11,7.14,7.21,13.25,6.42
20250715B06,システム約定結果,落札量合計（TSO別）[MW],140.5,41.069,7.968,1.92,35,306.263,248,53,22.453,856.173
20250715B06,システム約定結果,（内訳）自エリアからの落札量[MW],140.5,41.069,7.968,1.92,35,197.258,248,53,20.653,745.368
20250715B06,追加調達結果,募集量（TSO別）[MW],-,-,-,-,-,-,-,-,-,-
20250715B06,追加調達結果,応札量合計（電源属地別）[MW],0,0,0,0,0,0,0,0,0,0
20250715B06,追加調達結果,約定量合計（電源属地別）[MW],0,0,0,0,0,0,0,0,0,0
20250715B06,追加調達結果,応札件数（電源属地別）[件],0,0,0,0,0,0,0,0,0,0
20250715B06,追加調達結果,約定件数（電源属地別）[件],0,0,0,0,0,0,0,0,0,0
20250715B06,追加調達結果,最高約定価格（電源属地別）[円/kW・30分],0,0,0,0,0,0,0,0,0,0
20250715B06,追加調達結果,最低約定価格（電源属地別）[円/kW・30分],0,0,0,0,0,0,0,0,0,0
20250715B06,追加調達結果,平均約定価格（電源属地別）[円/kW・30分],0,0,0,0,0,0,0,0,0,0
20250715B06,追加調達結果,最高約定価格（TSO別）[円/kW・30分],0,0,0,0,0,0,0,0,0,0
20250715B06,追加調達結果,最低約定価格（TSO別）[円/kW・30分],0,0,0,0,0,0,0,0,0,0
20250715B06,追加調達結果,平均約定価格（TSO別）[円/kW・30分],0,0,0,0,0,0,0,0,0,0
20250715B06,追加調達結果,約定量合計（TSO別）[MW],0,0,0,0,0,0,0,0,0,0
20250715B06,追加調達結果,（内訳）自エリアからの約定量[MW],0,0,0,0,0,0,0,0,0,0
20250715B06,合計（確報値）,募集量（TSO別）[MW],92,191,632,82,103,382,248,64,259,2053
20250715B06,合計（確報値）,応札量合計（電源属地別）[MW],190.79,41.069,7.968,13.968,35,197.258,297.757,102,23.653,909.463
20250715B06,合計（確報値）,約定量合計（電源属地別）[MW],140.5,41.069,7.968,13.968,35,197.258,199.433,68,20.653,723.849
20250715B06,合計（確報値）,応札件数（電源属地別）[件],4,3,7,2,1,7,10,4,9,47
20250715B06,合計（確報値）,約定件数（電源属地別）[件],2,3,7,2,1,7,9,3,8,42
20250715B06,合計（確報値）,最高約定価格（電源属地別）[円/kW・30分],19.51,16.47,19.5,19.51,11.29,18.56,19.51,9.67,19.51,19.51
20250715B06,合計（確報値）,最低約定価格（電源属地別）[円/kW・30分],0.36,1.59,19.5,5.46,11.29,5.11,5.07,4.78,5.19,0.36
20250715B06,合計（確報値）,平均約定価格（電源属地別）[円/kW・30分],0.56,4.91,19.5,7.39,11.29,7.36,6.99,6.57,12.61,6.2
20250715B06,合計（確報値）,最高約定価格（TSO別）[円/kW・30分],19.51,16.47,19.5,19.51,11.29,18.56,7.83,9.67,19.51,19.51
20250715B06,合計（確報値）,最低約定価格（TSO別）[円/kW・30分],0.36,1.59,19.5,19.51,11.29,4.78,5.07,4.78,5.19,0.36
20250715B06,合計（確報値）,平均約定価格（TSO別）[円/kW・30分],0.56,4.91,19.5,19.51,11.29,7.01,6.91,7.26,13.16,6.2
20250715B06,合計（確報値）,約定量合計（TSO別）[MW],140.5,41.069,7.968,1.92,35,232.518,193.421,49,22.453,723.849
20250715B06,合計（確報値）,（内訳）自エリアからの約定量[MW],140.5,41.069,7.968,1.92,35,197.258,193.421,49,20.653,686.789
20250715B07,システム約定結果,募集量（TSO別）[MW],91,161,629,50,102,371,244,52,242,1942
20250715B07,システム約定結果,応札量合計（電源属地別）[MW],135.5,41.069,23.467,13.968,35,197.258,323.211,68,210.815,1048.288
20250715B07,システム約定結果,落札量合計（電源属地別）[MW],134,41.069,23.467,13.968,35,197.258,323.211,68,210.815,1046.788
20250715B07,システム約定結果,応札件数（電源属地別）[件],2,3,5,2,1,7,12,3,10,45
20250715B07,システム約定結果,落札件数（電源属地別）[件],1,3,5,2,1,7,12,3,10,44
20250715B07,システム約定結果,最高落札価格（電源属地別）[円/kW・30分],0.37,16.47,19.5,19.51,9.79,18.56,19.51,9.64,19.51,19.51
20250715B07,システム約定結果,最低落札価格（電源属地別）[円/kW・30分],0.37,1.76,6.11,4.95,9.79,4.99,4.73,4.78,6.7,0.37
20250715B07,システム約定結果,平均落札価格（電源属地別）[円/kW・30分],0.37,5.58,8.94,6.95,9.79,7.27,6.79,6.55,8.46,6.48
20250715B07,システム約定結果,最高落札価格（TSO別）[円/kW・30分],0.37,16.47,19.5,19.51,9.79,18.56,19.51,9.64,19.51,19.51
20250715B07,システム約定結果,最低落札価格（TSO別）[円/kW・30分],0.37,1.76,6.11,4.95,6.51,4.73,4.73,4.78,6.7,0.37
20250715B07,システム約定結果,平均落札価格（TSO別）[円/kW・30分],0.37,5.58,8.94,6.95,8.22,6.99,6.6,7.46,8.46,6.48
20250715B07,システム約定結果,落札量合計（TSO別）[MW],134,41.069,23.467,13.968,89,303.025,186.444,45,210.815,1046.788
20250715B07,システム約定結果,（内訳）自エリアからの落札量[MW],134,41.069,23.467,13.968,35,187.258,186.444,45,210.815,877.021
20250715B07,追加調達結果,募集量（TSO別）[MW],-,-,-,-,-,-,-,-,-,-
20250715B07,追加調達結果,応札量合計（電源属地別）[MW],0,0,0,0,0,0,0,0,0,0
20250715B07,追加調達結果,約定量合計（電源属地別）[MW],0,0,0,0,0,0,0,0,0,0
20250715B07,追加調達結果,応札件数（電源属地別）[件],0,0,0,0,0,0,0,0,0,0
20250715B07,追加調達結果,約定件数（電源属地別）[件],0,0,0,0,0,0,0,0,0,0
20250715B07,追加調達結果,最高約定価格（電源属地別）[円/kW・30分],0,0,0,0,0,0,0,0,0,0
20250715B07,追加調達結果,最低約定価格（電源属地別）[円/kW・30分],0,0,0,0,0,0,0,0,0,0
20250715B07,追加調達結果,平均約定価格（電源属地別）[円/kW・30分],0,0,0,0,0,0,0,0,0,0
20250715B07,追加調達結果,最高約定価格（TSO別）[円/kW・30分],0,0,0,0,0,0,0,0,0,0
20250715B07,追加調達結果,最低約定価格（TSO別）[円/kW・30分],0,0,0,0,0,0,0,0,0,0
20250715B07,追加調達結果,平均約定価格（TSO別）[円/kW・30分],0,0,0,0,0,0,0,0,0,0
20250715B07,追加調達結果,約定量合計（TSO別）[MW],0,0,0,0,0,0,0,0,0,0
20250715B07,追加調達結果,（内訳）自エリアからの約定量[MW],0,0,0,0,0,0,0,0,0,0
20250715B07,合計（確報値）,募集量（TSO別）[MW],91,161,629,50,102,371,244,52,242,1942
20250715B07,合計（確報値）,応札量合計（電源属地別）[MW],135.5,41.069,23.467,13.968,35,197.258,339.078,68,337.815,1191.155
20250715B07,合計（確報値）,約定量合計（電源属地別）[MW],134,41.069,23.467,13.968,35,197.258,240.754,68,210.815,964.331
20250715B07,合計（確報値）,応札件数（電源属地別）[件],2,3,5,2,1,7,14,3,14,51
20250715B07,合計（確報値）,約定件数（電源属地別）[件],1,3,5,2,1,7,13,3,12,47
20250715B07,合計（確報値）,最高約定価格（電源属地別）[円/kW・30分],0.37,16.47,19.5,19.51,9.79,18.56,19.51,9.64,19.51,19.51
20250715B07,合計（確報値）,最低約定価格（電源属地別）[円/kW・30分],0.37,1.76,6.11,4.95,9.79,4.99,1.94,4.78,4.09,0.37
20250715B07,合計（確報値）,平均約定価格（電源属地別）[円/kW・30分],0.37,5.58,8.94,6.95,9.79,7.27,6.14,6.55,6.33,5.83
20250715B07,合計（確報値）,最高約定価格（TSO別）[円/kW・30分],0.37,16.47,19.5,19.51,9.79,18.56,19.51,9.64,19.51,19.51
20250715B07,合計（確報値）,最低約定価格（TSO別）[円/kW・30分],0.37,1.76,6.11,4.95,6.51,4.73,1.94,4.78,4.09,0.37
20250715B07,合計（確報値）,平均約定価格（TSO別）[円/kW・30分],0.37,5.58,8.94,6.95,8.22,6.87,5.8,7.46,6.33,5.83
20250715B07,合計（確報値）,約定量合計（TSO別）[MW],134,41.069,23.467,13.968,89,252.951,154.061,45,210.815,964.331
20250715B07,合計（確報値）,（内訳）自エリアからの約定量[MW],134,41.069,23.467,13.968,35,187.258,154.061,45,210.815,844.638
20250715B08,システム約定結果,募集量（TSO別）[MW],98,105,601,0,92,345,194,56,235,1726
20250715B08,システム約定結果,応札量合計（電源属地別）[MW],195.79,20,9.974,1.92,35,194.766,297.757,68,115.33,938.537
20250715B08,システム約定結果,落札量合計（電源属地別）[MW],145,20,9.974,1.92,35,194.766,297.757,68,115.33,887.747
20250715B08,システム約定結果,応札件数（電源属地別）[件],4,1,2,1,1,6,10,3,8,36
20250715B08,システム約定結果,落札件数（電源属地別）[件],2,1,2,1,1,6,10,3,8,34
20250715B08,システム約定結果,最高落札価格（電源属地別）[円/kW・30分],19.5,3.96,19.51,19.51,4.57,9.53,19.51,6.81,19.51,19.51
20250715B08,システム約定結果,最低落札価格（電源属地別）[円/kW・30分],1.17,3.96,3.32,19.51,4.57,1.47,1.66,2.74,2.4,1.17
20250715B08,システム約定結果,平均落札価格（電源属地別）[円/kW・30分],1.3,3.96,6.5,19.51,4.57,4.49,3.9,5.27,5.4,4
20250715B08,システム約定結果,最高落札価格（TSO別）[円/kW・30分],19.5,0,19.51,0,5.04,19.51,4.52,6.81,19.51,19.51
20250715B08,システム約定結果,最低落札価格（TSO別）[円/kW・30分],1.17,0,3.32,0,1.78,1.47,1.66,2.74,2.4,1.17
20250715B08,システム約定結果,平均落札価格（TSO別）[円/kW・30分],1.3,0,4.81,0,4.58,4.59,3.48,5.32,5.43,4
20250715B08,システム約定結果,落札量合計（TSO別）[MW],145,0,29.974,0,61,260.095,194,56,141.678,887.747
20250715B08,システム約定結果,（内訳）自エリアからの落札量[MW],145,0,9.974,0,35,194.766,194,56,115.33,750.07
20250715B08,追加調達結果,募集量（TSO別）[MW],-,-,-,-,-,-,-,-,-,-
20250715B08,追加調達結果,応札量合計（電源属地別）[MW],0,0,0,0,0,0,0,0,0,0
20250715B08,追加調達結果,約定量合計（電源属地別）[MW],0,0,0,0,0,0,0,0,0,0
20250715B08,追加調達結果,応札件数（電源属地別）[件],0,0,0,0,0,0,0,0,0,0
20250715B08,追加調達結果,約定件数（電源属地別）[件],0,0,0,0,0,0,0,0,0,0
20250715B08,追加調達結果,最高約定価格（電源属地別）[円/kW・30分],0,0,0,0,0,0,0,0,0,0
20250715B08,追加調達結果,最低約定価格（電源属地別）[円/kW・30分],0,0,0,0,0,0,0,0,0,0
20250715B08,追加調達結果,平均約定価格（電源属地別）[円/kW・30分],0,0,0,0,0,0,0,0,0,0
20250715B08,追加調達結果,最高約定価格（TSO別）[円/kW・30分],0,0,0,0,0,0,0,0,0,0
20250715B08,追加調達結果,最低約定価格（TSO別）[円/kW・30分],0,0,0,0,0,0,0,0,0,0
20250715B08,追加調達結果,平均約定価格（TSO別）[円/kW・30分],0,0,0,0,0,0,0,0,0,0
20250715B08,追加調達結果,約定量合計（TSO別）[MW],0,0,0,0,0,0,0,0,0,0
20250715B08,追加調達結果,（内訳）自エリアからの約定量[MW],0,0,0,0,0,0,0,0,0,0
20250715B08,合計（確報値）,募集量（TSO別）[MW],98,105,601,0,92,345,194,56,235,1726
20250715B08,合計（確報値）,応札量合計（電源属地別）[MW],195.79,20,9.974,1.92,35,194.766,297.757,68,148.33,971.537
20250715B08,合計（確報値）,約定量合計（電源属地別）[MW],145,20,9.974,1.92,35,194.766,297.757,68,115.33,887.747
20250715B08,合計（確報値）,応札件数（電源属地別）[件],4,1,2,1,1,6,10,3,9,37
20250715B08,合計（確報値）,約定件数（電源属地別）[件],2,1,2,1,1,6,10,3,8,34
20250715B08,合計（確報値）,最高約定価格（電源属地別）[円/kW・30分],19.5,3.96,19.51,19.51,4.57,9.53,19.51,6.81,19.51,19.51
20250715B08,合計（確報値）,最低約定価格（電源属地別）[円/kW・30分],1.17,3.96,3.32,19.51,4.57,1.47,1.66,2.74,1.48,1.17
20250715B08,合計（確報値）,平均約定価格（電源属地別）[円/kW・30分],1.3,3.96,6.5,19.51,4.57,4.49,3.9,5.27,4.37,3.86
20250715B08,合計（確報値）,最高約定価格（TSO別）[円/kW・30分],19.5,0,19.51,0,5.04,19.51,4.52,6.81,19.51,19.51
20250715B08,合計（確報値）,最低約定価格（TSO別）[円/kW・30分],1.17,0,3.32,0,1.78,1.47,1.66,2.74,1.48,1.17
20250715B08,合計（確報値）,平均約定価格（TSO別）[円/kW・30分],1.3,0,4.81,0,4.58,4.59,3.48,5.32,4.59,3.86
20250715B08,合計（確報値）,約定量合計（TSO別）[MW],145,0,29.974,0,61,260.095,194,56,141.678,887.747
20250715B08,合計（確報値）,（内訳）自エリアからの約定量[MW],145,0,9.974,0,35,194.766,194,56,115.33,750.07
20250716B01,システム約定結果,募集量（TSO別）[MW],85,63,523,0,54,341,221,46,180,1513
20250716B01,システム約定結果,応札量合計（電源属地別）[MW],108.29,41.069,1.96,62.161,35,70.009,141.03,68,115.33,642.849
20250716B01,システム約定結果,落札量合計（電源属地別）[MW],87,41.069,1.96,62.161,35,70.009,141.03,68,115.33,621.559
20250716B01,システム約定結果,応札件数（電源属地別）[件],4,3,1,6,1,4,4,3,8,34
20250716B01,システム約定結果,落札件数（電源属地別）[件],1,3,1,6,1,4,4,3,8,31
20250716B01,システム約定結果,最高落札価格（電源属地別）[円/kW・30分],2.57,16.47,19.51,19.51,1.82,7.12,2.47,5.56,19.51,19.51
20250716B01,システム約定結果,最低落札価格（電源属地別）[円/kW・30分],2.57,3.04,19.51,3.33,1.82,0.36,0.36,1.5,0.43,0.36
20250716B01,システム約定結果,平均落札価格（電源属地別）[円/kW・30分],2.57,6.82,19.51,4.18,1.82,0.6,2.01,4.79,2.97,2.99
20250716B01,システム約定結果,最高落札価格（TSO別）[円/kW・30分],2.57,16.47,19.51,0,1.82,19.51,5.56,5.56,19.51,19.51
20250716B01,システム約定結果,最低落札価格（TSO別）[円/kW・30分],2.57,3.04,19.51,0,1.82,0.36,0.36,1.5,0.43,0.36
20250716B01,システム約定結果,平均落札価格（TSO別）[円/kW・30分],2.57,6.82,19.51,0,1.82,2.28,2.47,4.52,2.97,2.99
20250716B01,システム約定結果,落札量合計（TSO別）[MW],87,41.069,1.96,0,35,132.17,163.03,46,115.33,621.559
20250716B01,システム約定結果,（内訳）自エリアからの落札量[MW],87,41.069,1.96,0,35,70.009,141.03,46,115.33,537.398
20250716B01,追加調達結果,募集量（TSO別）[MW],-,-,-,-,-,-,-,-,-,-
20250716B01,追加調達結果,応札量合計（電源属地別）[MW],0,0,0,0,0,0,0,0,0,0
20250716B01,追加調達結果,約定量合計（電源属地別）[MW],0,0,0,0,0,0,0,0,0,0
20250716B01,追加調達結果,応札件数（電源属地別）[件],0,0,0,0,0,0,0,0,0,0
20250716B01,追加調達結果,約定件数（電源属地別）[件],0,0,0,0,0,0,0,0,0,0
20250716B01,追加調達結果,最高約定価格（電源属地別）[円/kW・30分],0,0,0,0,0,0,0,0,0,0
20250716B01,追加調達結果,最低約定価格（電源属地別）[円/kW・30分],0,0,0,0,0,0,0,0,0,0
20250716B01,追加調達結果,平均約定価格（電源属地別）[円/kW・30分],0,0,0,0,0,0,0,0,0,0
20250716B01,追加調達結果,最高約定価格（TSO別）[円/kW・30分],0,0,0,0,0,0,0,0,0,0
20250716B01,追加調達結果,最低約定価格（TSO別）[円/kW・30分],0,0,0,0,0,0,0,0,0,0
20250716B01,追加調達結果,平均約定価格（TSO別）[円/kW・30分],0,0,0,0,0,0,0,0,0,0
20250716B01,追加調達結果,約定量合計（TSO別）[MW],0,0,0,0,0,0,0,0,0,0
20250716B01,追加調達結果,（内訳）自エリアからの約定量[MW],0,0,0,0,0,0,0,0,0,0
20250716B01,合計（確報値）,募集量（TSO別）[MW],85,63,523,0,54,341,221,46,180,1513
20250716B01,合計（確報値）,応札量合計（電源属地別）[MW],108.29,41.069,1.96,62.161,35,70.009,189.85,68,148.33,724.669
20250716B01,合計（確報値）,約定量合計（電源属地別）[MW],87,41.069,1.96,62.161,35,70.009,91.526,68,115.33,572.055
20250716B01,合計（確報値）,応札件数（電源属地別）[件],4,3,1,6,1,4,5,3,9,36
20250716B01,合計（確報値）,約定件数（電源属地別）[件],1,3,1,6,1,4,4,3,8,31
20250716B01,合計（確報値）,最高約定価格（電源属地別）[円/kW・30分],2.57,16.47,19.51,19.51,1.82,7.12,1.96,5.56,19.51,19.51
20250716B01,合計（確報値）,最低約定価格（電源属地別）[円/kW・30分],2.57,3.04,19.51,3.33,1.82,0.36,0.36,1.5,0.37,0.36
20250716B01,合計（確報値）,平均約定価格（電源属地別）[円/kW・30分],2.57,6.82,19.51,4.18,1.82,0.6,0.64,4.79,2.36,2.73
20250716B01,合計（確報値）,最高約定価格（TSO別）[円/kW・30分],2.57,16.47,19.51,0,1.82,19.51,5.56,5.56,19.51,19.51
20250716B01,合計（確報値）,最低約定価格（TSO別）[円/kW・30分],2.57,3.04,19.51,0,1.82,0.36,0.36,1.5,0.37,0.36
20250716B01,合計（確報値）,平均約定価格（TSO別）[円/kW・30分],2.57,6.82,19.51,0,1.82,2.28,1.56,4.52,2.36,2.73
20250716B01,合計（確報値）,約定量合計（TSO別）[MW],87,41.069,1.96,0,35,132.17,113.526,46,115.33,572.055
20250716B01,合計（確報値）,（内訳）自エリアからの約定量[MW],87,41.069,1.96,0,35,70.009,91.526,46,115.33,487.894
20250716B02,システム約定結果,募集量（TSO別）[MW],76,83,471,0,68,340,219,47,206,1510
20250716B02,システム約定結果,応札量合計（電源属地別）[MW],130.49,41.069,1.96,62.161,35,116.766,240.569,68,115.33,811.345
20250716B02,システム約定結果,落札量合計（電源属地別）[MW],127,41.069,1.96,62.161,35,116.766,240.569,68,115.33,807.855
20250716B02,システム約定結果,応札件数（電源属地別）[件],3,3,1,6,1,5,6,3,8,36
20250716B02,システム約定結果,落札件数（電源属地別）[件],1,3,1,6,1,5,6,3,8,34
20250716B02,システム約定結果,最高落札価格（電源属地別）[円/kW・30分],1.81,16.47,19.51,19.51,1.44,9.53,19.51,5.44,19.51,19.51
20250716B02,システム約定結果,最低落札価格（電源属地別）[円/kW・30分],1.81,3.12,19.51,3.31,1.44,0.36,0.36,1.38,0.36,0.36
20250716B02,システム約定結果,平均落札価格（電源属地別）[円/kW・30分],1.81,6.89,19.51,4.16,1.44,4.18,2.2,4.75,2.43,3.07
20250716B02,システム約定結果,最高落札価格（TSO別）[円/kW・30分],1.81,16.47,19.51,0,1.44,19.51,2.37,5.44,19.51,19.51
20250716B02,システム約定結果,最低落札価格（TSO別）[円/kW・30分],1.81,3.12,19.51,0,1.44,0.36,0.36,1.38,0.36,0.36
20250716B02,システム約定結果,平均落札価格（TSO別）[円/kW・30分],1.81,6.89,19.51,0,1.44,4.3,2.04,4.47,2.64,3.07
20250716B02,システム約定結果,落札量合計（TSO別）[MW],127,41.069,1.96,0,35,199.927,219,47,136.899,807.855
20250716B02,システム約定結果,（内訳）自エリアからの落札量[MW],127,41.069,1.96,0,35,116.766,219,47,115.33,703.125
20250716B02,追加調達結果,募集量（TSO別）[MW],-,-,-,-,-,-,-,-,-,-
20250716B02,追加調達結果,応札量合計（電源属地別）[MW],0,0,0,0,0,0,0,0,0,0
20250716B02,追加調達結果,約定量合計（電源属地別）[MW],0,0,0,0,0,0,0,0,0,0
20250716B02,追加調達結果,応札件数（電源属地別）[件],0,0,0,0,0,0,0,0,0,0
20250716B02,追加調達結果,約定件数（電源属地別）[件],0,0,0,0,0,0,0,0,0,0
20250716B02,追加調達結果,最高約定価格（電源属地別）[円/kW・30分],0,0,0,0,0,0,0,0,0,0
20250716B02,追加調達結果,最低約定価格（電源属地別）[円/kW・30分],0,0,0,0,0,0,0,0,0,0
20250716B02,追加調達結果,平均約定価格（電源属地別）[円/kW・30分],0,0,0,0,0,0,0,0,0,0
20250716B02,追加調達結果,最高約定価格（TSO別）[円/kW・30分],0,0,0,0,0,0,0,0,0,0
20250716B02,追加調達結果,最低約定価格（TSO別）[円/kW・30分],0,0,0,0,0,0,0,0,0,0
20250716B02,追加調達結果,平均約定価格（TSO別）[円/kW・30分],0,0,0,0,0,0,0,0,0,0
20250716B02,追加調達結果,約定量合計（TSO別）[MW],0,0,0,0,0,0,0,0,0,0
20250716B02,追加調達結果,（内訳）自エリアからの約定量[MW],0,0,0,0,0,0,0,0,0,0
20250716B02,合計（確報値）,募集量（TSO別）[MW],76,83,471,0,68,340,219,47,206,1510
20250716B02,合計（確報値）,応札量合計（電源属地別）[MW],130.49,41.069,1.96,62.161,35,116.766,240.569,68,148.33,844.345
20250716B02,合計（確報値）,約定量合計（電源属地別）[MW],127,41.069,1.96,62.161,35,116.766,142.245,68,115.33,709.531
20250716B02,合計（確報値）,応札件数（電源属地別）[件],3,3,1,6,1,5,6,3,9,37
20250716B02,合計（確報値）,約定件数（電源属地別）[件],1,3,1,6,1,5,5,3,8,33
20250716B02,合計（確報値）,最高約定価格（電源属地別）[円/kW・30分],1.81,16.47,19.51,19.51,1.44,9.53,19.51,5.44,19.51,19.51
20250716B02,合計（確報値）,最低約定価格（電源属地別）[円/kW・30分],1.81,3.12,19.51,3.31,1.44,0.36,0.36,1.38,0.36,0.36
20250716B02,合計（確報値）,平均約定価格（電源属地別）[円/kW・30分],1.81,6.89,19.51,4.16,1.44,4.18,2.08,4.75,1.99,3.1
20250716B02,合計（確報値）,最高約定価格（TSO別）[円/kW・30分],1.81,16.47,19.51,0,1.44,19.51,2.26,5.44,19.51,19.51
20250716B02,合計（確報値）,最低約定価格（TSO別）[円/kW・30分],1.81,3.12,19.51,0,1.44,0.36,0.36,1.38,0.36,0.36
20250716B02,合計（確報値）,平均約定価格（TSO別）[円/kW・30分],1.81,6.89,19.51,0,1.44,4.3,1.86,4.47,2.26,3.1
20250716B02,合計（確報値）,約定量合計（TSO別）[MW],127,41.069,1.96,0,35,199.927,140.445,47,117.13,709.531
20250716B02,合計（確報値）,（内訳）自エリアからの約定量[MW],127,41.069,1.96,0,35,116.766,140.445,47,115.33,624.57
20250716B03,システム約定結果,募集量（TSO別）[MW],59,151,571,0,70,388,197,44,240,1720
20250716B03,システム約定結果,応札量合計（電源属地別）[MW],108.8,29.069,0,13.968,35,194.479,240.569,102,15.33,739.215
20250716B03,システム約定結果,落札量合計（電源属地別）[MW],59,29.069,0,13.968,35,194.479,240.569,102,15.33,689.415
20250716B03,システム約定結果,応札件数（電源属地別）[件],3,2,0,2,1,6,6,4,5,29
20250716B03,システム約定結果,落札件数（電源属地別）[件],1,2,0,2,1,6,6,4,5,27
20250716B03,システム約定結果,最高落札価格（電源属地別）[円/kW・30分],2.29,16.47,0,19.51,1.57,9.53,19.51,5.52,19.51,19.51
20250716B03,システム約定結果,最低落札価格（電源属地別）[円/kW・30分],2.29,5.02,0,3.41,1.57,0.36,0.81,0.77,0.37,0.36
20250716B03,システム約定結果,平均落札価格（電源属地別）[円/kW・30分],2.29,8.59,0,5.62,1.57,2.93,2.87,3.73,7.06,3.29
20250716B03,システム約定結果,最高落札価格（TSO別）[円/kW・30分],2.29,16.47,5.02,0,1.57,19.51,3.09,5.52,19.51,19.51
20250716B03,システム約定結果,最低落札価格（TSO別）[円/kW・30分],2.29,5.02,5.02,0,1.11,0.36,0.81,2.16,0.37,0.36
20250716B03,システム約定結果,平均落札価格（TSO別）[円/kW・30分],2.29,11.48,5.02,0,1.4,3.43,2.7,3.31,7.8,3.29
20250716B03,システム約定結果,落札量合計（TSO別）[MW],59,16.069,13,0,55,286.216,197,44,19.13,689.415
20250716B03,システム約定結果,（内訳）自エリアからの落札量[MW],59,16.069,0,0,35,174.479,197,44,15.33,540.878
20250716B03,追加調達結果,募集量（TSO別）[MW],-,-,-,-,-,-,-,-,-,-
20250716B03,追加調達結果,応札量合計（電源属地別）[MW],0,0,0,0,0,0,0,0,0,0
20250716B03,追加調達結果,約定量合計（電源属地別）[MW],0,0,0,0,0,0,0,0,0,0
20250716B03,追加調達結果,応札件数（電源属地別）[件],0,0,0,0,0,0,0,0,0,0
20250716B03,追加調達結果,約定件数（電源属地別）[件],0,0,0,0,0,0,0,0,0,0
20250716B03,追加調達結果,最高約定価格（電源属地別）[円/kW・30分],0,0,0,0,0,0,0,0,0,0
20250716B03,追加調達結果,最低約定価格（電源属地別）[円/kW・30分],0,0,0,0,0,0,0,0,0,0
20250716B03,追加調達結果,平均約定価格（電源属地別）[円/kW・30分],0,0,0,0,0,0,0,0,0,0
20250716B03,追加調達結果,最高約定価格（TSO別）[円/kW・30分],0,0,0,0,0,0,0,0,0,0
20250716B03,追加調達結果,最低約定価格（TSO別）[円/kW・30分],0,0,0,0,0,0,0,0,0,0
20250716B03,追加調達結果,平均約定価格（TSO別）[円/kW・30分],0,0,0,0,0,0,0,0,0,0
20250716B03,追加調達結果,約定量合計（TSO別）[MW],0,0,0,0,0,0,0,0,0,0
20250716B03,追加調達結果,（内訳）自エリアからの約定量[MW],0,0,0,0,0,0,0,0,0,0
20250716B03,合計（確報値）,募集量（TSO別）[MW],59,151,571,0,70,388,197,44,240,1720
20250716B03,合計（確報値）,応札量合計（電源属地別）[MW],108.8,29.069,0,13.968,35,218.425,240.569,102,15.33,763.161
20250716B03,合計（確報値）,約定量合計（電源属地別）[MW],59,29.069,0,13.968,35,116.766,142.245,68,15.33,479.378
20250716B03,合計（確報値）,応札件数（電源属地別）[件],3,2,0,2,1,7,6,4,5,30
20250716B03,合計（確報値）,約定件数（電源属地別）[件],1,2,0,2,1,5,5,3,5,24
20250716B03,合計（確報値）,最高約定価格（電源属地別）[円/kW・30分],2.29,16.47,0,19.51,1.57,9.53,19.51,5.52,19.51,19.51
20250716B03,合計（確報値）,最低約定価格（電源属地別）[円/kW・30分],2.29,5.02,0,3.41,1.57,0.36,0.81,0.77,0.37,0.36
20250716B03,合計（確報値）,平均約定価格（電源属地別）[円/kW・30分],2.29,8.59,0,5.62,1.57,4.15,2.72,4.52,7.06,3.77
20250716B03,合計（確報値）,最高約定価格（TSO別）[円/kW・30分],2.29,16.47,5.02,0,1.57,19.51,2.98,5.52,19.51,19.51
20250716B03,合計（確報値）,最低約定価格（TSO別）[円/kW・30分],2.29,5.02,5.02,0,1.57,0.36,0.81,5.52,0.37,0.36
20250716B03,合計（確報値）,平均約定価格（TSO別）[円/kW・30分],2.29,11.48,5.02,0,1.57,4.05,2.31,5.52,7.8,3.77
20250716B03,合計（確報値）,約定量合計（TSO別）[MW],59,16.069,13,0,35,223.503,98.676,15,19.13,479.378
20250716B03,合計（確報値）,（内訳）自エリアからの約定量[MW],59,16.069,0,0,35,116.766,98.676,15,15.33,355.841
20250716B04,システム約定結果,募集量（TSO別）[MW],103,197,628,25,97,421,209,66,259,2005
20250716B04,システム約定結果,応札量合計（電源属地別）[MW],29.59,29.069,11.488,1.92,60,196.329,240.569,128,24.667,721.632
20250716B04,システム約定結果,落札量合計（電源属地別）[MW],29.59,29.069,11.488,1.92,60,196.329,240.569,95.742,24.667,689.374
20250716B04,システム約定結果,応札件数（電源属地別）[件],4,2,9,1,2,7,6,5,9,45
20250716B04,システム約定結果,落札件数（電源属地別）[件],4,2,9,1,2,7,6,5,9,45
20250716B04,システム約定結果,最高落札価格（電源属地別）[円/kW・30分],19.51,16.47,19.5,19.51,4.22,18.56,19.51,5.59,19.51,19.51
20250716B04,システム約定結果,最低落札価格（電源属地別）[円/kW・30分],1.32,5.53,0.36,19.51,4.04,1.03,2.44,0.66,0.36,0.36
20250716B04,システム約定結果,平均落札価格（電源属地別）[円/kW・30分],13.27,8.94,13.64,19.51,4.15,4.26,4.98,2.85,9.54,5.28
20250716B04,システム約定結果,最高落札価格（TSO別）[円/kW・30分],19.51,16.47,19.5,19.51,4.22,18.56,19.51,4.61,19.51,19.51
20250716B04,システム約定結果,最低落札価格（TSO別）[円/kW・30分],1.32,5.53,0.36,19.51,4.04,1.03,2.57,0.66,0.36,0.36
20250716B04,システム約定結果,平均落札価格（TSO別）[円/kW・30分],13.27,8.94,13.64,19.51,4.15,4.37,5.24,2.87,9.54,5.28
20250716B04,システム約定結果,落札量合計（TSO別）[MW],29.59,29.069,11.488,1.92,60,363.84,97.8,71,24.667,689.374
20250716B04,システム約定結果,（内訳）自エリアからの落札量[MW],29.59,29.069,11.488,1.92,60,196.329,97.8,71,24.667,521.863
20250716B04,追加調達結果,募集量（TSO別）[MW],-,-,-,-,-,-,-,-,-,-
20250716B04,追加調達結果,応札量合計（電源属地別）[MW],0,0,0,0,0,0,0,0,0,0
20250716B04,追加調達結果,約定量合計（電源属地別）[MW],0,0,0,0,0,0,0,0,0,0
20250716B04,追加調達結果,応札件数（電源属地別）[件],0,0,0,0,0,0,0,0,0,0
20250716B04,追加調達結果,約定件数（電源属地別）[件],0,0,0,0,0,0,0,0,0,0
20250716B04,追加調達結果,最高約定価格（電源属地別）[円/kW・30分],0,0,0,0,0,0,0,0,0,0
20250716B04,追加調達結果,最低約定価格（電源属地別）[円/kW・30分],0,0,0,0,0,0,0,0,0,0
20250716B04,追加調達結果,平均約定価格（電源属地別）[円/kW・30分],0,0,0,0,0,0,0,0,0,0
20250716B04,追加調達結果,最高約定価格（TSO別）[円/kW・30分],0,0,0,0,0,0,0,0,0,0
20250716B04,追加調達結果,最低約定価格（TSO別）[円/kW・30分],0,0,0,0,0,0,0,0,0,0
20250716B04,追加調達結果,平均約定価格（TSO別）[円/kW・30分],0,0,0,0,0,0,0,0,0,0
20250716B04,追加調達結果,約定量合計（TSO別）[MW],0,0,0,0,0,0,0,0,0,0
20250716B04,追加調達結果,（内訳）自エリアからの約定量[MW],0,0,0,0,0,0,0,0,0,0
20250716B04,合計（確報値）,募集量（TSO別）[MW],103,197,628,25,97,421,209,66,259,2005
20250716B04,合計（確報値）,応札量合計（電源属地別）[MW],29.59,29.069,11.488,1.92,60,220.275,240.569,128,24.667,745.578
20250716B04,合計（確報値）,約定量合計（電源属地別）[MW],29.59,29.069,11.488,1.92,60,142.562,240.569,61.742,24.667,601.607
20250716B04,合計（確報値）,応札件数（電源属地別）[件],4,2,9,1,2,8,6,5,9,46
20250716B04,合計（確報値）,約定件数（電源属地別）[件],4,2,9,1,2,7,6,4,9,44
20250716B04,合計（確報値）,最高約定価格（電源属地別）[円/kW・30分],19.51,16.47,19.5,19.51,4.22,18.56,19.51,5.59,19.51,19.51
20250716B04,合計（確報値）,最低約定価格（電源属地別）[円/kW・30分],1.32,5.53,0.36,19.51,4.04,0.83,2.44,0.66,0.36,0.36
20250716B04,合計（確報値）,平均約定価格（電源属地別）[円/kW・30分],13.27,8.94,13.64,19.51,4.15,4.16,4.98,3.18,9.54,5.52
20250716B04,合計（確報値）,最高約定価格（TSO別）[円/kW・30分],19.51,16.47,19.5,19.51,4.22,18.56,19.51,4.61,19.51,19.51
20250716B04,合計（確報値）,最低約定価格（TSO別）[円/kW・30分],1.32,5.53,0.36,19.51,4.04,0.83,2.57,0.66,0.36,0.36
20250716B04,合計（確報値）,平均約定価格（TSO別）[円/kW・30分],13.27,8.94,13.64,19.51,4.15,4.41,5.24,3.2,9.54,5.52
20250716B04,合計（確報値）,約定量合計（TSO別）[MW],29.59,29.069,11.488,1.92,60,301.073,97.8,46,24.667,601.607
20250716B04,合計（確報値）,（内訳）自エリアからの約定量[MW],29.59,29.069,11.488,1.92,60,142.562,97.8,46,24.667,443.096
20250716B05,システム約定結果,募集量（TSO別）[MW],97,191,628,17,96,382,185,77,262,1935
20250716B05,システム約定結果,応札量合計（電源属地別）[MW],61.79,29.069,4.968,1.92,60,196.329,240.569,99,19.814,713.459
20250716B05,システム約定結果,落札量合計（電源属地別）[MW],61.79,29.069,4.968,1.92,60,196.329,240.569,99,19.814,713.459
20250716B05,システム約定結果,応札件数（電源属地別）[件],4,2,4,1,2,7,6,4,6,36
20250716B05,システム約定結果,落札件数（電源属地別）[件],4,2,4,1,2,7,6,4,6,36
20250716B05,システム約定結果,最高落札価格（電源属地別）[円/kW・30分],19.51,16.47,19.5,19.51,6.09,18.56,19.51,5.22,19.5,19.51
20250716B05,システム約定結果,最低落札価格（電源属地別）[円/kW・30分],2.68,4.36,19.5,19.51,5.91,1.67,2.64,1.28,0.53,0.53
20250716B05,システム約定結果,平均落札価格（電源属地別）[円/kW・30分],16.66,8.14,19.5,19.51,6.02,4.76,5.19,2.47,6.92,6.06
20250716B05,システム約定結果,最高落札価格（TSO別）[円/kW・30分],19.51,16.47,19.5,19.51,6.09,18.56,19.51,5.22,19.5,19.51
20250716B05,システム約定結果,最低落札価格（TSO別）[円/kW・30分],2.68,4.36,19.5,19.51,4.03,1.3,2.64,1.28,0.53,0.53
20250716B05,システム約定結果,平均落札価格（TSO別）[円/kW・30分],16.66,8.14,19.5,19.51,5.75,4.7,5.09,2.71,6.92,6.06
20250716B05,システム約定結果,落札量合計（TSO別）[MW],61.79,29.069,4.968,1.92,85,303.025,130.873,77,19.814,713.459
20250716B05,システム約定結果,（内訳）自エリアからの落札量[MW],61.79,29.069,4.968,1.92,60,195.329,130.873,77,19.814,580.763
20250716B05,追加調達結果,募集量（TSO別）[MW],-,-,-,-,-,-,-,-,-,-
20250716B05,追加調達結果,応札量合計（電源属地別）[MW],0,0,0,0,0,0,0,0,0,0
20250716B05,追加調達結果,約定量合計（電源属地別）[MW],0,0,0,0,0,0,0,0,0,0
20250716B05,追加調達結果,応札件数（電源属地別）[件],0,0,0,0,0,0,0,0,0,0
20250716B05,追加調達結果,約定件数（電源属地別）[件],0,0,0,0,0,0,0,0,0,0
20250716B05,追加調達結果,最高約定価格（電源属地別）[円/kW・30分],0,0,0,0,0,0,0,0,0,0
20250716B05,追加調達結果,最低約定価格（電源属地別）[円/kW・30分],0,0,0,0,0,0,0,0,0,0
20250716B05,追加調達結果,平均約定価格（電源属地別）[円/kW・30分],0,0,0,0,0,0,0,0,0,0
20250716B05,追加調達結果,最高約定価格（TSO別）[円/kW・30分],0,0,0,0,0,0,0,0,0,0
20250716B05,追加調達結果,最低約定価格（TSO別）[円/kW・30分],0,0,0,0,0,0,0,0,0,0
20250716B05,追加調達結果,平均約定価格（TSO別）[円/kW・30分],0,0,0,0,0,0,0,0,0,0
20250716B05,追加調達結果,約定量合計（TSO別）[MW],0,0,0,0,0,0,0,0,0,0
20250716B05,追加調達結果,（内訳）自エリアからの約定量[MW],0,0,0,0,0,0,0,0,0,0
20250716B05,合計（確報値）,募集量（TSO別）[MW],97,191,628,17,96,382,185,77,262,1935
20250716B05,合計（確報値）,応札量合計（電源属地別）[MW],61.79,29.069,4.968,1.92,60,220.275,240.569,99,19.814,737.405
20250716B05,合計（確報値）,約定量合計（電源属地別）[MW],61.79,29.069,4.968,1.92,60,142.562,240.569,65,19.814,625.692
20250716B05,合計（確報値）,応札件数（電源属地別）[件],4,2,4,1,2,8,6,4,6,37
20250716B05,合計（確報値）,約定件数（電源属地別）[件],4,2,4,1,2,7,6,3,6,35
20250716B05,合計（確報値）,最高約定価格（電源属地別）[円/kW・30分],19.51,16.47,19.5,19.51,6.09,18.56,19.51,5.22,19.5,19.51
20250716B05,合計（確報値）,最低約定価格（電源属地別）[円/kW・30分],2.68,4.36,19.5,19.51,5.91,1.47,2.64,1.28,0.53,0.53
20250716B05,合計（確報値）,平均約定価格（電源属地別）[円/kW・30分],16.66,8.14,19.5,19.51,6.02,4.6,5.19,2.68,6.92,6.36
20250716B05,合計（確報値）,最高約定価格（TSO別）[円/kW・30分],19.51,16.47,19.5,19.51,6.09,18.56,19.51,5.22,19.5,19.51
20250716B05,合計（確報値）,最低約定価格（TSO別）[円/kW・30分],2.68,4.36,19.5,19.51,4.42,1.3,2.64,1.28,0.53,0.53
20250716B05,合計（確報値）,平均約定価格（TSO別）[円/kW・30分],16.66,8.14,19.5,19.51,5.77,4.7,5.09,3,6.92,6.36
20250716B05,合計（確報値）,約定量合計（TSO別）[MW],61.79,29.069,4.968,1.92,84,240.258,130.873,53,19.814,625.692
20250716B05,合計（確報値）,（内訳）自エリアからの約定量[MW],61.79,29.069,4.968,1.92,60,142.562,130.873,53,19.814,503.996
20250716B06,システム約定結果,募集量（TSO別）[MW],92,191,632,82,103,382,248,64,259,2053
20250716B06,システム約定結果,応札量合計（電源属地別）[MW],190.79,41.069,7.968,13.92,35,196.329,199.433,102,22.567,809.076
20250716B06,システム約定結果,落札量合計（電源属地別）[MW],140.5,41.069,7.968,13.92,35,196.329,199.433,102,22.567,758.786
20250716B06,システム約定結果,応札件数（電源属地別）[件],4,3,7,2,1,7,9,4,9,46
20250716B06,システム約定結果,落札件数（電源属地別）[件],2,3,7,2,1,7,9,4,9,44
20250716B06,システム約定結果,最高落札価格（電源属地別）[円/kW・30分],19.51,16.47,19.5,19.51,11.29,18.56,19.51,10.77,19.51,19.51
20250716B06,システム約定結果,最低落札価格（電源属地別）[円/kW・30分],0.36,2.57,19.5,6.58,11.29,5.11,5.48,4.78,5.19,0.36
20250716B06,システム約定結果,平均落札価格（電源属地別）[円/kW・30分],0.56,5.67,19.5,8.36,11.29,7.33,7.39,7.27,13.29,6.5
20250716B06,システム約定結果,最高落札価格（TSO別）[円/kW・30分],19.51,16.47,19.5,19.51,11.29,18.56,19.51,10.77,19.51,19.51
20250716B06,システム約定結果,最低落札価格（TSO別）[円/kW・30分],0.36,2.57,19.5,19.51,11.29,5.11,4.78,4.78,5.19,0.36
20250716B06,システム約定結果,平均落札価格（TSO別）[円/kW・30分],0.56,5.67,19.5,19.51,11.29,7.29,7.13,8.38,13.29,6.5
20250716B06,システム約定結果,落札量合計（TSO別）[MW],140.5,41.069,7.968,1.92,35,208.762,248,53,22.567,758.786
20250716B06,システム約定結果,（内訳）自エリアからの落札量[MW],140.5,41.069,7.968,1.92,35,196.329,199.433,53,22.567,697.786
20250716B06,追加調達結果,募集量（TSO別）[MW],-,-,-,-,-,-,-,-,-,-
20250716B06,追加調達結果,応札量合計（電源属地別）[MW],0,0,0,0,0,0,0,0,0,0
20250716B06,追加調達結果,約定量合計（電源属地別）[MW],0,0,0,0,0,0,0,0,0,0
20250716B06,追加調達結果,応札件数（電源属地別）[件],0,0,0,0,0,0,0,0,0,0
20250716B06,追加調達結果,約定件数（電源属地別）[件],0,0,0,0,0,0,0,0,0,0
20250716B06,追加調達結果,最高約定価格（電源属地別）[円/kW・30分],0,0,0,0,0,0,0,0,0,0
20250716B06,追加調達結果,最低約定価格（電源属地別）[円/kW・30分],0,0,0,0,0,0,0,0,0,0
20250716B06,追加調達結果,平均約定価格（電源属地別）[円/kW・30分],0,0,0,0,0,0,0,0,0,0
20250716B06,追加調達結果,最高約定価格（TSO別）[円/kW・30分],0,0,0,0,0,0,0,0,0,0
20250716B06,追加調達結果,最低約定価格（TSO別）[円/kW・30分],0,0,0,0,0,0,0,0,0,0
20250716B06,追加調達結果,平均約定価格（TSO別）[円/kW・30分],0,0,0,0,0,0,0,0,0,0
20250716B06,追加調達結果,約定量合計（TSO別）[MW],0,0,0,0,0,0,0,0,0,0
20250716B06,追加調達結果,（内訳）自エリアからの約定量[MW],0,0,0,0,0,0,0,0,0,0
20250716B06,合計（確報値）,募集量（TSO別）[MW],92,191,632,82,103,382,248,64,259,2053
20250716B06,合計（確報値）,応札量合計（電源属地別）[MW],190.79,41.069,7.968,13.92,35,220.275,199.433,102,22.567,833.022
20250716B06,合計（確報値）,約定量合計（電源属地別）[MW],140.5,41.069,7.968,13.92,35,142.562,199.433,68,22.567,671.019
20250716B06,合計（確報値）,応札件数（電源属地別）[件],4,3,7,2,1,8,9,4,9,47
20250716B06,合計（確報値）,約定件数（電源属地別）[件],2,3,7,2,1,7,9,3,9,43
20250716B06,合計（確報値）,最高約定価格（電源属地別）[円/kW・30分],19.51,16.47,19.5,19.51,11.29,18.56,19.51,10.77,19.51,19.51
20250716B06,合計（確報値）,最低約定価格（電源属地別）[円/kW・30分],0.36,2.57,19.5,6.58,11.29,5.11,5.48,4.78,5.19,0.36
20250716B06,合計（確報値）,平均約定価格（電源属地別）[円/kW・30分],0.56,5.67,19.5,8.36,11.29,6.89,7.39,7.12,13.29,6.29
20250716B06,合計（確報値）,最高約定価格（TSO別）[円/kW・30分],19.51,16.47,19.5,19.51,11.29,18.56,19.51,10.77,19.51,19.51
20250716B06,合計（確報値）,最低約定価格（TSO別）[円/kW・30分],0.36,2.57,19.5,19.51,11.29,5.11,4.78,4.78,5.19,0.36
20250716B06,合計（確報値）,平均約定価格（TSO別）[円/kW・30分],0.56,5.67,19.5,19.51,11.29,6.86,7.1,8.83,13.29,6.29
20250716B06,合計（確報値）,約定量合計（TSO別）[MW],140.5,41.069,7.968,1.92,35,154.995,233,34,22.567,671.019
20250716B06,合計（確報値）,（内訳）自エリアからの約定量[MW],140.5,41.069,7.968,1.92,35,142.562,199.433,34,22.567,625.019
20250716B07,システム約定結果,募集量（TSO別）[MW],91,161,629,50,102,371,244,52,242,1942
20250716B07,システム約定結果,応札量合計（電源属地別）[MW],135.5,41.069,4.968,1.92,35,196.329,323.211,68,174.33,980.327
20250716B07,システム約定結果,落札量合計（電源属地別）[MW],134,41.069,4.968,1.92,35,196.329,323.211,68,174.33,978.827
20250716B07,システム約定結果,応札件数（電源属地別）[件],2,3,4,1,1,7,12,3,9,42
20250716B07,システム約定結果,落札件数（電源属地別）[件],1,3,4,1,1,7,12,3,9,41
20250716B07,システム約定結果,最高落札価格（電源属地別）[円/kW・30分],0.37,16.47,19.5,19.51,9.79,18.56,19.51,10.89,19.51,19.51
20250716B07,システム約定結果,最低落札価格（電源属地別）[円/kW・30分],0.37,2.48,19.5,19.51,9.79,4.99,4.89,4.78,6.7,0.37
20250716B07,システム約定結果,平均落札価格（電源属地別）[円/kW・30分],0.37,6.31,19.5,19.51,9.79,7.24,6.95,7.18,8.64,6.59
20250716B07,システム約定結果,最高落札価格（TSO別）[円/kW・30分],0.37,16.47,19.5,19.51,9.79,18.56,19.51,10.89,19.51,19.51
20250716B07,システム約定結果,最低落札価格（TSO別）[円/kW・30分],0.37,2.48,19.5,19.51,4.78,4.99,4.89,4.78,6.7,0.37
20250716B07,システム約定結果,平均落札価格（TSO別）[円/kW・30分],0.37,6.31,19.5,19.51,7.54,7.37,6.54,8.4,8.65,6.59
20250716B07,システム約定結果,落札量合計（TSO別）[MW],134,41.069,4.968,1.92,89,303.025,185.8,45,174.045,978.827
20250716B07,システム約定結果,（内訳）自エリアからの落札量[MW],134,41.069,4.968,1.92,35,186.329,185.8,45,174.045,808.131
20250716B07,追加調達結果,募集量（TSO別）[MW],-,-,-,-,-,-,-,-,-,-
20250716B07,追加調達結果,応札量合計（電源属地別）[MW],0,0,0,0,0,0,0,0,0,0
20250716B07,追加調達結果,約定量合計（電源属地別）[MW],0,0,0,0,0,0,0,0,0,0
20250716B07,追加調達結果,応札件数（電源属地別）[件],0,0,0,0,0,0,0,0,0,0
20250716B07,追加調達結果,約定件数（電源属地別）[件],0,0,0,0,0,0,0,0,0,0
20250716B07,追加調達結果,最高約定価格（電源属地別）[円/kW・30分],0,0,0,0,0,0,0,0,0,0
20250716B07,追加調達結果,最低約定価格（電源属地別）[円/kW・30分],0,0,0,0,0,0,0,0,0,0
20250716B07,追加調達結果,平均約定価格（電源属地別）[円/kW・30分],0,0,0,0,0,0,0,0,0,0
20250716B07,追加調達結果,最高約定価格（TSO別）[円/kW・30分],0,0,0,0,0,0,0,0,0,0
20250716B07,追加調達結果,最低約定価格（TSO別）[円/kW・30分],0,0,0,0,0,0,0,0,0,0
20250716B07,追加調達結果,平均約定価格（TSO別）[円/kW・30分],0,0,0,0,0,0,0,0,0,0
20250716B07,追加調達結果,約定量合計（TSO別）[MW],0,0,0,0,0,0,0,0,0,0
20250716B07,追加調達結果,（内訳）自エリアからの約定量[MW],0,0,0,0,0,0,0,0,0,0
20250716B07,合計（確報値）,募集量（TSO別）[MW],91,161,629,50,102,371,244,52,242,1942
20250716B07,合計（確報値）,応札量合計（電源属地別）[MW],135.5,41.069,4.968,1.92,35,220.275,339.078,68,207.33,1053.14
20250716B07,合計（確報値）,約定量合計（電源属地別）[MW],134,41.069,4.968,1.92,35,142.562,240.754,68,174.33,842.603
20250716B07,合計（確報値）,応札件数（電源属地別）[件],2,3,4,1,1,8,13,3,10,45
20250716B07,合計（確報値）,約定件数（電源属地別）[件],1,3,4,1,1,7,12,3,9,41
20250716B07,合計（確報値）,最高約定価格（電源属地別）[円/kW・30分],0.37,16.47,19.5,19.51,9.79,18.56,19.51,10.89,19.51,19.51
20250716B07,合計（確報値）,最低約定価格（電源属地別）[円/kW・30分],0.37,2.48,19.5,19.51,9.79,4.78,1.94,4.78,3.63,0.37
20250716B07,合計（確報値）,平均約定価格（電源属地別）[円/kW・30分],0.37,6.31,19.5,19.51,9.79,6.77,6.28,7.18,7.55,6.02
20250716B07,合計（確報値）,最高約定価格（TSO別）[円/kW・30分],0.37,16.47,19.5,19.51,9.79,18.56,19.51,10.89,19.51,19.51
20250716B07,合計（確報値）,最低約定価格（TSO別）[円/kW・30分],0.37,2.48,19.5,19.51,4.78,4.78,1.94,4.78,3.63,0.37
20250716B07,合計（確報値）,平均約定価格（TSO別）[円/kW・30分],0.37,6.31,19.5,19.51,7.56,7.01,5.68,8.4,7.55,6.02
20250716B07,合計（確報値）,約定量合計（TSO別）[MW],134,41.069,4.968,1.92,74.152,214.032,153.417,45,174.045,842.603
20250716B07,合計（確報値）,（内訳）自エリアからの約定量[MW],134,41.069,4.968,1.92,35,142.562,153.417,45,174.045,731.981
20250716B08,システム約定結果,募集量（TSO別）[MW],98,105,601,0,92,345,194,56,235,1726
20250716B08,システム約定結果,応札量合計（電源属地別）[MW],195.79,20,20.459,1.92,35,116.766,297.757,68,115.33,871.022
20250716B08,システム約定結果,落札量合計（電源属地別）[MW],146.8,20,20.459,1.92,35,116.766,297.757,68,115.33,822.032
20250716B08,システム約定結果,応札件数（電源属地別）[件],4,1,2,1,1,5,10,3,8,35
20250716B08,システム約定結果,落札件数（電源属地別）[件],3,1,2,1,1,5,10,3,8,34
20250716B08,システム約定結果,最高落札価格（電源属地別）[円/kW・30分],19.51,3.26,19.51,19.51,4.57,9.53,19.51,7.43,19.51,19.51
20250716B08,システム約定結果,最低落札価格（電源属地別）[円/kW・30分],1.17,3.26,3.11,19.51,4.57,1.47,1.87,3.36,2.4,1.17
20250716B08,システム約定結果,平均落札価格（電源属地別）[円/kW・30分],1.52,3.26,4.68,19.51,4.57,4.88,4.12,5.52,5.4,4.11
20250716B08,システム約定結果,最高落札価格（TSO別）[円/kW・30分],19.51,0,19.51,0,4.93,19.51,4.74,7.43,19.51,19.51
20250716B08,システム約定結果,最低落札価格（TSO別）[円/kW・30分],1.17,0,3.11,0,2.01,1.47,1.87,3.36,2.4,1.17
20250716B08,システム約定結果,平均落札価格（TSO別）[円/kW・30分],1.52,0,3.98,0,4.45,5.06,3.76,5.65,5.4,4.11
20250716B08,システム約定結果,落札量合計（TSO別）[MW],146.8,0,40.459,0,61,208.443,194,56,115.33,822.032
20250716B08,システム約定結果,（内訳）自エリアからの落札量[MW],146.8,0,20.459,0,35,116.766,194,56,115.33,684.355
20250716B08,追加調達結果,募集量（TSO別）[MW],-,-,-,-,-,-,-,-,-,-
20250716B08,追加調達結果,応札量合計（電源属地別）[MW],0,0,0,0,0,0,0,0,0,0
20250716B08,追加調達結果,約定量合計（電源属地別）[MW],0,0,0,0,0,0,0,0,0,0
20250716B08,追加調達結果,応札件数（電源属地別）[件],0,0,0,0,0,0,0,0,0,0
20250716B08,追加調達結果,約定件数（電源属地別）[件],0,0,0,0,0,0,0,0,0,0
20250716B08,追加調達結果,最高約定価格（電源属地別）[円/kW・30分],0,0,0,0,0,0,0,0,0,0
20250716B08,追加調達結果,最低約定価格（電源属地別）[円/kW・30分],0,0,0,0,0,0,0,0,0,0
20250716B08,追加調達結果,平均約定価格（電源属地別）[円/kW・30分],0,0,0,0,0,0,0,0,0,0
20250716B08,追加調達結果,最高約定価格（TSO別）[円/kW・30分],0,0,0,0,0,0,0,0,0,0
20250716B08,追加調達結果,最低約定価格（TSO別）[円/kW・30分],0,0,0,0,0,0,0,0,0,0
20250716B08,追加調達結果,平均約定価格（TSO別）[円/kW・30分],0,0,0,0,0,0,0,0,0,0
20250716B08,追加調達結果,約定量合計（TSO別）[MW],0,0,0,0,0,0,0,0,0,0
20250716B08,追加調達結果,（内訳）自エリアからの約定量[MW],0,0,0,0,0,0,0,0,0,0
20250716B08,合計（確報値）,募集量（TSO別）[MW],98,105,601,0,92,345,194,56,235,1726
20250716B08,合計（確報値）,応札量合計（電源属地別）[MW],195.79,20,20.459,1.92,35,116.766,326.351,68,148.33,932.616
20250716B08,合計（確報値）,約定量合計（電源属地別）[MW],146.8,20,20.459,1.92,35,116.766,266.115,68,115.33,790.39
20250716B08,合計（確報値）,応札件数（電源属地別）[件],4,1,2,1,1,5,13,3,9,39
20250716B08,合計（確報値）,約定件数（電源属地別）[件],3,1,2,1,1,5,13,3,8,37
20250716B08,合計（確報値）,最高約定価格（電源属地別）[円/kW・30分],19.51,3.26,19.51,19.51,4.57,9.53,19.51,7.43,19.51,19.51
20250716B08,合計（確報値）,最低約定価格（電源属地別）[円/kW・30分],1.17,3.26,3.11,19.51,4.57,1.47,0.36,3.36,1.52,0.36
20250716B08,合計（確報値）,平均約定価格（電源属地別）[円/kW・30分],1.52,3.26,4.68,19.51,4.57,4.88,3.67,5.52,4.38,3.81
20250716B08,合計（確報値）,最高約定価格（TSO別）[円/kW・30分],19.51,0,19.51,0,4.93,19.51,4.63,7.43,19.51,19.51
20250716B08,合計（確報値）,最低約定価格（TSO別）[円/kW・30分],1.17,0,3.11,0,2.01,1.47,0.36,3.36,1.52,0.36
20250716B08,合計（確報値）,平均約定価格（TSO別）[円/kW・30分],1.52,0,3.98,0,4.4,5.06,3.04,5.65,4.38,3.81
20250716B08,合計（確報値）,約定量合計（TSO別）[MW],146.8,0,40.459,0,52.212,208.443,171.146,56,115.33,790.39
20250716B08,合計（確報値）,（内訳）自エリアからの約定量[MW],146.8,0,20.459,0,35,116.766,171.146,56,115.33,661.501
20250717B01,システム約定結果,募集量（TSO別）[MW],85,63,523,0,54,341,221,46,180,1513
20250717B01,システム約定結果,応札量合計（電源属地別）[MW],108.29,41.069,1.96,38.065,35,148.009,238.769,68,115.33,794.492
20250717B01,システム約定結果,落札量合計（電源属地別）[MW],87,41.069,1.96,38.065,35,148.009,238.769,68,115.33,773.202
20250717B01,システム約定結果,応札件数（電源属地別）[件],4,3,1,4,1,5,5,3,8,34
20250717B01,システム約定結果,落札件数（電源属地別）[件],1,3,1,4,1,5,5,3,8,31
20250717B01,システム約定結果,最高落札価格（電源属地別）[円/kW・30分],2.57,16.47,19.51,19.51,1.82,6.95,2.52,5.63,19.51,19.51
20250717B01,システム約定結果,最低落札価格（電源属地別）[円/kW・30分],2.57,3.01,19.51,3.63,1.82,0.36,0.36,1.57,0.43,0.36
20250717B01,システム約定結果,平均落札価格（電源属地別）[円/kW・30分],2.57,6.8,19.51,4.58,1.82,1.24,2.2,4.82,2.97,2.79
20250717B01,システム約定結果,最高落札価格（TSO別）[円/kW・30分],2.57,16.47,19.51,0,1.82,19.51,2.52,5.63,19.51,19.51
20250717B01,システム約定結果,最低落札価格（TSO別）[円/kW・30分],2.57,3.01,19.51,0,1.82,0.36,0.36,1.57,0.38,0.36
20250717B01,システム約定結果,平均落札価格（TSO別）[円/kW・30分],2.57,6.8,19.51,0,1.82,2.29,2.22,4.56,2.83,2.79
20250717B01,システム約定結果,落札量合計（TSO別）[MW],87,41.069,1.96,0,35,208.074,221,46,133.099,773.202
20250717B01,システム約定結果,（内訳）自エリアからの落札量[MW],87,41.069,1.96,0,35,148.009,221,46,115.33,695.368
20250717B01,追加調達結果,募集量（TSO別）[MW],-,-,-,-,-,-,-,-,-,-
20250717B01,追加調達結果,応札量合計（電源属地別）[MW],0,0,0,0,0,0,0,0,0,0
20250717B01,追加調達結果,約定量合計（電源属地別）[MW],0,0,0,0,0,0,0,0,0,0
20250717B01,追加調達結果,応札件数（電源属地別）[件],0,0,0,0,0,0,0,0,0,0
20250717B01,追加調達結果,約定件数（電源属地別）[件],0,0,0,0,0,0,0,0,0,0
20250717B01,追加調達結果,最高約定価格（電源属地別）[円/kW・30分],0,0,0,0,0,0,0,0,0,0
20250717B01,追加調達結果,最低約定価格（電源属地別）[円/kW・30分],0,0,0,0,0,0,0,0,0,0
20250717B01,追加調達結果,平均約定価格（電源属地別）[円/kW・30分],0,0,0,0,0,0,0,0,0,0
20250717B01,追加調達結果,最高約定価格（TSO別）[円/kW・30分],0,0,0,0,0,0,0,0,0,0
20250717B01,追加調達結果,最低約定価格（TSO別）[円/kW・30分],0,0,0,0,0,0,0,0,0,0
20250717B01,追加調達結果,平均約定価格（TSO別）[円/kW・30分],0,0,0,0,0,0,0,0,0,0
20250717B01,追加調達結果,約定量合計（TSO別）[MW],0,0,0,0,0,0,0,0,0,0
20250717B01,追加調達結果,（内訳）自エリアからの約定量[MW],0,0,0,0,0,0,0,0,0,0
20250717B01,合計（確報値）,募集量（TSO別）[MW],85,63,523,0,54,341,221,46,180,1513
20250717B01,合計（確報値）,応札量合計（電源属地別）[MW],108.29,41.069,1.96,38.065,35,148.009,238.769,68,148.33,827.492
20250717B01,合計（確報値）,約定量合計（電源属地別）[MW],87,41.069,1.96,38.065,35,148.009,140.445,68,115.33,674.878
20250717B01,合計（確報値）,応札件数（電源属地別）[件],4,3,1,4,1,5,5,3,9,35
20250717B01,合計（確報値）,約定件数（電源属地別）[件],1,3,1,4,1,5,4,3,8,30
20250717B01,合計（確報値）,最高約定価格（電源属地別）[円/kW・30分],2.57,16.47,19.51,19.51,1.82,6.95,2.41,5.63,19.51,19.51
20250717B01,合計（確報値）,最低約定価格（電源属地別）[円/kW・30分],2.57,3.01,19.51,3.63,1.82,0.36,0.36,1.57,0.36,0.36
20250717B01,合計（確報値）,平均約定価格（電源属地別）[円/kW・30分],2.57,6.8,19.51,4.58,1.82,1.24,1.97,4.82,2.35,2.72
20250717B01,合計（確報値）,最高約定価格（TSO別）[円/kW・30分],2.57,16.47,19.51,0,1.82,19.51,2.41,5.63,19.51,19.51
20250717B01,合計（確報値）,最低約定価格（TSO別）[円/kW・30分],2.57,3.01,19.51,0,1.82,0.36,0.36,1.57,0.36,0.36
20250717B01,合計（確報値）,平均約定価格（TSO別）[円/kW・30分],2.57,6.8,19.51,0,1.82,2.29,1.98,4.56,2.3,2.72
20250717B01,合計（確報値）,約定量合計（TSO別）[MW],87,41.069,1.96,0,35,208.074,122.676,46,133.099,674.878
20250717B01,合計（確報値）,（内訳）自エリアからの約定量[MW],87,41.069,1.96,0,35,148.009,122.676,46,115.33,597.044
20250717B02,システム約定結果,募集量（TSO別）[MW],76,83,471,0,68,340,219,47,206,1510
20250717B02,システム約定結果,応札量合計（電源属地別）[MW],130.49,41.069,103.829,38.065,35,194.766,240.569,68,115.33,967.118
20250717B02,システム約定結果,落札量合計（電源属地別）[MW],127,41.069,103.829,38.065,35,194.766,240.569,68,115.33,963.628
20250717B02,システム約定結果,応札件数（電源属地別）[件],3,3,8,4,1,6,6,3,8,42
20250717B02,システム約定結果,落札件数（電源属地別）[件],1,3,8,4,1,6,6,3,8,40
20250717B02,システム約定結果,最高落札価格（電源属地別）[円/kW・30分],1.81,16.47,19.51,19.51,1.44,9.53,19.51,5.45,19.51,19.51
20250717B02,システム約定結果,最低落札価格（電源属地別）[円/kW・30分],1.81,3.07,1.11,3.63,1.44,0.36,0.36,1.39,0.36,0.36
20250717B02,システム約定結果,平均落札価格（電源属地別）[円/kW・30分],1.81,6.85,1.57,4.58,1.44,3,2.24,4.75,2.43,2.73
20250717B02,システム約定結果,最高落札価格（TSO別）[円/kW・30分],1.81,16.47,19.51,0,1.44,19.51,2.42,5.45,19.51,19.51
20250717B02,システム約定結果,最低落札価格（TSO別）[円/kW・30分],1.81,3.07,1.11,0,1.44,0.36,0.36,1.39,0.36,0.36
20250717B02,システム約定結果,平均落札価格（TSO別）[円/kW・30分],1.81,6.85,1.57,0,1.44,3.44,2.09,4.47,2.63,2.73
20250717B02,システム約定結果,落札量合計（TSO別）[MW],127,41.069,103.829,0,35,253.831,219,47,136.899,963.628
20250717B02,システム約定結果,（内訳）自エリアからの落札量[MW],127,41.069,103.829,0,35,194.766,219,47,115.33,882.994
20250717B02,追加調達結果,募集量（TSO別）[MW],-,-,-,-,-,-,-,-,-,-
20250717B02,追加調達結果,応札量合計（電源属地別）[MW],0,0,0,0,0,0,0,0,0,0
20250717B02,追加調達結果,約定量合計（電源属地別）[MW],0,0,0,0,0,0,0,0,0,0
20250717B02,追加調達結果,応札件数（電源属地別）[件],0,0,0,0,0,0,0,0,0,0
20250717B02,追加調達結果,約定件数（電源属地別）[件],0,0,0,0,0,0,0,0,0,0
20250717B02,追加調達結果,最高約定価格（電源属地別）[円/kW・30分],0,0,0,0,0,0,0,0,0,0
20250717B02,追加調達結果,最低約定価格（電源属地別）[円/kW・30分],0,0,0,0,0,0,0,0,0,0
20250717B02,追加調達結果,平均約定価格（電源属地別）[円/kW・30分],0,0,0,0,0,0,0,0,0,0
20250717B02,追加調達結果,最高約定価格（TSO別）[円/kW・30分],0,0,0,0,0,0,0,0,0,0
20250717B02,追加調達結果,最低約定価格（TSO別）[円/kW・30分],0,0,0,0,0,0,0,0,0,0
20250717B02,追加調達結果,平均約定価格（TSO別）[円/kW・30分],0,0,0,0,0,0,0,0,0,0
20250717B02,追加調達結果,約定量合計（TSO別）[MW],0,0,0,0,0,0,0,0,0,0
20250717B02,追加調達結果,（内訳）自エリアからの約定量[MW],0,0,0,0,0,0,0,0,0,0
20250717B02,合計（確報値）,募集量（TSO別）[MW],76,83,471,0,68,340,219,47,206,1510
20250717B02,合計（確報値）,応札量合計（電源属地別）[MW],130.49,41.069,103.829,38.065,35,194.766,240.569,68,148.33,1000.118
20250717B02,合計（確報値）,約定量合計（電源属地別）[MW],127,41.069,103.829,38.065,35,194.766,142.245,68,115.33,865.304
20250717B02,合計（確報値）,応札件数（電源属地別）[件],3,3,8,4,1,6,6,3,10,44
20250717B02,合計（確報値）,約定件数（電源属地別）[件],1,3,8,4,1,6,5,3,9,40
20250717B02,合計（確報値）,最高約定価格（電源属地別）[円/kW・30分],1.81,16.47,19.51,19.51,1.44,9.53,19.51,5.45,19.51,19.51
20250717B02,合計（確報値）,最低約定価格（電源属地別）[円/kW・30分],1.81,3.07,1.11,3.63,1.44,0.36,0.36,1.39,0.36,0.36
20250717B02,合計（確報値）,平均約定価格（電源属地別）[円/kW・30分],1.81,6.85,1.57,4.58,1.44,3,2.12,4.75,1.99,2.7
20250717B02,合計（確報値）,最高約定価格（TSO別）[円/kW・30分],1.81,16.47,19.51,0,1.44,19.51,2.31,5.45,19.51,19.51
20250717B02,合計（確報値）,最低約定価格（TSO別）[円/kW・30分],1.81,3.07,1.11,0,1.44,0.36,0.36,1.39,0.36,0.36
20250717B02,合計（確報値）,平均約定価格（TSO別）[円/kW・30分],1.81,6.85,1.57,0,1.44,3.44,1.83,4.47,2.26,2.7
20250717B02,合計（確報値）,約定量合計（TSO別）[MW],127,41.069,103.829,0,35,253.831,120.676,47,136.899,865.304
20250717B02,合計（確報値）,（内訳）自エリアからの約定量[MW],127,41.069,103.829,0,35,194.766,120.676,47,115.33,784.67
20250717B03,システム約定結果,募集量（TSO別）[MW],59,151,571,0,70,388,197,44,240,1720
20250717B03,システム約定結果,応札量合計（電源属地別）[MW],108.8,29.069,1.96,1.92,35,195.408,240.569,102,15.33,730.056
20250717B03,システム約定結果,落札量合計（電源属地別）[MW],59,29.069,1.96,1.92,35,195.408,240.569,102,15.33,680.256
20250717B03,システム約定結果,応札件数（電源属地別）[件],3,2,1,1,1,6,6,4,5,29
20250717B03,システム約定結果,落札件数（電源属地別）[件],1,2,1,1,1,6,6,4,5,27
20250717B03,システム約定結果,最高落札価格（電源属地別）[円/kW・30分],2.29,16.47,19.51,19.51,1.57,9.53,19.51,5.5,19.51,19.51
20250717B03,システム約定結果,最低落札価格（電源属地別）[円/kW・30分],2.29,4.84,19.51,19.51,1.57,0.36,0.74,0.85,0.37,0.36
20250717B03,システム約定結果,平均落札価格（電源属地別）[円/kW・30分],2.29,8.47,19.51,19.51,1.57,2.98,2.86,3.72,7.06,3.34
20250717B03,システム約定結果,最高落札価格（TSO別）[円/kW・30分],2.29,16.47,19.51,0,1.57,19.51,3.09,5.5,19.51,19.51
20250717B03,システム約定結果,最低落札価格（TSO別）[円/kW・30分],2.29,4.84,4.84,0,1.23,0.36,0.74,2.05,0.37,0.36
20250717B03,システム約定結果,平均落札価格（TSO別）[円/kW・30分],2.29,11.4,6.76,0,1.45,3.44,2.66,3.75,4.62,3.34
20250717B03,システム約定結果,落札量合計（TSO別）[MW],59,16.069,14.96,0,55,235.328,197,44,58.899,680.256
20250717B03,システム約定結果,（内訳）自エリアからの落札量[MW],59,16.069,1.96,0,35,175.408,197,44,15.33,543.767
20250717B03,追加調達結果,募集量（TSO別）[MW],-,-,-,-,-,-,-,-,-,-
20250717B03,追加調達結果,応札量合計（電源属地別）[MW],0,0,0,0,0,0,0,0,0,0
20250717B03,追加調達結果,約定量合計（電源属地別）[MW],0,0,0,0,0,0,0,0,0,0
20250717B03,追加調達結果,応札件数（電源属地別）[件],0,0,0,0,0,0,0,0,0,0
20250717B03,追加調達結果,約定件数（電源属地別）[件],0,0,0,0,0,0,0,0,0,0
20250717B03,追加調達結果,最高約定価格（電源属地別）[円/kW・30分],0,0,0,0,0,0,0,0,0,0
20250717B03,追加調達結果,最低約定価格（電源属地別）[円/kW・30分],0,0,0,0,0,0,0,0,0,0
20250717B03,追加調達結果,平均約定価格（電源属地別）[円/kW・30分],0,0,0,0,0,0,0,0,0,0
20250717B03,追加調達結果,最高約定価格（TSO別）[円/kW・30分],0,0,0,0,0,0,0,0,0,0
20250717B03,追加調達結果,最低約定価格（TSO別）[円/kW・30分],0,0,0,0,0,0,0,0,0,0
20250717B03,追加調達結果,平均約定価格（TSO別）[円/kW・30分],0,0,0,0,0,0,0,0,0,0
20250717B03,追加調達結果,約定量合計（TSO別）[MW],0,0,0,0,0,0,0,0,0,0
20250717B03,追加調達結果,（内訳）自エリアからの約定量[MW],0,0,0,0,0,0,0,0,0,0
20250717B03,合計（確報値）,募集量（TSO別）[MW],59,151,571,0,70,388,197,44,240,1720
20250717B03,合計（確報値）,応札量合計（電源属地別）[MW],108.8,29.069,1.96,1.92,35,195.408,240.569,102,15.33,730.056
20250717B03,合計（確報値）,約定量合計（電源属地別）[MW],59,29.069,1.96,1.92,35,195.408,142.245,68,15.33,547.932
20250717B03,合計（確報値）,応札件数（電源属地別）[件],3,2,1,1,1,6,6,4,5,29
20250717B03,合計（確報値）,約定件数（電源属地別）[件],1,2,1,1,1,6,5,3,5,25
20250717B03,合計（確報値）,最高約定価格（電源属地別）[円/kW・30分],2.29,16.47,19.51,19.51,1.57,9.53,19.51,5.5,19.51,19.51
20250717B03,合計（確報値）,最低約定価格（電源属地別）[円/kW・30分],2.29,4.84,19.51,19.51,1.57,0.36,0.74,0.85,0.37,0.36
20250717B03,合計（確報値）,平均約定価格（電源属地別）[円/kW・30分],2.29,8.47,19.51,19.51,1.57,2.98,2.7,4.55,7.06,3.46
20250717B03,合計（確報値）,最高約定価格（TSO別）[円/kW・30分],2.29,16.47,19.51,0,1.57,19.51,2.98,5.5,19.51,19.51
20250717B03,合計（確報値）,最低約定価格（TSO別）[円/kW・30分],2.29,4.84,4.84,0,1.23,0.36,0.74,4.92,0.37,0.36
20250717B03,合計（確報値）,平均約定価格（TSO別）[円/kW・30分],2.29,11.4,6.76,0,1.45,3.52,2.49,5.3,8.37,3.46
20250717B03,合計（確報値）,約定量合計（TSO別）[MW],59,16.069,14.96,0,55,222.328,140.445,23,17.13,547.932
20250717B03,合計（確報値）,（内訳）自エリアからの約定量[MW],59,16.069,1.96,0,35,175.408,140.445,23,15.33,466.212
20250717B04,システム約定結果,募集量（TSO別）[MW],103,197,628,25,97,421,209,66,259,2005
20250717B04,システム約定結果,応札量合計（電源属地別）[MW],29.59,29.069,11.488,1.92,60,197.258,240.569,128,26.567,724.461
20250717B04,システム約定結果,落札量合計（電源属地別）[MW],29.59,29.069,11.488,1.92,60,197.258,240.569,95.742,26.567,692.203
20250717B04,システム約定結果,応札件数（電源属地別）[件],4,2,9,1,2,7,6,5,10,46
20250717B04,システム約定結果,落札件数（電源属地別）[件],4,2,9,1,2,7,6,5,10,46
20250717B04,システム約定結果,最高落札価格（電源属地別）[円/kW・30分],19.51,16.47,19.5,19.51,4.22,18.56,19.51,5.54,19.51,19.51
20250717B04,システム約定結果,最低落札価格（電源属地別）[円/kW・30分],1.32,5.69,0.36,19.51,4.04,1.03,2.39,0.69,0.36,0.36
20250717B04,システム約定結果,平均落札価格（電源属地別）[円/kW・30分],13.27,9.05,13.64,19.51,4.15,4.31,4.94,2.78,10.25,5.31
20250717B04,システム約定結果,最高落札価格（TSO別）[円/kW・30分],19.51,16.47,19.5,19.51,4.22,18.56,19.51,4.75,19.51,19.51
20250717B04,システム約定結果,最低落札価格（TSO別）[円/kW・30分],1.32,5.69,0.36,19.51,4.04,1.03,2.39,0.69,0.36,0.36
20250717B04,システム約定結果,平均落札価格（TSO別）[円/kW・30分],13.27,9.05,13.64,19.51,4.15,4.49,4.84,2.73,10.25,5.31
20250717B04,システム約定結果,落札量合計（TSO別）[MW],29.59,29.069,11.488,1.92,60,364.769,97.8,71,26.567,692.203
20250717B04,システム約定結果,（内訳）自エリアからの落札量[MW],29.59,29.069,11.488,1.92,60,197.258,97.8,71,26.567,524.692
20250717B04,追加調達結果,募集量（TSO別）[MW],-,-,-,-,-,-,-,-,-,-
20250717B04,追加調達結果,応札量合計（電源属地別）[MW],0,0,0,0,0,0,0,0,0,0
20250717B04,追加調達結果,約定量合計（電源属地別）[MW],0,0,0,0,0,0,0,0,0,0
20250717B04,追加調達結果,応札件数（電源属地別）[件],0,0,0,0,0,0,0,0,0,0
20250717B04,追加調達結果,約定件数（電源属地別）[件],0,0,0,0,0,0,0,0,0,0
20250717B04,追加調達結果,最高約定価格（電源属地別）[円/kW・30分],0,0,0,0,0,0,0,0,0,0
20250717B04,追加調達結果,最低約定価格（電源属地別）[円/kW・30分],0,0,0,0,0,0,0,0,0,0
20250717B04,追加調達結果,平均約定価格（電源属地別）[円/kW・30分],0,0,0,0,0,0,0,0,0,0
20250717B04,追加調達結果,最高約定価格（TSO別）[円/kW・30分],0,0,0,0,0,0,0,0,0,0
20250717B04,追加調達結果,最低約定価格（TSO別）[円/kW・30分],0,0,0,0,0,0,0,0,0,0
20250717B04,追加調達結果,平均約定価格（TSO別）[円/kW・30分],0,0,0,0,0,0,0,0,0,0
20250717B04,追加調達結果,約定量合計（TSO別）[MW],0,0,0,0,0,0,0,0,0,0
20250717B04,追加調達結果,（内訳）自エリアからの約定量[MW],0,0,0,0,0,0,0,0,0,0
20250717B04,合計（確報値）,募集量（TSO別）[MW],103,197,628,25,97,421,209,66,259,2005
20250717B04,合計（確報値）,応札量合計（電源属地別）[MW],29.59,29.069,11.488,1.92,60,197.258,240.569,128,33.567,731.461
20250717B04,合計（確報値）,約定量合計（電源属地別）[MW],29.59,29.069,11.488,1.92,60,197.258,240.569,61.742,26.567,658.203
20250717B04,合計（確報値）,応札件数（電源属地別）[件],4,2,9,1,2,7,6,5,11,47
20250717B04,合計（確報値）,約定件数（電源属地別）[件],4,2,9,1,2,7,6,4,10,45
20250717B04,合計（確報値）,最高約定価格（電源属地別）[円/kW・30分],19.51,16.47,19.5,19.51,4.22,18.56,19.51,5.54,19.51,19.51
20250717B04,合計（確報値）,最低約定価格（電源属地別）[円/kW・30分],1.32,5.69,0.36,19.51,4.04,1.03,2.39,0.69,0.36,0.36
20250717B04,合計（確報値）,平均約定価格（電源属地別）[円/kW・30分],13.27,9.05,13.64,19.51,4.15,4.31,4.94,3.16,10.25,5.48
20250717B04,合計（確報値）,最高約定価格（TSO別）[円/kW・30分],19.51,16.47,19.5,19.51,4.22,18.56,19.51,4.75,19.51,19.51
20250717B04,合計（確報値）,最低約定価格（TSO別）[円/kW・30分],1.32,5.69,0.36,19.51,4.04,1.03,2.39,0.69,0.36,0.36
20250717B04,合計（確報値）,平均約定価格（TSO別）[円/kW・30分],13.27,9.05,13.64,19.51,4.15,4.56,4.84,3.02,10.25,5.48
20250717B04,合計（確報値）,約定量合計（TSO別）[MW],29.59,29.069,11.488,1.92,60,353.769,97.8,48,26.567,658.203
20250717B04,合計（確報値）,（内訳）自エリアからの約定量[MW],29.59,29.069,11.488,1.92,60,197.258,97.8,48,26.567,501.692
20250717B05,システム約定結果,募集量（TSO別）[MW],97,191,628,17,96,382,185,77,262,1935
20250717B05,システム約定結果,応札量合計（電源属地別）[MW],61.79,29.069,4.968,1.92,60,197.258,240.569,133,8.924,737.498
20250717B05,システム約定結果,落札量合計（電源属地別）[MW],61.79,29.069,4.968,1.92,60,197.258,240.569,106.032,8.924,710.53
20250717B05,システム約定結果,応札件数（電源属地別）[件],4,2,4,1,2,7,6,5,3,34
20250717B05,システム約定結果,落札件数（電源属地別）[件],4,2,4,1,2,7,6,4,3,33
20250717B05,システム約定結果,最高落札価格（電源属地別）[円/kW・30分],19.51,16.47,19.5,19.51,6.09,18.56,19.51,5.23,19.5,19.51
20250717B05,システム約定結果,最低落札価格（電源属地別）[円/kW・30分],2.68,4.72,19.5,19.51,5.91,1.67,2.28,1.1,0.61,0.61
20250717B05,システム約定結果,平均落札価格（電源属地別）[円/kW・30分],16.66,8.39,19.5,19.51,6.02,4.81,4.83,2.56,6.46,5.92
20250717B05,システム約定結果,最高落札価格（TSO別）[円/kW・30分],19.51,16.47,19.5,19.51,6.09,18.56,19.51,5.23,19.5,19.51
20250717B05,システム約定結果,最低落札価格（TSO別）[円/kW・30分],2.68,4.72,19.5,19.51,4.15,1.67,2.28,1.1,0.61,0.61
20250717B05,システム約定結果,平均落札価格（TSO別）[円/kW・30分],16.66,8.39,19.5,19.51,5.76,4.88,4.71,1.55,6.46,5.92
20250717B05,システム約定結果,落札量合計（TSO別）[MW],61.79,29.069,4.968,1.92,85,303.025,138.834,77,8.924,710.53
20250717B05,システム約定結果,（内訳）自エリアからの落札量[MW],61.79,29.069,4.968,1.92,60,196.258,138.834,77,8.924,578.763
20250717B05,追加調達結果,募集量（TSO別）[MW],-,-,-,-,-,-,-,-,-,-
20250717B05,追加調達結果,応札量合計（電源属地別）[MW],0,0,0,0,0,0,0,0,0,0
20250717B05,追加調達結果,約定量合計（電源属地別）[MW],0,0,0,0,0,0,0,0,0,0
20250717B05,追加調達結果,応札件数（電源属地別）[件],0,0,0,0,0,0,0,0,0,0
20250717B05,追加調達結果,約定件数（電源属地別）[件],0,0,0,0,0,0,0,0,0,0
20250717B05,追加調達結果,最高約定価格（電源属地別）[円/kW・30分],0,0,0,0,0,0,0,0,0,0
20250717B05,追加調達結果,最低約定価格（電源属地別）[円/kW・30分],0,0,0,0,0,0,0,0,0,0
20250717B05,追加調達結果,平均約定価格（電源属地別）[円/kW・30分],0,0,0,0,0,0,0,0,0,0
20250717B05,追加調達結果,最高約定価格（TSO別）[円/kW・30分],0,0,0,0,0,0,0,0,0,0
20250717B05,追加調達結果,最低約定価格（TSO別）[円/kW・30分],0,0,0,0,0,0,0,0,0,0
20250717B05,追加調達結果,平均約定価格（TSO別）[円/kW・30分],0,0,0,0,0,0,0,0,0,0
20250717B05,追加調達結果,約定量合計（TSO別）[MW],0,0,0,0,0,0,0,0,0,0
20250717B05,追加調達結果,（内訳）自エリアからの約定量[MW],0,0,0,0,0,0,0,0,0,0
20250717B05,合計（確報値）,募集量（TSO別）[MW],97,191,628,17,96,382,185,77,262,1935
20250717B05,合計（確報値）,応札量合計（電源属地別）[MW],61.79,29.069,4.968,1.92,95,197.258,240.569,133,8.924,772.498
20250717B05,合計（確報値）,約定量合計（電源属地別）[MW],61.79,29.069,4.968,1.92,60,197.258,240.569,72.032,8.924,676.53
20250717B05,合計（確報値）,応札件数（電源属地別）[件],4,2,4,1,4,7,6,5,3,36
20250717B05,合計（確報値）,約定件数（電源属地別）[件],4,2,4,1,3,7,6,3,3,33
20250717B05,合計（確報値）,最高約定価格（電源属地別）[円/kW・30分],19.51,16.47,19.5,19.51,5.91,18.56,19.51,5.23,19.5,19.51
20250717B05,合計（確報値）,最低約定価格（電源属地別）[円/kW・30分],2.68,4.72,19.5,19.51,3.58,1.67,2.28,1.1,0.61,0.61
20250717B05,合計（確報値）,平均約定価格（電源属地別）[円/kW・30分],16.66,8.39,19.5,19.51,4.55,4.81,4.83,2.96,6.46,6
20250717B05,合計（確報値）,最高約定価格（TSO別）[円/kW・30分],19.51,16.47,19.5,19.51,5.91,18.56,19.51,5.23,19.5,19.51
20250717B05,合計（確報値）,最低約定価格（TSO別）[円/kW・30分],2.68,4.72,19.5,19.51,3.58,1.67,2.28,1.1,0.61,0.61
20250717B05,合計（確報値）,平均約定価格（TSO別）[円/kW・30分],16.66,8.39,19.5,19.51,4.73,4.88,4.71,1.42,6.46,6
20250717B05,合計（確報値）,約定量合計（TSO別）[MW],61.79,29.069,4.968,1.92,85,303.025,138.834,43,8.924,676.53
20250717B05,合計（確報値）,（内訳）自エリアからの約定量[MW],61.79,29.069,4.968,1.92,60,196.258,138.834,43,8.924,544.763
20250717B06,システム約定結果,募集量（TSO別）[MW],92,191,632,82,103,382,248,64,259,2053
20250717B06,システム約定結果,応札量合計（電源属地別）[MW],190.79,41.069,7.968,25.968,35,197.258,297.757,102,22.567,920.377
20250717B06,システム約定結果,落札量合計（電源属地別）[MW],140.5,41.069,7.968,25.968,35,197.258,297.757,102,22.567,870.087
20250717B06,システム約定結果,応札件数（電源属地別）[件],4,3,7,3,1,7,10,4,9,48
20250717B06,システム約定結果,落札件数（電源属地別）[件],2,3,7,3,1,7,10,4,9,46
20250717B06,システム約定結果,最高落札価格（電源属地別）[円/kW・30分],19.51,16.47,19.5,19.51,11.29,18.56,19.51,10.64,19.51,19.51
20250717B06,システム約定結果,最低落札価格（電源属地別）[円/kW・30分],0.36,2.23,19.5,6.45,11.29,5.11,4.62,4.78,5.19,0.36
20250717B06,システム約定結果,平均落札価格（電源属地別）[円/kW・30分],0.56,5.45,19.5,7.63,11.29,7.37,6.85,7.1,13.29,6.4
20250717B06,システム約定結果,最高落札価格（TSO別）[円/kW・30分],19.51,16.47,19.5,19.51,11.29,19.51,7.49,10.64,19.51,19.51
20250717B06,システム約定結果,最低落札価格（TSO別）[円/kW・30分],0.36,2.23,19.5,19.51,11.29,4.78,4.62,6.57,5.19,0.36
20250717B06,システム約定結果,平均落札価格（TSO別）[円/kW・30分],0.56,5.45,19.5,19.51,11.29,7.1,6.66,8.61,13.29,6.4
20250717B06,システム約定結果,落札量合計（TSO別）[MW],140.5,41.069,7.968,1.92,35,320.063,248,53,22.567,870.087
20250717B06,システム約定結果,（内訳）自エリアからの落札量[MW],140.5,41.069,7.968,1.92,35,197.258,248,53,22.567,747.282
20250717B06,追加調達結果,募集量（TSO別）[MW],-,-,-,-,-,-,-,-,-,-
20250717B06,追加調達結果,応札量合計（電源属地別）[MW],0,0,0,0,0,0,0,0,0,0
20250717B06,追加調達結果,約定量合計（電源属地別）[MW],0,0,0,0,0,0,0,0,0,0
20250717B06,追加調達結果,応札件数（電源属地別）[件],0,0,0,0,0,0,0,0,0,0
20250717B06,追加調達結果,約定件数（電源属地別）[件],0,0,0,0,0,0,0,0,0,0
20250717B06,追加調達結果,最高約定価格（電源属地別）[円/kW・30分],0,0,0,0,0,0,0,0,0,0
20250717B06,追加調達結果,最低約定価格（電源属地別）[円/kW・30分],0,0,0,0,0,0,0,0,0,0
20250717B06,追加調達結果,平均約定価格（電源属地別）[円/kW・30分],0,0,0,0,0,0,0,0,0,0
20250717B06,追加調達結果,最高約定価格（TSO別）[円/kW・30分],0,0,0,0,0,0,0,0,0,0
20250717B06,追加調達結果,最低約定価格（TSO別）[円/kW・30分],0,0,0,0,0,0,0,0,0,0
20250717B06,追加調達結果,平均約定価格（TSO別）[円/kW・30分],0,0,0,0,0,0,0,0,0,0
20250717B06,追加調達結果,約定量合計（TSO別）[MW],0,0,0,0,0,0,0,0,0,0
20250717B06,追加調達結果,（内訳）自エリアからの約定量[MW],0,0,0,0,0,0,0,0,0,0
20250717B06,合計（確報値）,募集量（TSO別）[MW],92,191,632,82,103,382,248,64,259,2053
20250717B06,合計（確報値）,応札量合計（電源属地別）[MW],190.79,41.069,7.968,25.968,70,197.258,326.351,102,22.567,983.971
20250717B06,合計（確報値）,約定量合計（電源属地別）[MW],140.5,41.069,7.968,25.968,35,197.258,228.027,68,22.567,766.357
20250717B06,合計（確報値）,応札件数（電源属地別）[件],4,3,7,3,2,7,12,4,9,51
20250717B06,合計（確報値）,約定件数（電源属地別）[件],2,3,7,3,1,7,11,3,9,46
20250717B06,合計（確報値）,最高約定価格（電源属地別）[円/kW・30分],19.51,16.47,19.5,19.51,6.75,18.56,19.51,10.64,19.51,19.51
20250717B06,合計（確報値）,最低約定価格（電源属地別）[円/kW・30分],0.36,2.23,19.5,6.45,6.75,5.11,0.36,4.78,5.19,0.36
20250717B06,合計（確報値）,平均約定価格（電源属地別）[円/kW・30分],0.56,5.45,19.5,7.63,6.75,7.37,5.88,7.05,13.29,5.83
20250717B06,合計（確報値）,最高約定価格（TSO別）[円/kW・30分],19.51,16.47,19.5,19.51,6.75,19.51,7.38,10.64,19.51,19.51
20250717B06,合計（確報値）,最低約定価格（TSO別）[円/kW・30分],0.36,2.23,19.5,19.51,6.75,4.78,0.36,6.57,5.19,0.36
20250717B06,合計（確報値）,平均約定価格（TSO別）[円/kW・30分],0.56,5.45,19.5,19.51,6.75,7.1,5.33,9.69,13.29,5.83
20250717B06,合計（確報値）,約定量合計（TSO別）[MW],140.5,41.069,7.968,1.92,35,309.063,178.27,30,22.567,766.357
20250717B06,合計（確報値）,（内訳）自エリアからの約定量[MW],140.5,41.069,7.968,1.92,35,197.258,178.27,30,22.567,654.552
20250717B07,システム約定結果,募集量（TSO別）[MW],91,161,629,50,102,371,244,52,242,1942
20250717B07,システム約定結果,応札量合計（電源属地別）[MW],135.5,41.069,4.968,26.016,35,197.258,323.211,68,175.815,1006.837
20250717B07,システム約定結果,落札量合計（電源属地別）[MW],134,41.069,4.968,26.016,35,197.258,323.211,68,175.815,1005.337
20250717B07,システム約定結果,応札件数（電源属地別）[件],2,3,4,3,1,7,12,3,10,45
20250717B07,システム約定結果,落札件数（電源属地別）[件],1,3,4,3,1,7,12,3,10,44
20250717B07,システム約定結果,最高落札価格（電源属地別）[円/kW・30分],0.37,16.47,19.5,19.51,9.79,18.56,19.51,10.99,19.51,19.51
20250717B07,システム約定結果,最低落札価格（電源属地別）[円/kW・30分],0.37,2.52,19.5,6.41,9.79,4.99,4.41,4.78,6.7,0.37
20250717B07,システム約定結果,平均落札価格（電源属地別）[円/kW・30分],0.37,6.34,19.5,7.91,9.79,7.29,6.47,7.23,8.73,6.48
20250717B07,システム約定結果,最高落札価格（TSO別）[円/kW・30分],0.37,16.47,19.5,19.51,10.99,18.56,19.51,10.99,19.51,19.51
20250717B07,システム約定結果,最低落札価格（TSO別）[円/kW・30分],0.37,2.52,19.5,19.51,4.78,4.54,4.41,4.78,6.7,0.37
20250717B07,システム約定結果,平均落札価格（TSO別）[円/kW・30分],0.37,6.34,19.5,19.51,7.71,7.26,6.12,7.93,8.73,6.48
20250717B07,システム約定結果,落札量合計（TSO別）[MW],134,41.069,4.968,1.92,89,303.025,210.54,45,175.815,1005.337
20250717B07,システム約定結果,（内訳）自エリアからの落札量[MW],134,41.069,4.968,1.92,35,187.258,210.54,45,175.815,835.57
20250717B07,追加調達結果,募集量（TSO別）[MW],-,-,-,-,-,-,-,-,-,-
20250717B07,追加調達結果,応札量合計（電源属地別）[MW],0,0,0,0,0,0,0,0,0,0
20250717B07,追加調達結果,約定量合計（電源属地別）[MW],0,0,0,0,0,0,0,0,0,0
20250717B07,追加調達結果,応札件数（電源属地別）[件],0,0,0,0,0,0,0,0,0,0
20250717B07,追加調達結果,約定件数（電源属地別）[件],0,0,0,0,0,0,0,0,0,0
20250717B07,追加調達結果,最高約定価格（電源属地別）[円/kW・30分],0,0,0,0,0,0,0,0,0,0
20250717B07,追加調達結果,最低約定価格（電源属地別）[円/kW・30分],0,0,0,0,0,0,0,0,0,0
20250717B07,追加調達結果,平均約定価格（電源属地別）[円/kW・30分],0,0,0,0,0,0,0,0,0,0
20250717B07,追加調達結果,最高約定価格（TSO別）[円/kW・30分],0,0,0,0,0,0,0,0,0,0
20250717B07,追加調達結果,最低約定価格（TSO別）[円/kW・30分],0,0,0,0,0,0,0,0,0,0
20250717B07,追加調達結果,平均約定価格（TSO別）[円/kW・30分],0,0,0,0,0,0,0,0,0,0
20250717B07,追加調達結果,約定量合計（TSO別）[MW],0,0,0,0,0,0,0,0,0,0
20250717B07,追加調達結果,（内訳）自エリアからの約定量[MW],0,0,0,0,0,0,0,0,0,0
20250717B07,合計（確報値）,募集量（TSO別）[MW],91,161,629,50,102,371,244,52,242,1942
20250717B07,合計（確報値）,応札量合計（電源属地別）[MW],135.5,41.069,4.968,26.016,35,197.258,339.078,68,208.815,1055.704
20250717B07,合計（確報値）,約定量合計（電源属地別）[MW],134,41.069,4.968,26.016,35,197.258,240.754,68,175.815,922.88
20250717B07,合計（確報値）,応札件数（電源属地別）[件],2,3,4,3,1,7,13,3,12,48
20250717B07,合計（確報値）,約定件数（電源属地別）[件],1,3,4,3,1,7,12,3,11,45
20250717B07,合計（確報値）,最高約定価格（電源属地別）[円/kW・30分],0.37,16.47,19.5,19.51,9.79,18.56,19.51,10.99,19.51,19.51
20250717B07,合計（確報値）,最低約定価格（電源属地別）[円/kW・30分],0.37,2.52,19.5,6.41,9.79,4.99,1.94,4.78,3.28,0.37
20250717B07,合計（確報値）,平均約定価格（電源属地別）[円/kW・30分],0.37,6.34,19.5,7.91,9.79,7.29,5.84,7.23,7.59,6.09
20250717B07,合計（確報値）,最高約定価格（TSO別）[円/kW・30分],0.37,16.47,19.5,19.51,10.99,18.56,19.51,10.99,19.51,19.51
20250717B07,合計（確報値）,最低約定価格（TSO別）[円/kW・30分],0.37,2.52,19.5,19.51,4.78,1.94,4.41,4.78,3.28,0.37
20250717B07,合計（確報値）,平均約定価格（TSO別）[円/kW・30分],0.37,6.34,19.5,19.51,7.71,6.93,5.85,7.93,7.59,6.09
20250717B07,合計（確報値）,約定量合計（TSO別）[MW],134,41.069,4.968,1.92,89,260.302,170.806,45,175.815,922.88
20250717B07,合計（確報値）,（内訳）自エリアからの約定量[MW],134,41.069,4.968,1.92,35,187.258,170.806,45,175.815,795.836
20250717B08,システム約定結果,募集量（TSO別）[MW],98,105,601,0,92,345,194,56,235,1726
20250717B08,システム約定結果,応札量合計（電源属地別）[MW],195.79,20,18.499,26.016,35,194.766,297.757,68,115.33,971.158
20250717B08,システム約定結果,落札量合計（電源属地別）[MW],146.8,20,18.499,26.016,35,194.766,297.757,68,115.33,922.168
20250717B08,システム約定結果,応札件数（電源属地別）[件],4,1,1,3,1,6,10,3,8,37
20250717B08,システム約定結果,落札件数（電源属地別）[件],3,1,1,3,1,6,10,3,8,36
20250717B08,システム約定結果,最高落札価格（電源属地別）[円/kW・30分],19.51,3.26,3.05,19.51,4.57,9.53,19.51,7.41,19.51,19.51
20250717B08,システム約定結果,最低落札価格（電源属地別）[円/kW・30分],1.17,3.26,3.05,3.45,4.57,1.47,1.56,3.34,2.4,1.17
20250717B08,システム約定結果,平均落札価格（電源属地別）[円/kW・30分],1.52,3.26,3.05,4.85,4.57,4.5,3.81,5.52,5.4,3.94
20250717B08,システム約定結果,最高落札価格（TSO別）[円/kW・30分],19.51,0,3.26,0,4.57,19.51,4.42,7.41,19.51,19.51
20250717B08,システム約定結果,最低落札価格（TSO別）[円/kW・30分],1.17,0,3.05,0,3.91,1.47,1.56,3.34,2.4,1.17
20250717B08,システム約定結果,平均落札価格（TSO別）[円/kW・30分],1.52,0,3.16,0,4.45,4.59,3.42,5.64,5.22,3.94
20250717B08,システム約定結果,落札量合計（TSO別）[MW],146.8,0,38.499,0,61,287.868,194,56,138.001,922.168
20250717B08,システム約定結果,（内訳）自エリアからの落札量[MW],146.8,0,18.499,0,35,194.766,194,56,115.33,760.395
20250717B08,追加調達結果,募集量（TSO別）[MW],-,-,-,-,-,-,-,-,-,-
20250717B08,追加調達結果,応札量合計（電源属地別）[MW],0,0,0,0,0,0,0,0,0,0
20250717B08,追加調達結果,約定量合計（電源属地別）[MW],0,0,0,0,0,0,0,0,0,0
20250717B08,追加調達結果,応札件数（電源属地別）[件],0,0,0,0,0,0,0,0,0,0
20250717B08,追加調達結果,約定件数（電源属地別）[件],0,0,0,0,0,0,0,0,0,0
20250717B08,追加調達結果,最高約定価格（電源属地別）[円/kW・30分],0,0,0,0,0,0,0,0,0,0
20250717B08,追加調達結果,最低約定価格（電源属地別）[円/kW・30分],0,0,0,0,0,0,0,0,0,0
20250717B08,追加調達結果,平均約定価格（電源属地別）[円/kW・30分],0,0,0,0,0,0,0,0,0,0
20250717B08,追加調達結果,最高約定価格（TSO別）[円/kW・30分],0,0,0,0,0,0,0,0,0,0
20250717B08,追加調達結果,最低約定価格（TSO別）[円/kW・30分],0,0,0,0,0,0,0,0,0,0
20250717B08,追加調達結果,平均約定価格（TSO別）[円/kW・30分],0,0,0,0,0,0,0,0,0,0
20250717B08,追加調達結果,約定量合計（TSO別）[MW],0,0,0,0,0,0,0,0,0,0
20250717B08,追加調達結果,（内訳）自エリアからの約定量[MW],0,0,0,0,0,0,0,0,0,0
20250717B08,合計（確報値）,募集量（TSO別）[MW],98,105,601,0,92,345,194,56,235,1726
20250717B08,合計（確報値）,応札量合計（電源属地別）[MW],195.79,20,18.499,26.016,35,194.766,297.757,68,148.33,1004.158
20250717B08,合計（確報値）,約定量合計（電源属地別）[MW],146.8,20,18.499,26.016,35,194.766,297.757,68,115.33,922.168
20250717B08,合計（確報値）,応札件数（電源属地別）[件],4,1,1,3,1,6,10,3,9,38
20250717B08,合計（確報値）,約定件数（電源属地別）[件],3,1,1,3,1,6,10,3,8,36
20250717B08,合計（確報値）,最高約定価格（電源属地別）[円/kW・30分],19.51,3.26,3.05,19.51,4.57,9.53,19.51,7.41,19.51,19.51
20250717B08,合計（確報値）,最低約定価格（電源属地別）[円/kW・30分],1.17,3.26,3.05,3.45,4.57,1.47,1.56,3.34,1.23,1.17
20250717B08,合計（確報値）,平均約定価格（電源属地別）[円/kW・30分],1.52,3.26,3.05,4.85,4.57,4.5,3.81,5.52,4.29,3.81
20250717B08,合計（確報値）,最高約定価格（TSO別）[円/kW・30分],19.51,0,3.26,0,4.57,19.51,4.42,7.41,19.51,19.51
20250717B08,合計（確報値）,最低約定価格（TSO別）[円/kW・30分],1.17,0,3.05,0,3.91,1.47,1.56,3.34,1.23,1.17
20250717B08,合計（確報値）,平均約定価格（TSO別）[円/kW・30分],1.52,0,3.16,0,4.45,4.59,3.42,5.64,4.3,3.81
20250717B08,合計（確報値）,約定量合計（TSO別）[MW],146.8,0,38.499,0,61,287.868,194,56,138.001,922.168
20250717B08,合計（確報値）,（内訳）自エリアからの約定量[MW],146.8,0,18.499,0,35,194.766,194,56,115.33,760.395
20250718B01,システム約定結果,募集量（TSO別）[MW],85,63,523,0,54,341,221,46,180,1513
20250718B01,システム約定結果,応札量合計（電源属地別）[MW],108.29,41.069,1.96,50.113,35,148.009,238.769,68,82.33,773.54
20250718B01,システム約定結果,落札量合計（電源属地別）[MW],87,41.069,1.96,50.113,35,148.009,238.769,68,82.33,752.25
20250718B01,システム約定結果,応札件数（電源属地別）[件],4,3,1,5,1,5,5,3,7,34
20250718B01,システム約定結果,落札件数（電源属地別）[件],1,3,1,5,1,5,5,3,7,31
20250718B01,システム約定結果,最高落札価格（電源属地別）[円/kW・30分],2.57,16.47,19.51,19.51,1.82,6.97,2.28,5.63,19.51,19.51
20250718B01,システム約定結果,最低落札価格（電源属地別）[円/kW・30分],2.57,2.97,19.51,3.5,1.82,0.36,0.36,1.56,0.43,0.36
20250718B01,システム約定結果,平均落札価格（電源属地別）[円/kW・30分],2.57,6.76,19.51,4.28,1.82,1.24,2,4.82,3.13,2.74
20250718B01,システム約定結果,最高落札価格（TSO別）[円/kW・30分],2.57,16.47,19.51,0,1.82,19.51,2.28,5.63,19.51,19.51
20250718B01,システム約定結果,最低落札価格（TSO別）[円/kW・30分],2.57,2.97,19.51,0,1.82,0.36,0.36,1.56,0.43,0.36
20250718B01,システム約定結果,平均落札価格（TSO別）[円/kW・30分],2.57,6.76,19.51,0,1.82,2.34,1.97,4.57,2.98,2.74
20250718B01,システム約定結果,落札量合計（TSO別）[MW],87,41.069,1.96,0,35,220.122,221,46,100.099,752.25
20250718B01,システム約定結果,（内訳）自エリアからの落札量[MW],87,41.069,1.96,0,35,148.009,221,46,82.33,662.368
20250718B01,追加調達結果,募集量（TSO別）[MW],-,-,-,-,-,-,-,-,-,-
20250718B01,追加調達結果,応札量合計（電源属地別）[MW],0,0,0,0,0,0,0,0,0,0
20250718B01,追加調達結果,約定量合計（電源属地別）[MW],0,0,0,0,0,0,0,0,0,0
20250718B01,追加調達結果,応札件数（電源属地別）[件],0,0,0,0,0,0,0,0,0,0
20250718B01,追加調達結果,約定件数（電源属地別）[件],0,0,0,0,0,0,0,0,0,0
20250718B01,追加調達結果,最高約定価格（電源属地別）[円/kW・30分],0,0,0,0,0,0,0,0,0,0
20250718B01,追加調達結果,最低約定価格（電源属地別）[円/kW・30分],0,0,0,0,0,0,0,0,0,0
20250718B01,追加調達結果,平均約定価格（電源属地別）[円/kW・30分],0,0,0,0,0,0,0,0,0,0
20250718B01,追加調達結果,最高約定価格（TSO別）[円/kW・30分],0,0,0,0,0,0,0,0,0,0
20250718B01,追加調達結果,最低約定価格（TSO別）[円/kW・30分],0,0,0,0,0,0,0,0,0,0
20250718B01,追加調達結果,平均約定価格（TSO別）[円/kW・30分],0,0,0,0,0,0,0,0,0,0
20250718B01,追加調達結果,約定量合計（TSO別）[MW],0,0,0,0,0,0,0,0,0,0
20250718B01,追加調達結果,（内訳）自エリアからの約定量[MW],0,0,0,0,0,0,0,0,0,0
20250718B01,合計（確報値）,募集量（TSO別）[MW],85,63,523,0,54,341,221,46,180,1513
20250718B01,合計（確報値）,応札量合計（電源属地別）[MW],108.29,41.069,1.96,74.209,35,148.009,238.769,68,82.33,797.636
20250718B01,合計（確報値）,約定量合計（電源属地別）[MW],87,41.069,1.96,50.113,35,148.009,238.769,68,82.33,752.25
20250718B01,合計（確報値）,応札件数（電源属地別）[件],4,3,1,7,1,5,5,3,7,36
20250718B01,合計（確報値）,約定件数（電源属地別）[件],1,3,1,5,1,5,5,3,7,31
20250718B01,合計（確報値）,最高約定価格（電源属地別）[円/kW・30分],2.57,16.47,19.51,19.51,1.82,6.97,2.28,5.63,19.51,19.51
20250718B01,合計（確報値）,最低約定価格（電源属地別）[円/kW・30分],2.57,2.97,19.51,0.36,1.82,0.36,0.36,1.56,0.43,0.36
20250718B01,合計（確報値）,平均約定価格（電源属地別）[円/kW・30分],2.57,6.76,19.51,2.66,1.82,1.24,2,4.82,3.13,2.64
20250718B01,合計（確報値）,最高約定価格（TSO別）[円/kW・30分],2.57,16.47,19.51,0,1.82,19.51,2.28,5.63,19.51,19.51
20250718B01,合計（確報値）,最低約定価格（TSO別）[円/kW・30分],2.57,2.97,19.51,0,1.82,0.36,0.36,1.56,0.43,0.36
20250718B01,合計（確報値）,平均約定価格（TSO別）[円/kW・30分],2.57,6.76,19.51,0,1.82,1.97,1.97,4.57,2.98,2.64
20250718B01,合計（確報値）,約定量合計（TSO別）[MW],87,41.069,1.96,0,35,220.122,221,46,100.099,752.25
20250718B01,合計（確報値）,（内訳）自エリアからの約定量[MW],87,41.069,1.96,0,35,148.009,221,46,82.33,662.368
20250718B02,システム約定結果,募集量（TSO別）[MW],76,83,471,0,68,340,219,47,206,1510
20250718B02,システム約定結果,応札量合計（電源属地別）[MW],130.49,41.069,20.459,130.053,35,194.766,236.361,68,115.33,971.528
20250718B02,システム約定結果,落札量合計（電源属地別）[MW],127,41.069,20.459,130.053,35,194.766,236.361,68,115.33,968.038
20250718B02,システム約定結果,応札件数（電源属地別）[件],3,3,2,9,1,6,6,3,8,41
20250718B02,システム約定結果,落札件数（電源属地別）[件],1,3,2,9,1,6,6,3,8,39
20250718B02,システム約定結果,最高落札価格（電源属地別）[円/kW・30分],1.81,16.47,19.51,19.51,1.44,9.53,19.51,5.46,19.51,19.51
20250718B02,システム約定結果,最低落札価格（電源属地別）[円/kW・30分],1.81,3.11,0.52,1.59,1.44,0.36,0.36,1.39,0.36,0.36
20250718B02,システム約定結果,平均落札価格（電源属地別）[円/kW・30分],1.81,6.88,2.34,2.94,1.44,3.01,2.1,4.76,2.43,2.77
20250718B02,システム約定結果,最高落札価格（TSO別）[円/kW・30分],1.81,16.47,19.51,0,19.51,9.53,2.21,5.46,19.51,19.51
20250718B02,システム約定結果,最低落札価格（TSO別）[円/kW・30分],1.81,3.11,0.52,0,1.44,0.36,0.36,1.39,0.36,0.36
20250718B02,システム約定結果,平均落札価格（TSO別）[円/kW・30分],1.81,6.88,2.34,0,2.44,3.02,1.95,4.48,2.67,2.77
20250718B02,システム約定結果,落札量合計（TSO別）[MW],127,41.069,20.459,0,38.819,340,219,47,134.691,968.038
20250718B02,システム約定結果,（内訳）自エリアからの落札量[MW],127,41.069,20.459,0,35,194.766,219,47,115.33,799.624
20250718B02,追加調達結果,募集量（TSO別）[MW],-,-,-,-,-,-,-,-,-,-
20250718B02,追加調達結果,応札量合計（電源属地別）[MW],0,0,0,0,0,0,0,0,0,0
20250718B02,追加調達結果,約定量合計（電源属地別）[MW],0,0,0,0,0,0,0,0,0,0
20250718B02,追加調達結果,応札件数（電源属地別）[件],0,0,0,0,0,0,0,0,0,0
20250718B02,追加調達結果,約定件数（電源属地別）[件],0,0,0,0,0,0,0,0,0,0
20250718B02,追加調達結果,最高約定価格（電源属地別）[円/kW・30分],0,0,0,0,0,0,0,0,0,0
20250718B02,追加調達結果,最低約定価格（電源属地別）[円/kW・30分],0,0,0,0,0,0,0,0,0,0
20250718B02,追加調達結果,平均約定価格（電源属地別）[円/kW・30分],0,0,0,0,0,0,0,0,0,0
20250718B02,追加調達結果,最高約定価格（TSO別）[円/kW・30分],0,0,0,0,0,0,0,0,0,0
20250718B02,追加調達結果,最低約定価格（TSO別）[円/kW・30分],0,0,0,0,0,0,0,0,0,0
20250718B02,追加調達結果,平均約定価格（TSO別）[円/kW・30分],0,0,0,0,0,0,0,0,0,0
20250718B02,追加調達結果,約定量合計（TSO別）[MW],0,0,0,0,0,0,0,0,0,0
20250718B02,追加調達結果,（内訳）自エリアからの約定量[MW],0,0,0,0,0,0,0,0,0,0
20250718B02,合計（確報値）,募集量（TSO別）[MW],76,83,471,0,68,340,219,47,206,1510
20250718B02,合計（確報値）,応札量合計（電源属地別）[MW],130.49,41.069,20.459,174.041,35,194.766,240.569,68,148.33,1052.724
20250718B02,合計（確報値）,約定量合計（電源属地別）[MW],127,41.069,20.459,130.053,35,194.766,142.245,68,115.33,873.922
20250718B02,合計（確報値）,応札件数（電源属地別）[件],3,3,2,12,1,6,7,3,9,46
20250718B02,合計（確報値）,約定件数（電源属地別）[件],1,3,2,9,1,6,6,3,8,39
20250718B02,合計（確報値）,最高約定価格（電源属地別）[円/kW・30分],1.81,16.47,19.51,19.51,1.44,9.53,19.51,5.46,19.51,19.51
20250718B02,合計（確報値）,最低約定価格（電源属地別）[円/kW・30分],1.81,3.11,0.52,0.36,1.44,0.36,0.36,1.39,0.36,0.36
20250718B02,合計（確報値）,平均約定価格（電源属地別）[円/kW・30分],1.81,6.88,2.34,2.12,1.44,3.01,1.97,4.76,2.43,2.7
20250718B02,合計（確報値）,最高約定価格（TSO別）[円/kW・30分],1.81,16.47,19.51,0,19.51,9.53,2.1,5.46,19.51,19.51
20250718B02,合計（確報値）,最低約定価格（TSO別）[円/kW・30分],1.81,3.11,0.52,0,1.44,0.36,0.36,1.39,0.36,0.36
20250718B02,合計（確報値）,平均約定価格（TSO別）[円/kW・30分],1.81,6.88,2.34,0,2.44,2.7,1.75,4.48,2.74,2.7
20250718B02,合計（確報値）,約定量合計（TSO別）[MW],127,41.069,20.459,0,38.819,340,140.445,47,119.13,873.922
20250718B02,合計（確報値）,（内訳）自エリアからの約定量[MW],127,41.069,20.459,0,35,194.766,140.445,47,115.33,721.069
20250718B03,システム約定結果,募集量（TSO別）[MW],59,151,571,0,70,388,197,44,240,1720
20250718B03,システム約定結果,応札量合計（電源属地別）[MW],107.3,29.069,1.96,13.968,35,195.408,236.361,102,15.33,736.396
20250718B03,システム約定結果,落札量合計（電源属地別）[MW],59,29.069,1.96,13.968,35,195.408,236.361,102,15.33,688.096
20250718B03,システム約定結果,応札件数（電源属地別）[件],2,2,1,2,1,6,6,4,5,29
20250718B03,システム約定結果,落札件数（電源属地別）[件],1,2,1,2,1,6,6,4,5,28
20250718B03,システム約定結果,最高落札価格（電源属地別）[円/kW・30分],2.29,16.47,19.51,19.51,1.57,9.53,19.51,5.38,19.51,19.51
20250718B03,システム約定結果,最低落札価格（電源属地別）[円/kW・30分],2.29,5.18,19.51,2.69,1.57,0.36,0.48,1.32,0.37,0.36
20250718B03,システム約定結果,平均落札価格（電源属地別）[円/kW・30分],2.29,8.7,19.51,5,1.57,2.97,2.39,3.82,7.06,3.19
20250718B03,システム約定結果,最高落札価格（TSO別）[円/kW・30分],2.29,16.47,19.51,0,1.57,19.51,2.53,5.38,19.51,19.51
20250718B03,システム約定結果,最低落札価格（TSO別）[円/kW・30分],2.29,5.18,5.18,0,1.23,0.36,0.48,2,0.37,0.36
20250718B03,システム約定結果,平均落札価格（TSO別）[円/kW・30分],2.29,11.55,7.06,0,1.45,3.55,2.21,3.77,3.84,3.19
20250718B03,システム約定結果,落札量合計（TSO別）[MW],59,16.069,14.96,0,55,249.176,197,44,52.891,688.096
20250718B03,システム約定結果,（内訳）自エリアからの落札量[MW],59,16.069,1.96,0,35,175.408,197,44,15.33,543.767
20250718B03,追加調達結果,募集量（TSO別）[MW],-,-,-,-,-,-,-,-,-,-
20250718B03,追加調達結果,応札量合計（電源属地別）[MW],0,0,0,0,0,0,0,0,0,0
20250718B03,追加調達結果,約定量合計（電源属地別）[MW],0,0,0,0,0,0,0,0,0,0
20250718B03,追加調達結果,応札件数（電源属地別）[件],0,0,0,0,0,0,0,0,0,0
20250718B03,追加調達結果,約定件数（電源属地別）[件],0,0,0,0,0,0,0,0,0,0
20250718B03,追加調達結果,最高約定価格（電源属地別）[円/kW・30分],0,0,0,0,0,0,0,0,0,0
20250718B03,追加調達結果,最低約定価格（電源属地別）[円/kW・30分],0,0,0,0,0,0,0,0,0,0
20250718B03,追加調達結果,平均約定価格（電源属地別）[円/kW・30分],0,0,0,0,0,0,0,0,0,0
20250718B03,追加調達結果,最高約定価格（TSO別）[円/kW・30分],0,0,0,0,0,0,0,0,0,0
20250718B03,追加調達結果,最低約定価格（TSO別）[円/kW・30分],0,0,0,0,0,0,0,0,0,0
20250718B03,追加調達結果,平均約定価格（TSO別）[円/kW・30分],0,0,0,0,0,0,0,0,0,0
20250718B03,追加調達結果,約定量合計（TSO別）[MW],0,0,0,0,0,0,0,0,0,0
20250718B03,追加調達結果,（内訳）自エリアからの約定量[MW],0,0,0,0,0,0,0,0,0,0
20250718B03,合計（確報値）,募集量（TSO別）[MW],59,151,571,0,70,388,197,44,240,1720
20250718B03,合計（確報値）,応札量合計（電源属地別）[MW],107.3,29.069,1.96,13.968,35,195.408,240.569,102,15.33,740.604
20250718B03,合計（確報値）,約定量合計（電源属地別）[MW],59,29.069,1.96,13.968,35,195.408,142.245,68,15.33,559.98
20250718B03,合計（確報値）,応札件数（電源属地別）[件],2,2,1,2,1,6,7,4,5,30
20250718B03,合計（確報値）,約定件数（電源属地別）[件],1,2,1,2,1,6,6,3,5,27
20250718B03,合計（確報値）,最高約定価格（電源属地別）[円/kW・30分],2.29,16.47,19.51,19.51,1.57,9.53,19.51,5.38,19.51,19.51
20250718B03,合計（確報値）,最低約定価格（電源属地別）[円/kW・30分],2.29,5.18,19.51,2.69,1.57,0.36,0.36,1.32,0.37,0.36
20250718B03,合計（確報値）,平均約定価格（電源属地別）[円/kW・30分],2.29,8.7,19.51,5,1.57,2.97,2.24,4.72,7.06,3.36
20250718B03,合計（確報値）,最高約定価格（TSO別）[円/kW・30分],2.29,16.47,19.51,0,1.57,19.51,2.42,5.38,19.51,19.51
20250718B03,合計（確報値）,最低約定価格（TSO別）[円/kW・30分],2.29,5.18,5.18,0,1.23,0.36,0.36,5.38,0.37,0.36
20250718B03,合計（確報値）,平均約定価格（TSO別）[円/kW・30分],2.29,11.55,7.06,0,1.45,3.63,2.02,5.38,7.06,3.36
20250718B03,合計（確報値）,約定量合計（TSO別）[MW],59,16.069,14.96,0,55,236.176,140.441,23,15.334,559.98
20250718B03,合計（確報値）,（内訳）自エリアからの約定量[MW],59,16.069,1.96,0,35,175.408,140.441,23,15.33,466.208
20250718B04,システム約定結果,募集量（TSO別）[MW],103,197,628,25,97,421,209,66,259,2005
20250718B04,システム約定結果,応札量合計（電源属地別）[MW],28.09,29.069,11.488,13.968,60,197.258,236.361,128,26.567,730.801
20250718B04,システム約定結果,落札量合計（電源属地別）[MW],28.09,29.069,11.488,13.968,60,197.258,236.361,95.742,26.567,698.543
20250718B04,システム約定結果,応札件数（電源属地別）[件],3,2,9,2,2,7,6,5,10,46
20250718B04,システム約定結果,落札件数（電源属地別）[件],3,2,9,2,2,7,6,5,10,46
20250718B04,システム約定結果,最高落札価格（電源属地別）[円/kW・30分],19.5,16.47,19.5,19.51,4.22,18.56,19.51,5.49,19.51,19.51
20250718B04,システム約定結果,最低落札価格（電源属地別）[円/kW・30分],0.36,5.89,0.36,2,4.04,1.03,1.27,0.88,0.36,0.36
20250718B04,システム約定結果,平均落札価格（電源属地別）[円/kW・30分],12.6,9.19,13.64,4.41,4.15,4.3,3.86,2.87,10.25,4.86
20250718B04,システム約定結果,最高落札価格（TSO別）[円/kW・30分],19.5,16.47,19.5,19.51,4.22,18.56,19.51,5.49,19.51,19.51
20250718B04,システム約定結果,最低落札価格（TSO別）[円/kW・30分],0.36,5.89,0.36,19.51,4.04,1.03,4.02,0.88,0.36,0.36
20250718B04,システム約定結果,平均落札価格（TSO別）[円/kW・30分],12.6,9.19,13.64,19.51,4.15,3.91,4.36,2.45,10.25,4.86
20250718B04,システム約定結果,落札量合計（TSO別）[MW],28.09,29.069,11.488,1.92,60,372.609,97.8,71,26.567,698.543
20250718B04,システム約定結果,（内訳）自エリアからの落札量[MW],28.09,29.069,11.488,1.92,60,197.258,97.8,71,26.567,523.192
20250718B04,追加調達結果,募集量（TSO別）[MW],-,-,-,-,-,-,-,-,-,-
20250718B04,追加調達結果,応札量合計（電源属地別）[MW],0,0,0,0,0,0,0,0,0,0
20250718B04,追加調達結果,約定量合計（電源属地別）[MW],0,0,0,0,0,0,0,0,0,0
20250718B04,追加調達結果,応札件数（電源属地別）[件],0,0,0,0,0,0,0,0,0,0
20250718B04,追加調達結果,約定件数（電源属地別）[件],0,0,0,0,0,0,0,0,0,0
20250718B04,追加調達結果,最高約定価格（電源属地別）[円/kW・30分],0,0,0,0,0,0,0,0,0,0
20250718B04,追加調達結果,最低約定価格（電源属地別）[円/kW・30分],0,0,0,0,0,0,0,0,0,0
20250718B04,追加調達結果,平均約定価格（電源属地別）[円/kW・30分],0,0,0,0,0,0,0,0,0,0
20250718B04,追加調達結果,最高約定価格（TSO別）[円/kW・30分],0,0,0,0,0,0,0,0,0,0
20250718B04,追加調達結果,最低約定価格（TSO別）[円/kW・30分],0,0,0,0,0,0,0,0,0,0
20250718B04,追加調達結果,平均約定価格（TSO別）[円/kW・30分],0,0,0,0,0,0,0,0,0,0
20250718B04,追加調達結果,約定量合計（TSO別）[MW],0,0,0,0,0,0,0,0,0,0
20250718B04,追加調達結果,（内訳）自エリアからの約定量[MW],0,0,0,0,0,0,0,0,0,0
20250718B04,合計（確報値）,募集量（TSO別）[MW],103,197,628,25,97,421,209,66,259,2005
20250718B04,合計（確報値）,応札量合計（電源属地別）[MW],28.09,29.069,11.488,13.968,60,197.258,236.361,128,37.567,741.801
20250718B04,合計（確報値）,約定量合計（電源属地別）[MW],28.09,29.069,11.488,13.968,60,197.258,236.361,35.742,26.567,638.543
20250718B04,合計（確報値）,応札件数（電源属地別）[件],3,2,9,2,2,7,6,5,12,48
20250718B04,合計（確報値）,約定件数（電源属地別）[件],3,2,9,2,2,7,6,3,10,44
20250718B04,合計（確報値）,最高約定価格（電源属地別）[円/kW・30分],19.5,16.47,19.5,19.51,4.22,18.56,19.51,5.49,19.51,19.51
20250718B04,合計（確報値）,最低約定価格（電源属地別）[円/kW・30分],0.36,5.89,0.36,2,4.04,1.03,1.27,0.88,0.36,0.36
20250718B04,合計（確報値）,平均約定価格（電源属地別）[円/kW・30分],12.6,9.19,13.64,4.41,4.15,4.3,3.86,3.72,9.8,5.08
20250718B04,合計（確報値）,最高約定価格（TSO別）[円/kW・30分],19.5,16.47,19.5,19.51,4.22,18.56,19.51,5.49,19.51,19.51
20250718B04,合計（確報値）,最低約定価格（TSO別）[円/kW・30分],0.36,5.89,0.36,19.51,4.04,1.03,4.02,0.88,0.36,0.36
20250718B04,合計（確報値）,平均約定価格（TSO別）[円/kW・30分],12.6,9.19,13.64,19.51,4.15,3.95,4.36,2.84,9.8,5.08
20250718B04,合計（確報値）,約定量合計（TSO別）[MW],28.09,29.069,11.488,1.92,60,362.867,97.8,20.742,26.567,638.543
20250718B04,合計（確報値）,（内訳）自エリアからの約定量[MW],28.09,29.069,11.488,1.92,60,197.258,97.8,20.742,26.567,472.934
20250718B05,システム約定結果,募集量（TSO別）[MW],97,191,628,17,96,382,185,77,262,1935
20250718B05,システム約定結果,応札量合計（電源属地別）[MW],60.29,20,4.968,1.92,60,197.258,236.361,133,19.814,733.611
20250718B05,システム約定結果,落札量合計（電源属地別）[MW],60.29,20,4.968,1.92,60,197.258,236.361,106.032,19.814,706.643
20250718B05,システム約定結果,応札件数（電源属地別）[件],3,1,4,1,2,7,6,5,6,35
20250718B05,システム約定結果,落札件数（電源属地別）[件],3,1,4,1,2,7,6,4,6,34
20250718B05,システム約定結果,最高落札価格（電源属地別）[円/kW・30分],19.5,4.83,19.5,19.51,6.09,18.56,19.51,5.28,19.5,19.51
20250718B05,システム約定結果,最低落札価格（電源属地別）[円/kW・30分],0.36,4.83,19.5,19.51,5.91,1.67,1.33,1.19,0.53,0.36
20250718B05,システム約定結果,平均落札価格（電源属地別）[円/kW・30分],16.21,4.83,19.5,19.51,6.02,4.8,3.93,2.62,6.92,5.46
20250718B05,システム約定結果,最高落札価格（TSO別）[円/kW・30分],19.5,4.83,19.5,19.51,6.09,18.56,19.51,5.28,19.5,19.51
20250718B05,システム約定結果,最低落札価格（TSO別）[円/kW・30分],0.36,4.83,19.5,19.51,4.15,1.19,1.33,1.19,0.53,0.36
20250718B05,システム約定結果,平均落札価格（TSO別）[円/kW・30分],16.21,4.83,19.5,19.51,5.48,4.48,3.8,2.3,6.92,5.46
20250718B05,システム約定結果,落札量合計（TSO別）[MW],60.29,20,4.968,1.92,85,303.025,134.626,77,19.814,706.643
20250718B05,システム約定結果,（内訳）自エリアからの落札量[MW],60.29,20,4.968,1.92,60,196.258,134.626,77,19.814,574.876
20250718B05,追加調達結果,募集量（TSO別）[MW],-,-,-,-,-,-,-,-,-,-
20250718B05,追加調達結果,応札量合計（電源属地別）[MW],0,0,0,0,0,0,0,0,0,0
20250718B05,追加調達結果,約定量合計（電源属地別）[MW],0,0,0,0,0,0,0,0,0,0
20250718B05,追加調達結果,応札件数（電源属地別）[件],0,0,0,0,0,0,0,0,0,0
20250718B05,追加調達結果,約定件数（電源属地別）[件],0,0,0,0,0,0,0,0,0,0
20250718B05,追加調達結果,最高約定価格（電源属地別）[円/kW・30分],0,0,0,0,0,0,0,0,0,0
20250718B05,追加調達結果,最低約定価格（電源属地別）[円/kW・30分],0,0,0,0,0,0,0,0,0,0
20250718B05,追加調達結果,平均約定価格（電源属地別）[円/kW・30分],0,0,0,0,0,0,0,0,0,0
20250718B05,追加調達結果,最高約定価格（TSO別）[円/kW・30分],0,0,0,0,0,0,0,0,0,0
20250718B05,追加調達結果,最低約定価格（TSO別）[円/kW・30分],0,0,0,0,0,0,0,0,0,0
20250718B05,追加調達結果,平均約定価格（TSO別）[円/kW・30分],0,0,0,0,0,0,0,0,0,0
20250718B05,追加調達結果,約定量合計（TSO別）[MW],0,0,0,0,0,0,0,0,0,0
20250718B05,追加調達結果,（内訳）自エリアからの約定量[MW],0,0,0,0,0,0,0,0,0,0
20250718B05,合計（確報値）,募集量（TSO別）[MW],97,191,628,17,96,382,185,77,262,1935
20250718B05,合計（確報値）,応札量合計（電源属地別）[MW],60.29,20,4.968,1.92,60,197.258,236.361,133,23.814,737.611
20250718B05,合計（確報値）,約定量合計（電源属地別）[MW],60.29,20,4.968,1.92,60,197.258,236.361,72.032,19.814,672.643
20250718B05,合計（確報値）,応札件数（電源属地別）[件],3,1,4,1,2,7,6,5,7,36
20250718B05,合計（確報値）,約定件数（電源属地別）[件],3,1,4,1,2,7,6,3,6,33
20250718B05,合計（確報値）,最高約定価格（電源属地別）[円/kW・30分],19.5,4.83,19.5,19.51,6.09,18.56,19.51,5.28,19.5,19.51
20250718B05,合計（確報値）,最低約定価格（電源属地別）[円/kW・30分],0.36,4.83,19.5,19.51,5.91,1.67,1.33,1.19,0.53,0.36
20250718B05,合計（確報値）,平均約定価格（電源属地別）[円/kW・30分],16.21,4.83,19.5,19.51,6.02,4.8,3.93,2.98,6.55,5.63
20250718B05,合計（確報値）,最高約定価格（TSO別）[円/kW・30分],19.5,4.83,19.5,19.51,6.09,18.56,19.51,5.28,19.5,19.51
20250718B05,合計（確報値）,最低約定価格（TSO別）[円/kW・30分],0.36,4.83,19.5,19.51,4.15,1.19,1.33,1.19,0.53,0.36
20250718B05,合計（確報値）,平均約定価格（TSO別）[円/kW・30分],16.21,4.83,19.5,19.51,5.48,4.55,3.8,2.54,6.55,5.63
20250718B05,合計（確報値）,約定量合計（TSO別）[MW],60.29,20,4.968,1.92,85,296.025,134.626,50,19.814,672.643
20250718B05,合計（確報値）,（内訳）自エリアからの約定量[MW],60.29,20,4.968,1.92,60,196.258,134.626,50,19.814,547.876
20250718B06,システム約定結果,募集量（TSO別）[MW],92,191,632,82,103,382,248,64,259,2053
20250718B06,システム約定結果,応札量合計（電源属地別）[MW],189.29,41.069,7.968,25.968,35,197.258,293.549,102,20.667,912.769
20250718B06,システム約定結果,落札量合計（電源属地別）[MW],139,41.069,7.968,25.968,35,197.258,293.549,102,20.667,862.479
20250718B06,システム約定結果,応札件数（電源属地別）[件],3,3,7,3,1,7,10,4,8,46
20250718B06,システム約定結果,落札件数（電源属地別）[件],1,3,7,3,1,7,10,4,8,44
20250718B06,システム約定結果,最高落札価格（電源属地別）[円/kW・30分],0.36,16.47,19.5,19.51,11.29,18.56,19.51,10.89,19.51,19.51
20250718B06,システム約定結果,最低落札価格（電源属地別）[円/kW・30分],0.36,2.59,19.5,6.74,11.29,5.11,3.9,4.78,5.19,0.36
20250718B06,システム約定結果,平均落札価格（電源属地別）[円/kW・30分],0.36,5.7,19.5,7.83,11.29,7.38,6.16,6.77,12.71,6.09
20250718B06,システム約定結果,最高落札価格（TSO別）[円/kW・30分],0.36,16.47,19.5,19.51,11.29,18.56,6.76,19.51,19.51,19.51
20250718B06,システム約定結果,最低落札価格（TSO別）[円/kW・30分],0.36,2.59,19.5,19.51,11.29,4.78,3.9,5.95,5.19,0.36
20250718B06,システム約定結果,平均落札価格（TSO別）[円/kW・30分],0.36,5.7,19.5,19.51,11.29,6.89,5.98,8.64,12.71,6.09
20250718B06,システム約定結果,落札量合計（TSO別）[MW],139,41.069,7.968,1.92,35,314.055,248,54.8,20.667,862.479
20250718B06,システム約定結果,（内訳）自エリアからの落札量[MW],139,41.069,7.968,1.92,35,197.258,248,53,20.667,743.882
20250718B06,追加調達結果,募集量（TSO別）[MW],-,-,-,-,-,-,-,-,-,-
20250718B06,追加調達結果,応札量合計（電源属地別）[MW],0,0,0,0,0,0,0,0,0,0
20250718B06,追加調達結果,約定量合計（電源属地別）[MW],0,0,0,0,0,0,0,0,0,0
20250718B06,追加調達結果,応札件数（電源属地別）[件],0,0,0,0,0,0,0,0,0,0
20250718B06,追加調達結果,約定件数（電源属地別）[件],0,0,0,0,0,0,0,0,0,0
20250718B06,追加調達結果,最高約定価格（電源属地別）[円/kW・30分],0,0,0,0,0,0,0,0,0,0
20250718B06,追加調達結果,最低約定価格（電源属地別）[円/kW・30分],0,0,0,0,0,0,0,0,0,0
20250718B06,追加調達結果,平均約定価格（電源属地別）[円/kW・30分],0,0,0,0,0,0,0,0,0,0
20250718B06,追加調達結果,最高約定価格（TSO別）[円/kW・30分],0,0,0,0,0,0,0,0,0,0
20250718B06,追加調達結果,最低約定価格（TSO別）[円/kW・30分],0,0,0,0,0,0,0,0,0,0
20250718B06,追加調達結果,平均約定価格（TSO別）[円/kW・30分],0,0,0,0,0,0,0,0,0,0
20250718B06,追加調達結果,約定量合計（TSO別）[MW],0,0,0,0,0,0,0,0,0,0
20250718B06,追加調達結果,（内訳）自エリアからの約定量[MW],0,0,0,0,0,0,0,0,0,0
20250718B06,合計（確報値）,募集量（TSO別）[MW],92,191,632,82,103,382,248,64,259,2053
20250718B06,合計（確報値）,応札量合計（電源属地別）[MW],189.29,41.069,7.968,25.968,35,197.258,310.484,102,20.667,929.704
20250718B06,合計（確報値）,約定量合計（電源属地別）[MW],139,41.069,7.968,25.968,35,197.258,212.16,68,20.667,747.09
20250718B06,合計（確報値）,応札件数（電源属地別）[件],3,3,7,3,1,7,12,4,8,48
20250718B06,合計（確報値）,約定件数（電源属地別）[件],1,3,7,3,1,7,11,3,8,44
20250718B06,合計（確報値）,最高約定価格（電源属地別）[円/kW・30分],0.36,16.47,19.5,19.51,11.29,18.56,19.51,10.89,19.51,19.51
20250718B06,合計（確報値）,最低約定価格（電源属地別）[円/kW・30分],0.36,2.59,19.5,6.74,11.29,5.11,0.36,4.78,5.19,0.36
20250718B06,合計（確報値）,平均約定価格（電源属地別）[円/kW・30分],0.36,5.7,19.5,7.83,11.29,7.38,5.42,7.18,12.71,5.88
20250718B06,合計（確報値）,最高約定価格（TSO別）[円/kW・30分],0.36,16.47,19.5,19.51,11.29,18.56,6.65,19.51,19.51,19.51
20250718B06,合計（確報値）,最低約定価格（TSO別）[円/kW・30分],0.36,2.59,19.5,19.51,11.29,4.78,0.36,6.82,5.19,0.36
20250718B06,合計（確報値）,平均約定価格（TSO別）[円/kW・30分],0.36,5.7,19.5,19.51,11.29,6.94,4.94,10.07,12.71,5.88
20250718B06,合計（確報値）,約定量合計（TSO別）[MW],139,41.069,7.968,1.92,35,299.055,166.611,35.8,20.667,747.09
20250718B06,合計（確報値）,（内訳）自エリアからの約定量[MW],139,41.069,7.968,1.92,35,197.258,166.611,34,20.667,643.493
20250718B07,システム約定結果,募集量（TSO別）[MW],91,161,629,50,102,371,244,52,242,1942
20250718B07,システム約定結果,応札量合計（電源属地別）[MW],134,41.069,4.968,13.968,35,197.258,319.003,68,174.915,988.181
20250718B07,システム約定結果,落札量合計（電源属地別）[MW],134,41.069,4.968,13.968,35,197.258,319.003,68,174.915,988.181
20250718B07,システム約定結果,応札件数（電源属地別）[件],1,3,4,2,1,7,12,3,8,41
20250718B07,システム約定結果,落札件数（電源属地別）[件],1,3,4,2,1,7,12,3,8,41
20250718B07,システム約定結果,最高落札価格（電源属地別）[円/kW・30分],0.37,16.47,19.5,19.51,9.79,18.56,19.51,11.57,19.51,19.51
20250718B07,システム約定結果,最低落札価格（電源属地別）[円/kW・30分],0.37,3.14,19.5,8.21,9.79,4.99,4.16,5.36,6.7,0.37
20250718B07,システム約定結果,平均落札価格（電源属地別）[円/kW・30分],0.37,6.82,19.5,9.76,9.79,7.29,6.25,7.81,8.21,6.38
20250718B07,システム約定結果,最高落札価格（TSO別）[円/kW・30分],0.37,16.47,19.5,19.51,9.79,18.56,19.51,11.57,19.51,19.51
20250718B07,システム約定結果,最低落札価格（TSO別）[円/kW・30分],0.37,3.14,19.5,19.51,4.29,4.99,4.16,5.36,6.7,0.37
20250718B07,システム約定結果,平均落札価格（TSO別）[円/kW・30分],0.37,6.82,19.5,19.51,8.16,7.11,5.75,8.76,8.21,6.38
20250718B07,システム約定結果,落札量合計（TSO別）[MW],134,41.069,4.968,1.92,89,303.025,190.284,49,174.915,988.181
20250718B07,システム約定結果,（内訳）自エリアからの落札量[MW],134,41.069,4.968,1.92,35,187.258,190.284,49,174.915,818.414
20250718B07,追加調達結果,募集量（TSO別）[MW],-,-,-,-,-,-,-,-,-,-
20250718B07,追加調達結果,応札量合計（電源属地別）[MW],0,0,0,0,0,0,0,0,0,0
20250718B07,追加調達結果,約定量合計（電源属地別）[MW],0,0,0,0,0,0,0,0,0,0
20250718B07,追加調達結果,応札件数（電源属地別）[件],0,0,0,0,0,0,0,0,0,0
20250718B07,追加調達結果,約定件数（電源属地別）[件],0,0,0,0,0,0,0,0,0,0
20250718B07,追加調達結果,最高約定価格（電源属地別）[円/kW・30分],0,0,0,0,0,0,0,0,0,0
20250718B07,追加調達結果,最低約定価格（電源属地別）[円/kW・30分],0,0,0,0,0,0,0,0,0,0
20250718B07,追加調達結果,平均約定価格（電源属地別）[円/kW・30分],0,0,0,0,0,0,0,0,0,0
20250718B07,追加調達結果,最高約定価格（TSO別）[円/kW・30分],0,0,0,0,0,0,0,0,0,0
20250718B07,追加調達結果,最低約定価格（TSO別）[円/kW・30分],0,0,0,0,0,0,0,0,0,0
20250718B07,追加調達結果,平均約定価格（TSO別）[円/kW・30分],0,0,0,0,0,0,0,0,0,0
20250718B07,追加調達結果,約定量合計（TSO別）[MW],0,0,0,0,0,0,0,0,0,0
20250718B07,追加調達結果,（内訳）自エリアからの約定量[MW],0,0,0,0,0,0,0,0,0,0
20250718B07,合計（確報値）,募集量（TSO別）[MW],91,161,629,50,102,371,244,52,242,1942
20250718B07,合計（確報値）,応札量合計（電源属地別）[MW],134,41.069,4.968,13.968,35,197.258,323.211,68,249.915,1067.389
20250718B07,合計（確報値）,約定量合計（電源属地別）[MW],134,41.069,4.968,13.968,35,197.258,212.16,68,122.915,829.338
20250718B07,合計（確報値）,応札件数（電源属地別）[件],1,3,4,2,1,7,13,3,12,46
20250718B07,合計（確報値）,約定件数（電源属地別）[件],1,3,4,2,1,7,11,3,10,42
20250718B07,合計（確報値）,最高約定価格（電源属地別）[円/kW・30分],0.37,16.47,19.5,19.51,9.79,18.56,19.51,11.57,19.51,19.51
20250718B07,合計（確報値）,最低約定価格（電源属地別）[円/kW・30分],0.37,3.14,19.5,8.21,9.79,4.99,0.36,5.36,2.81,0.36
20250718B07,合計（確報値）,平均約定価格（電源属地別）[円/kW・30分],0.37,6.82,19.5,9.76,9.79,7.29,5.89,7.81,6.07,5.87
20250718B07,合計（確報値）,最高約定価格（TSO別）[円/kW・30分],0.37,16.47,19.5,19.51,9.79,18.56,19.51,11.57,19.51,19.51
20250718B07,合計（確報値）,最低約定価格（TSO別）[円/kW・30分],0.37,3.14,19.5,19.51,0.36,4.99,4.16,5.36,2.81,0.36
20250718B07,合計（確報値）,平均約定価格（TSO別）[円/kW・30分],0.37,6.82,19.5,19.51,8.51,7.12,5.71,8.76,6.07,5.87
20250718B07,合計（確報値）,約定量合計（TSO別）[MW],134,41.069,4.968,1.92,49.212,268.175,158.079,49,122.915,829.338
20250718B07,合計（確報値）,（内訳）自エリアからの約定量[MW],134,41.069,4.968,1.92,35,187.258,158.079,49,122.915,734.209
20250718B08,システム約定結果,募集量（TSO別）[MW],98,105,601,0,92,345,194,56,235,1726
20250718B08,システム約定結果,応札量合計（電源属地別）[MW],194.29,29.069,20.459,13.968,35,194.766,293.549,68,113.43,962.531
20250718B08,システム約定結果,落札量合計（電源属地別）[MW],145.3,29.069,20.459,13.968,35,194.766,293.549,68,113.43,913.541
20250718B08,システム約定結果,応札件数（電源属地別）[件],3,2,2,2,1,6,10,3,7,36
20250718B08,システム約定結果,落札件数（電源属地別）[件],2,2,2,2,1,6,10,3,7,35
20250718B08,システム約定結果,最高落札価格（電源属地別）[円/kW・30分],19.5,16.47,19.51,19.51,4.57,9.53,19.51,7.43,19.51,19.51
20250718B08,システム約定結果,最低落札価格（電源属地別）[円/kW・30分],1.17,3.09,2.64,3.98,4.57,1.47,1.29,3.36,2.4,1.17
20250718B08,システム約定結果,平均落札価格（電源属地別）[円/kW・30分],1.33,7.26,4.26,6.11,4.57,4.5,3.53,5.52,5.16,3.95
20250718B08,システム約定結果,最高落札価格（TSO別）[円/kW・30分],19.5,16.47,19.51,0,4.93,19.51,4.11,7.43,19.51,19.51
20250718B08,システム約定結果,最低落札価格（TSO別）[円/kW・30分],1.17,16.47,2.64,0,1.38,1.47,1.29,3.36,2.4,1.17
20250718B08,システム約定結果,平均落札価格（TSO別）[円/kW・30分],1.33,16.47,3.68,0,4.51,4.56,3.12,5.65,5.1,3.95
20250718B08,システム約定結果,落札量合計（TSO別）[MW],145.3,9.069,40.459,0,61,287.895,194,56,119.818,913.541
20250718B08,システム約定結果,（内訳）自エリアからの落札量[MW],145.3,9.069,20.459,0,35,194.766,194,56,113.43,768.024
20250718B08,追加調達結果,募集量（TSO別）[MW],-,-,-,-,-,-,-,-,-,-
20250718B08,追加調達結果,応札量合計（電源属地別）[MW],0,0,0,0,0,0,0,0,0,0
20250718B08,追加調達結果,約定量合計（電源属地別）[MW],0,0,0,0,0,0,0,0,0,0
20250718B08,追加調達結果,応札件数（電源属地別）[件],0,0,0,0,0,0,0,0,0,0
20250718B08,追加調達結果,約定件数（電源属地別）[件],0,0,0,0,0,0,0,0,0,0
20250718B08,追加調達結果,最高約定価格（電源属地別）[円/kW・30分],0,0,0,0,0,0,0,0,0,0
20250718B08,追加調達結果,最低約定価格（電源属地別）[円/kW・30分],0,0,0,0,0,0,0,0,0,0
20250718B08,追加調達結果,平均約定価格（電源属地別）[円/kW・30分],0,0,0,0,0,0,0,0,0,0
20250718B08,追加調達結果,最高約定価格（TSO別）[円/kW・30分],0,0,0,0,0,0,0,0,0,0
20250718B08,追加調達結果,最低約定価格（TSO別）[円/kW・30分],0,0,0,0,0,0,0,0,0,0
20250718B08,追加調達結果,平均約定価格（TSO別）[円/kW・30分],0,0,0,0,0,0,0,0,0,0
20250718B08,追加調達結果,約定量合計（TSO別）[MW],0,0,0,0,0,0,0,0,0,0
20250718B08,追加調達結果,（内訳）自エリアからの約定量[MW],0,0,0,0,0,0,0,0,0,0
20250718B08,合計（確報値）,募集量（TSO別）[MW],98,105,601,0,92,345,194,56,235,1726
20250718B08,合計（確報値）,応札量合計（電源属地別）[MW],194.29,29.069,20.459,13.968,35,242.66,310.484,68,179.43,1093.36
20250718B08,合計（確報値）,約定量合計（電源属地別）[MW],145.3,29.069,20.459,13.968,35,164.66,212.16,68,113.43,802.046
20250718B08,合計（確報値）,応札件数（電源属地別）[件],3,2,2,2,1,8,12,3,9,42
20250718B08,合計（確報値）,約定件数（電源属地別）[件],2,2,2,2,1,7,11,3,7,37
20250718B08,合計（確報値）,最高約定価格（電源属地別）[円/kW・30分],19.5,16.47,19.51,19.51,4.57,9.53,19.51,7.43,19.51,19.51
20250718B08,合計（確報値）,最低約定価格（電源属地別）[円/kW・30分],1.17,3.09,2.64,3.98,4.57,1.19,0.36,3.36,0.83,0.36
20250718B08,合計（確報値）,平均約定価格（電源属地別）[円/kW・30分],1.33,7.26,4.26,6.11,4.57,3.82,3.01,5.52,3.92,3.52
20250718B08,合計（確報値）,最高約定価格（TSO別）[円/kW・30分],19.5,16.47,19.51,0,4.93,19.51,4,7.43,19.51,19.51
20250718B08,合計（確報値）,最低約定価格（TSO別）[円/kW・30分],1.17,16.47,2.64,0,1.38,1.19,0.36,3.36,0.83,0.36
20250718B08,合計（確報値）,平均約定価格（TSO別）[円/kW・30分],1.33,16.47,3.68,0,4.51,4.13,2.54,5.65,3.93,3.52
20250718B08,合計（確報値）,約定量合計（TSO別）[MW],145.3,9.069,40.459,0,61,207.715,162.685,56,119.818,802.046
20250718B08,合計（確報値）,（内訳）自エリアからの約定量[MW],145.3,9.069,20.459,0,35,164.66,162.685,56,113.43,706.603
20250719B01,システム約定結果,募集量（TSO別）[MW],6,63,523,0,54,211,221,46,180,1304
20250719B01,システム約定結果,応札量合計（電源属地別）[MW],58.3,45.069,29.8,0,35,148.646,140.445,68,82.419,607.679
20250719B01,システム約定結果,落札量合計（電源属地別）[MW],10,45.069,29.8,0,35,148.646,140.445,68,82.419,559.379
20250719B01,システム約定結果,応札件数（電源属地別）[件],2,4,4,0,1,5,4,3,7,30
20250719B01,システム約定結果,落札件数（電源属地別）[件],1,4,4,0,1,5,4,3,7,29
20250719B01,システム約定結果,最高落札価格（電源属地別）[円/kW・30分],2.21,16.47,19.51,0,1.85,7.1,2.25,5.42,19.51,19.51
20250719B01,システム約定結果,最低落札価格（電源属地別）[円/kW・30分],2.21,2.45,2,0,1.85,0.36,0.36,1.18,0.36,0.36
20250719B01,システム約定結果,平均落札価格（電源属地別）[円/kW・30分],2.21,5.34,4.12,0,1.85,1.43,1.85,4.68,2.23,2.55
20250719B01,システム約定結果,最高落札価格（TSO別）[円/kW・30分],2.21,16.47,19.51,0,1.85,7.1,5.42,5.42,19.51,19.51
20250719B01,システム約定結果,最低落札価格（TSO別）[円/kW・30分],2.21,2.45,2,0,1.85,0.36,0.36,1.18,0.36,0.36
20250719B01,システム約定結果,平均落札価格（TSO別）[円/kW・30分],2.21,5.34,4.12,0,1.85,1.62,2.19,4.33,2.23,2.55
20250719B01,システム約定結果,落札量合計（TSO別）[MW],10,45.069,29.8,0,35,156.01,155.081,46,82.419,559.379
20250719B01,システム約定結果,（内訳）自エリアからの落札量[MW],10,45.069,29.8,0,35,148.646,140.445,46,82.419,537.379
20250719B01,追加調達結果,募集量（TSO別）[MW],-,-,-,-,-,-,-,-,-,-
20250719B01,追加調達結果,応札量合計（電源属地別）[MW],0,0,0,0,0,0,0,0,0,0
20250719B01,追加調達結果,約定量合計（電源属地別）[MW],0,0,0,0,0,0,0,0,0,0
20250719B01,追加調達結果,応札件数（電源属地別）[件],0,0,0,0,0,0,0,0,0,0
20250719B01,追加調達結果,約定件数（電源属地別）[件],0,0,0,0,0,0,0,0,0,0
20250719B01,追加調達結果,最高約定価格（電源属地別）[円/kW・30分],0,0,0,0,0,0,0,0,0,0
20250719B01,追加調達結果,最低約定価格（電源属地別）[円/kW・30分],0,0,0,0,0,0,0,0,0,0
20250719B01,追加調達結果,平均約定価格（電源属地別）[円/kW・30分],0,0,0,0,0,0,0,0,0,0
20250719B01,追加調達結果,最高約定価格（TSO別）[円/kW・30分],0,0,0,0,0,0,0,0,0,0
20250719B01,追加調達結果,最低約定価格（TSO別）[円/kW・30分],0,0,0,0,0,0,0,0,0,0
20250719B01,追加調達結果,平均約定価格（TSO別）[円/kW・30分],0,0,0,0,0,0,0,0,0,0
20250719B01,追加調達結果,約定量合計（TSO別）[MW],0,0,0,0,0,0,0,0,0,0
20250719B01,追加調達結果,（内訳）自エリアからの約定量[MW],0,0,0,0,0,0,0,0,0,0
20250719B01,合計（確報値）,募集量（TSO別）[MW],6,63,523,0,54,211,221,46,180,1304
20250719B01,合計（確報値）,応札量合計（電源属地別）[MW],58.3,45.069,29.8,0,35,148.646,140.445,68,82.419,607.679
20250719B01,合計（確報値）,約定量合計（電源属地別）[MW],10,45.069,29.8,0,35,70.004,140.445,68,82.419,480.737
20250719B01,合計（確報値）,応札件数（電源属地別）[件],2,4,4,0,1,5,4,3,7,30
20250719B01,合計（確報値）,約定件数（電源属地別）[件],1,4,4,0,1,4,4,3,7,28
20250719B01,合計（確報値）,最高約定価格（電源属地別）[円/kW・30分],2.21,16.47,19.51,0,1.85,7.1,2.25,5.42,19.51,19.51
20250719B01,合計（確報値）,最低約定価格（電源属地別）[円/kW・30分],2.21,2.45,2,0,1.85,0.36,0.36,1.18,0.36,0.36
20250719B01,合計（確報値）,平均約定価格（電源属地別）[円/kW・30分],2.21,5.34,4.12,0,1.85,0.6,1.85,4.68,2.23,2.61
20250719B01,合計（確報値）,最高約定価格（TSO別）[円/kW・30分],2.21,16.47,19.51,0,1.85,7.1,5.42,5.42,19.51,19.51
20250719B01,合計（確報値）,最低約定価格（TSO別）[円/kW・30分],2.21,2.45,2,0,1.85,0.36,0.36,1.18,0.36,0.36
20250719B01,合計（確報値）,平均約定価格（TSO別）[円/kW・30分],2.21,5.34,4.12,0,1.85,1.06,2.19,4.33,2.23,2.61
20250719B01,合計（確報値）,約定量合計（TSO別）[MW],10,45.069,29.8,0,35,77.368,155.081,46,82.419,480.737
20250719B01,合計（確報値）,（内訳）自エリアからの約定量[MW],10,45.069,29.8,0,35,70.004,140.445,46,82.419,458.737
20250719B02,システム約定結果,募集量（TSO別）[MW],0,83,471,0,68,210,219,47,206,1304
20250719B02,システム約定結果,応札量合計（電源属地別）[MW],63.79,45.069,65.949,54.786,35,195.403,142.245,68,82.419,752.661
20250719B02,システム約定結果,落札量合計（電源属地別）[MW],44,45.069,65.949,54.786,35,195.403,142.245,68,82.419,732.871
20250719B02,システム約定結果,応札件数（電源属地別）[件],4,4,6,3,1,6,5,3,7,39
20250719B02,システム約定結果,落札件数（電源属地別）[件],2,4,6,3,1,6,5,3,7,37
20250719B02,システム約定結果,最高落札価格（電源属地別）[円/kW・30分],2.46,16.47,19.51,5.09,1.39,9.53,19.51,5.44,19.51,19.51
20250719B02,システム約定結果,最低落札価格（電源属地別）[円/kW・30分],1.99,2.77,1.46,2.25,1.39,0.36,0.36,1.09,0.36,0.36
20250719B02,システム約定結果,平均落札価格（電源属地別）[円/kW・30分],2.35,5.56,2.57,4.16,1.39,3.1,1.82,4.64,2.02,2.93
20250719B02,システム約定結果,最高落札価格（TSO別）[円/kW・30分],2.46,16.47,19.51,0,9.53,9.53,19.51,5.44,19.51,19.51
20250719B02,システム約定結果,最低落札価格（TSO別）[円/kW・30分],1.99,2.77,1.46,0,1.39,0.36,0.36,1.09,0.36,0.36
20250719B02,システム約定結果,平均落札価格（TSO別）[円/kW・30分],2.35,5.56,2.57,0,3.08,3.03,2.41,4.3,2.02,2.93
20250719B02,システム約定結果,落札量合計（TSO別）[MW],44,45.069,65.949,0,65.765,210,172.669,47,82.419,732.871
20250719B02,システム約定結果,（内訳）自エリアからの落札量[MW],44,45.069,65.949,0,35,195,142.245,47,82.419,656.682
20250719B02,追加調達結果,募集量（TSO別）[MW],-,-,-,-,-,-,-,-,-,-
20250719B02,追加調達結果,応札量合計（電源属地別）[MW],0,0,0,0,0,0,0,0,0,0
20250719B02,追加調達結果,約定量合計（電源属地別）[MW],0,0,0,0,0,0,0,0,0,0
20250719B02,追加調達結果,応札件数（電源属地別）[件],0,0,0,0,0,0,0,0,0,0
20250719B02,追加調達結果,約定件数（電源属地別）[件],0,0,0,0,0,0,0,0,0,0
20250719B02,追加調達結果,最高約定価格（電源属地別）[円/kW・30分],0,0,0,0,0,0,0,0,0,0
20250719B02,追加調達結果,最低約定価格（電源属地別）[円/kW・30分],0,0,0,0,0,0,0,0,0,0
20250719B02,追加調達結果,平均約定価格（電源属地別）[円/kW・30分],0,0,0,0,0,0,0,0,0,0
20250719B02,追加調達結果,最高約定価格（TSO別）[円/kW・30分],0,0,0,0,0,0,0,0,0,0
20250719B02,追加調達結果,最低約定価格（TSO別）[円/kW・30分],0,0,0,0,0,0,0,0,0,0
20250719B02,追加調達結果,平均約定価格（TSO別）[円/kW・30分],0,0,0,0,0,0,0,0,0,0
20250719B02,追加調達結果,約定量合計（TSO別）[MW],0,0,0,0,0,0,0,0,0,0
20250719B02,追加調達結果,（内訳）自エリアからの約定量[MW],0,0,0,0,0,0,0,0,0,0
20250719B02,合計（確報値）,募集量（TSO別）[MW],0,83,471,0,68,210,219,47,206,1304
20250719B02,合計（確報値）,応札量合計（電源属地別）[MW],63.79,45.069,65.949,144.464,35,195.403,142.245,68,82.419,842.339
20250719B02,合計（確報値）,約定量合計（電源属地別）[MW],44,45.069,65.949,54.786,35,116.761,142.245,68,82.419,654.229
20250719B02,合計（確報値）,応札件数（電源属地別）[件],4,4,6,10,1,6,5,3,7,46
20250719B02,合計（確報値）,約定件数（電源属地別）[件],2,4,6,4,1,5,5,3,7,37
20250719B02,合計（確報値）,最高約定価格（電源属地別）[円/kW・30分],2.46,16.47,19.51,0.36,1.39,9.53,19.51,5.44,19.51,19.51
20250719B02,合計（確報値）,最低約定価格（電源属地別）[円/kW・30分],1.99,2.77,1.46,0.36,1.39,0.36,0.36,1.09,0.36,0.36
20250719B02,合計（確報値）,平均約定価格（電源属地別）[円/kW・30分],2.35,5.56,2.57,0.36,1.39,4.18,1.82,4.64,2.02,2.78
20250719B02,合計（確報値）,最高約定価格（TSO別）[円/kW・30分],2.46,16.47,19.51,0,9.53,9.53,19.51,5.44,19.51,19.51
20250719B02,合計（確報値）,最低約定価格（TSO別）[円/kW・30分],1.99,2.77,1.46,0,0.36,0.36,0.36,1.09,0.36,0.36
20250719B02,合計（確報値）,平均約定価格（TSO別）[円/kW・30分],2.35,5.56,2.57,0,0.96,3.73,2.18,4.3,2.02,2.78
20250719B02,合計（確報値）,約定量合計（TSO別）[MW],44,45.069,65.949,0,65.765,131.358,172.669,47,82.419,654.229
20250719B02,合計（確報値）,（内訳）自エリアからの約定量[MW],44,45.069,65.949,0,35,116.358,142.245,47,82.419,578.04
20250719B03,システム約定結果,募集量（TSO別）[MW],0,151,571,0,70,259,197,44,240,1532
20250719B03,システム約定結果,応札量合計（電源属地別）[MW],0,12,27.88,0,35,195.403,240.569,102,15.419,628.271
20250719B03,システム約定結果,落札量合計（電源属地別）[MW],0,12,27.88,0,35,195.403,240.569,102,15.419,628.271
20250719B03,システム約定結果,応札件数（電源属地別）[件],0,1,3,0,1,6,6,4,5,26
20250719B03,システム約定結果,落札件数（電源属地別）[件],0,1,3,0,1,6,6,4,5,26
20250719B03,システム約定結果,最高落札価格（電源属地別）[円/kW・30分],0,4.15,11.12,0,0.53,9.53,19.51,5.59,19.51,19.51
20250719B03,システム約定結果,最低落札価格（電源属地別）[円/kW・30分],0,4.15,1.75,0,0.53,0.36,0.36,0.49,0.36,0.36
20250719B03,システム約定結果,平均落札価格（電源属地別）[円/kW・30分],0,4.15,2.82,0,0.53,2.76,1.65,3.36,7.02,2.44
20250719B03,システム約定結果,最高落札価格（TSO別）[円/kW・30分],0,4.15,11.12,0,0.64,19.51,1.94,4.56,19.51,19.51
20250719B03,システム約定結果,最低落札価格（TSO別）[円/kW・30分],0,4.15,1.75,0,0.53,0.36,0.36,1.25,0.36,0.36
20250719B03,システム約定結果,平均落札価格（TSO別）[円/kW・30分],0,4.15,3.02,0,0.57,3.47,1.51,2,3.05,2.44
20250719B03,システム約定結果,落札量合計（TSO別）[MW],0,7,32.88,0,55,235.203,197,44,57.188,628.271
20250719B03,システム約定結果,（内訳）自エリアからの落札量[MW],0,7,27.88,0,35,175.403,197,44,15.419,501.702
20250719B03,追加調達結果,募集量（TSO別）[MW],-,-,-,-,-,-,-,-,-,-
20250719B03,追加調達結果,応札量合計（電源属地別）[MW],0,0,0,0,0,0,0,0,0,0
20250719B03,追加調達結果,約定量合計（電源属地別）[MW],0,0,0,0,0,0,0,0,0,0
20250719B03,追加調達結果,応札件数（電源属地別）[件],0,0,0,0,0,0,0,0,0,0
20250719B03,追加調達結果,約定件数（電源属地別）[件],0,0,0,0,0,0,0,0,0,0
20250719B03,追加調達結果,最高約定価格（電源属地別）[円/kW・30分],0,0,0,0,0,0,0,0,0,0
20250719B03,追加調達結果,最低約定価格（電源属地別）[円/kW・30分],0,0,0,0,0,0,0,0,0,0
20250719B03,追加調達結果,平均約定価格（電源属地別）[円/kW・30分],0,0,0,0,0,0,0,0,0,0
20250719B03,追加調達結果,最高約定価格（TSO別）[円/kW・30分],0,0,0,0,0,0,0,0,0,0
20250719B03,追加調達結果,最低約定価格（TSO別）[円/kW・30分],0,0,0,0,0,0,0,0,0,0
20250719B03,追加調達結果,平均約定価格（TSO別）[円/kW・30分],0,0,0,0,0,0,0,0,0,0
20250719B03,追加調達結果,約定量合計（TSO別）[MW],0,0,0,0,0,0,0,0,0,0
20250719B03,追加調達結果,（内訳）自エリアからの約定量[MW],0,0,0,0,0,0,0,0,0,0
20250719B03,合計（確報値）,募集量（TSO別）[MW],0,151,571,0,70,259,197,44,240,1532
20250719B03,合計（確報値）,応札量合計（電源属地別）[MW],0,12,27.88,0,70,195.403,240.569,102,15.419,663.271
20250719B03,合計（確報値）,約定量合計（電源属地別）[MW],0,12,27.88,0,35,116.761,240.569,68,15.419,515.629
20250719B03,合計（確報値）,応札件数（電源属地別）[件],0,1,3,0,3,6,6,4,5,28
20250719B03,合計（確報値）,約定件数（電源属地別）[件],0,1,3,0,2,5,6,3,5,25
20250719B03,合計（確報値）,最高約定価格（電源属地別）[円/kW・30分],0,4.15,11.12,0,0.45,9.53,19.51,5.59,19.51,19.51
20250719B03,合計（確報値）,最低約定価格（電源属地別）[円/kW・30分],0,4.15,1.75,0,0.45,0.36,0.36,0.49,0.36,0.36
20250719B03,合計（確報値）,平均約定価格（電源属地別）[円/kW・30分],0,4.15,2.82,0,0.45,4.19,1.65,4.42,7.02,2.79
20250719B03,合計（確報値）,最高約定価格（TSO別）[円/kW・30分],0,4.15,11.12,0,0.45,19.51,1.94,4.56,19.51,19.51
20250719B03,合計（確報値）,最低約定価格（TSO別）[円/kW・30分],0,4.15,1.75,0,0.45,0.36,0.36,4.56,0.36,0.36
20250719B03,合計（確報値）,平均約定価格（TSO別）[円/kW・30分],0,4.15,3.02,0,0.45,4.41,1.51,4.56,3.05,2.79
20250719B03,合計（確報値）,約定量合計（TSO別）[MW],0,7,32.88,0,35,176.561,197,10,57.188,515.629
20250719B03,合計（確報値）,（内訳）自エリアからの約定量[MW],0,7,27.88,0,35,116.761,197,10,15.419,409.06
20250719B04,システム約定結果,募集量（TSO別）[MW],24,197,628,25,97,292,209,66,259,1797
20250719B04,システム約定結果,応札量合計（電源属地別）[MW],54.69,33.069,5.48,1.92,60,195.403,142.245,128,15.419,636.226
20250719B04,システム約定結果,落札量合計（電源属地別）[MW],34,33.069,5.48,1.92,60,195.403,142.245,95.742,15.419,583.278
20250719B04,システム約定結果,応札件数（電源属地別）[件],3,3,3,1,2,6,5,5,5,33
20250719B04,システム約定結果,落札件数（電源属地別）[件],1,3,3,1,2,6,5,5,5,31
20250719B04,システム約定結果,最高落札価格（電源属地別）[円/kW・30分],0.57,16.47,19.51,19.51,0.81,9.53,19.51,5.65,19.51,19.51
20250719B04,システム約定結果,最低落札価格（電源属地別）[円/kW・30分],0.57,4.63,9.26,19.51,0.63,0.36,0.36,0.44,0.36,0.36
20250719B04,システム約定結果,平均落札価格（電源属地別）[円/kW・30分],0.57,7.88,13.52,19.51,0.74,3.15,1.73,2.11,7.02,2.76
20250719B04,システム約定結果,最高落札価格（TSO別）[円/kW・30分],0.57,16.47,19.51,19.51,4.35,9.53,19.51,5.65,19.51,19.51
20250719B04,システム約定結果,最低落札価格（TSO別）[円/kW・30分],0.57,4.63,9.26,19.51,0.63,0.36,0.36,0.44,0.36,0.36
20250719B04,システム約定結果,平均落札価格（TSO別）[円/kW・30分],0.57,7.88,13.52,19.51,1.07,2.95,1.78,2.17,7.02,2.76
20250719B04,システム約定結果,落札量合計（TSO別）[MW],34,33.069,5.48,1.92,82,222.761,117.629,71,15.419,583.278
20250719B04,システム約定結果,（内訳）自エリアからの落札量[MW],34,33.069,5.48,1.92,60,176.403,117.629,71,15.419,514.92
20250719B04,追加調達結果,募集量（TSO別）[MW],-,-,-,-,-,-,-,-,-,-
20250719B04,追加調達結果,応札量合計（電源属地別）[MW],0,0,0,0,0,0,0,0,0,0
20250719B04,追加調達結果,約定量合計（電源属地別）[MW],0,0,0,0,0,0,0,0,0,0
20250719B04,追加調達結果,応札件数（電源属地別）[件],0,0,0,0,0,0,0,0,0,0
20250719B04,追加調達結果,約定件数（電源属地別）[件],0,0,0,0,0,0,0,0,0,0
20250719B04,追加調達結果,最高約定価格（電源属地別）[円/kW・30分],0,0,0,0,0,0,0,0,0,0
20250719B04,追加調達結果,最低約定価格（電源属地別）[円/kW・30分],0,0,0,0,0,0,0,0,0,0
20250719B04,追加調達結果,平均約定価格（電源属地別）[円/kW・30分],0,0,0,0,0,0,0,0,0,0
20250719B04,追加調達結果,最高約定価格（TSO別）[円/kW・30分],0,0,0,0,0,0,0,0,0,0
20250719B04,追加調達結果,最低約定価格（TSO別）[円/kW・30分],0,0,0,0,0,0,0,0,0,0
20250719B04,追加調達結果,平均約定価格（TSO別）[円/kW・30分],0,0,0,0,0,0,0,0,0,0
20250719B04,追加調達結果,約定量合計（TSO別）[MW],0,0,0,0,0,0,0,0,0,0
20250719B04,追加調達結果,（内訳）自エリアからの約定量[MW],0,0,0,0,0,0,0,0,0,0
20250719B04,合計（確報値）,募集量（TSO別）[MW],24,197,628,25,97,292,209,66,259,1797
20250719B04,合計（確報値）,応札量合計（電源属地別）[MW],54.69,33.069,5.48,1.92,95,195.403,142.245,128,22.419,678.226
20250719B04,合計（確報値）,約定量合計（電源属地別）[MW],34,33.069,5.48,1.92,60,116.761,142.245,35.742,15.419,444.636
20250719B04,合計（確報値）,応札件数（電源属地別）[件],3,3,3,1,3,6,5,5,6,35
20250719B04,合計（確報値）,約定件数（電源属地別）[件],1,3,3,1,2,5,5,3,5,28
20250719B04,合計（確報値）,最高約定価格（電源属地別）[円/kW・30分],0.57,16.47,19.51,19.51,0.74,9.53,19.51,5.65,19.51,19.51
20250719B04,合計（確報値）,最低約定価格（電源属地別）[円/kW・30分],0.57,4.63,9.26,19.51,0.63,0.36,0.36,0.44,0.36,0.36
20250719B04,合計（確報値）,平均約定価格（電源属地別）[円/kW・30分],0.57,7.88,13.52,19.51,0.69,4.16,1.73,3.21,7.02,3.12
20250719B04,合計（確報値）,最高約定価格（TSO別）[円/kW・30分],0.57,16.47,19.51,19.51,4.35,9.53,19.51,5.65,19.51,19.51
20250719B04,合計（確報値）,最低約定価格（TSO別）[円/kW・30分],0.57,4.63,9.26,19.51,0.63,0.36,0.36,0.44,0.36,0.36
20250719B04,合計（確報値）,平均約定価格（TSO別）[円/kW・30分],0.57,7.88,13.52,19.51,0.85,3.7,1.78,3.12,7.02,3.12
20250719B04,合計（確報値）,約定量合計（TSO別）[MW],34,33.069,5.48,1.92,62.742,141.377,117.629,33,15.419,444.636
20250719B04,合計（確報値）,（内訳）自エリアからの約定量[MW],34,33.069,5.48,1.92,60,116.761,117.629,33,15.419,417.278
20250719B05,システム約定結果,募集量（TSO別）[MW],18,191,628,17,96,252,185,77,262,1726
20250719B05,システム約定結果,応札量合計（電源属地別）[MW],35.99,33.069,5.48,1.92,60,195.403,240.569,133,15.817,721.248
20250719B05,システム約定結果,落札量合計（電源属地別）[MW],34,33.069,5.48,1.92,60,195.403,240.569,106.032,15.817,692.29
20250719B05,システム約定結果,応札件数（電源属地別）[件],2,3,3,1,2,6,6,5,5,33
20250719B05,システム約定結果,落札件数（電源属地別）[件],1,3,3,1,2,6,6,5,5,32
20250719B05,システム約定結果,最高落札価格（電源属地別）[円/kW・30分],0.71,16.47,19.51,19.51,1.2,9.53,19.51,5.58,19.51,19.51
20250719B05,システム約定結果,最低落札価格（電源属地別）[円/kW・30分],0.71,4.26,9.26,19.51,1.02,0.36,0.36,0.54,0.36,0.36
20250719B05,システム約定結果,平均落札価格（電源属地別）[円/kW・30分],0.71,7.61,13.52,19.51,1.13,3.33,1.65,2.06,7.34,2.65
20250719B05,システム約定結果,最高落札価格（TSO別）[円/kW・30分],0.71,16.47,19.51,19.51,2.12,9.53,1.94,5.58,19.51,19.51
20250719B05,システム約定結果,最低落札価格（TSO別）[円/kW・30分],0.71,4.26,9.26,19.51,1.02,0.36,0.36,0.54,0.36,0.36
20250719B05,システム約定結果,平均落札価格（TSO別）[円/kW・30分],0.71,7.61,13.52,19.51,1.28,2.95,1.5,2.17,8.06,2.65
20250719B05,システム約定結果,落札量合計（TSO別）[MW],34,33.069,5.48,1.92,85,252,185,77,18.821,692.29
20250719B05,システム約定結果,（内訳）自エリアからの落札量[MW],34,33.069,5.48,1.92,60,194.403,185,77,15.817,606.689
20250719B05,追加調達結果,募集量（TSO別）[MW],-,-,-,-,-,-,-,-,-,-
20250719B05,追加調達結果,応札量合計（電源属地別）[MW],0,0,0,0,0,0,0,0,0,0
20250719B05,追加調達結果,約定量合計（電源属地別）[MW],0,0,0,0,0,0,0,0,0,0
20250719B05,追加調達結果,応札件数（電源属地別）[件],0,0,0,0,0,0,0,0,0,0
20250719B05,追加調達結果,約定件数（電源属地別）[件],0,0,0,0,0,0,0,0,0,0
20250719B05,追加調達結果,最高約定価格（電源属地別）[円/kW・30分],0,0,0,0,0,0,0,0,0,0
20250719B05,追加調達結果,最低約定価格（電源属地別）[円/kW・30分],0,0,0,0,0,0,0,0,0,0
20250719B05,追加調達結果,平均約定価格（電源属地別）[円/kW・30分],0,0,0,0,0,0,0,0,0,0
20250719B05,追加調達結果,最高約定価格（TSO別）[円/kW・30分],0,0,0,0,0,0,0,0,0,0
20250719B05,追加調達結果,最低約定価格（TSO別）[円/kW・30分],0,0,0,0,0,0,0,0,0,0
20250719B05,追加調達結果,平均約定価格（TSO別）[円/kW・30分],0,0,0,0,0,0,0,0,0,0
20250719B05,追加調達結果,約定量合計（TSO別）[MW],0,0,0,0,0,0,0,0,0,0
20250719B05,追加調達結果,（内訳）自エリアからの約定量[MW],0,0,0,0,0,0,0,0,0,0
20250719B05,合計（確報値）,募集量（TSO別）[MW],18,191,628,17,96,252,185,77,262,1726
20250719B05,合計（確報値）,応札量合計（電源属地別）[MW],35.99,33.069,5.48,1.92,95,195.403,240.569,133,22.817,763.248
20250719B05,合計（確報値）,約定量合計（電源属地別）[MW],34,33.069,5.48,1.92,60,116.761,240.569,72.032,15.817,579.648
20250719B05,合計（確報値）,応札件数（電源属地別）[件],2,3,3,1,4,6,6,5,6,36
20250719B05,合計（確報値）,約定件数（電源属地別）[件],1,3,3,1,3,5,6,4,5,31
20250719B05,合計（確報値）,最高約定価格（電源属地別）[円/kW・30分],0.71,16.47,19.51,19.51,1.13,9.53,19.51,5.58,19.51,19.51
20250719B05,合計（確報値）,最低約定価格（電源属地別）[円/kW・30分],0.71,4.26,9.26,19.51,1.02,0.36,0.36,0.54,0.36,0.36
20250719B05,合計（確報値）,平均約定価格（電源属地別）[円/kW・30分],0.71,7.61,13.52,19.51,1.08,4.14,1.65,2.45,7.34,2.8
20250719B05,合計（確報値）,最高約定価格（TSO別）[円/kW・30分],0.71,16.47,19.51,19.51,1.64,9.53,1.94,5.58,19.51,19.51
20250719B05,合計（確報値）,最低約定価格（TSO別）[円/kW・30分],0.71,4.26,9.26,19.51,1.02,0.36,0.36,0.54,0.36,0.36
20250719B05,合計（確報値）,平均約定価格（TSO別）[円/kW・30分],0.71,7.61,13.52,19.51,1.24,3.31,1.5,2.91,8.06,2.8
20250719B05,合計（確報値）,約定量合計（TSO別）[MW],34,33.069,5.48,1.92,84,174.358,185,43,18.821,579.648
20250719B05,合計（確報値）,（内訳）自エリアからの約定量[MW],34,33.069,5.48,1.92,60,116.761,185,43,15.817,495.047
20250719B06,システム約定結果,募集量（TSO別）[MW],13,191,632,82,103,252,248,64,259,1844
20250719B06,システム約定結果,応札量合計（電源属地別）[MW],92.3,45.069,50.446,26.016,35,195.403,240.569,102,21.171,807.974
20250719B06,システム約定結果,落札量合計（電源属地別）[MW],44,45.069,50.446,26.016,35,195.403,240.569,102,21.171,759.674
20250719B06,システム約定結果,応札件数（電源属地別）[件],3,4,12,3,1,6,6,4,8,47
20250719B06,システム約定結果,落札件数（電源属地別）[件],2,4,12,3,1,6,6,4,8,46
20250719B06,システム約定結果,最高落札価格（電源属地別）[円/kW・30分],3.89,16.47,19.51,19.51,2.79,9.53,19.51,6.81,19.51,19.51
20250719B06,システム約定結果,最低落札価格（電源属地別）[円/kW・30分],0.36,1.72,5.65,5.19,2.79,1.49,1.46,2.74,0.59,0.36
20250719B06,システム約定結果,平均落札価格（電源属地別）[円/kW・30分],3.09,4.77,9,6.27,2.79,4.43,3.76,4.47,10.6,4.63
20250719B06,システム約定結果,最高落札価格（TSO別）[円/kW・30分],3.89,16.47,19.51,19.51,5.04,9.53,19.51,6.81,19.51,19.51
20250719B06,システム約定結果,最低落札価格（TSO別）[円/kW・30分],0.36,1.72,5.65,5.19,2.79,1.49,1.46,2.74,0.59,0.36
20250719B06,システム約定結果,平均落札価格（TSO別）[円/kW・30分],3.09,4.77,9,6.27,3.61,4.54,3.77,4.1,10.6,4.63
20250719B06,システム約定結果,落札量合計（TSO別）[MW],44,45.069,50.446,26.016,71,200.761,240.414,60.797,21.171,759.674
20250719B06,システム約定結果,（内訳）自エリアからの落札量[MW],44,45.069,50.446,26.016,35,177.403,238.414,60.797,21.171,698.316
20250719B06,追加調達結果,募集量（TSO別）[MW],-,-,-,-,-,-,-,-,-,-
20250719B06,追加調達結果,応札量合計（電源属地別）[MW],0,0,0,0,0,0,0,0,0,0
20250719B06,追加調達結果,約定量合計（電源属地別）[MW],0,0,0,0,0,0,0,0,0,0
20250719B06,追加調達結果,応札件数（電源属地別）[件],0,0,0,0,0,0,0,0,0,0
20250719B06,追加調達結果,約定件数（電源属地別）[件],0,0,0,0,0,0,0,0,0,0
20250719B06,追加調達結果,最高約定価格（電源属地別）[円/kW・30分],0,0,0,0,0,0,0,0,0,0
20250719B06,追加調達結果,最低約定価格（電源属地別）[円/kW・30分],0,0,0,0,0,0,0,0,0,0
20250719B06,追加調達結果,平均約定価格（電源属地別）[円/kW・30分],0,0,0,0,0,0,0,0,0,0
20250719B06,追加調達結果,最高約定価格（TSO別）[円/kW・30分],0,0,0,0,0,0,0,0,0,0
20250719B06,追加調達結果,最低約定価格（TSO別）[円/kW・30分],0,0,0,0,0,0,0,0,0,0
20250719B06,追加調達結果,平均約定価格（TSO別）[円/kW・30分],0,0,0,0,0,0,0,0,0,0
20250719B06,追加調達結果,約定量合計（TSO別）[MW],0,0,0,0,0,0,0,0,0,0
20250719B06,追加調達結果,（内訳）自エリアからの約定量[MW],0,0,0,0,0,0,0,0,0,0
20250719B06,合計（確報値）,募集量（TSO別）[MW],13,191,632,82,103,252,248,64,259,1844
20250719B06,合計（確報値）,応札量合計（電源属地別）[MW],92.3,45.069,50.446,38.064,70,243.293,240.569,102,21.171,902.912
20250719B06,合計（確報値）,約定量合計（電源属地別）[MW],44,45.069,50.446,26.016,35,164.651,240.569,68,21.171,694.922
20250719B06,合計（確報値）,応札件数（電源属地別）[件],3,4,12,4,2,8,6,4,8,51
20250719B06,合計（確報値）,約定件数（電源属地別）[件],2,4,12,3,1,7,6,3,8,46
20250719B06,合計（確報値）,最高約定価格（電源属地別）[円/kW・30分],3.89,16.47,19.51,19.51,2.72,9.53,19.51,6.81,19.51,19.51
20250719B06,合計（確報値）,最低約定価格（電源属地別）[円/kW・30分],0.36,1.72,5.65,0.36,2.72,1.22,1.46,2.74,0.59,0.36
20250719B06,合計（確報値）,平均約定価格（電源属地別）[円/kW・30分],3.09,4.77,9,4.04,2.72,3.82,3.76,5.27,10.6,4.49
20250719B06,合計（確報値）,最高約定価格（TSO別）[円/kW・30分],3.89,16.47,19.51,19.51,5.04,9.53,19.51,6.81,19.51,19.51
20250719B06,合計（確報値）,最低約定価格（TSO別）[円/kW・30分],0.36,1.72,5.65,0.36,2.72,1.22,1.46,2.74,0.59,0.36
20250719B06,合計（確報値）,平均約定価格（TSO別）[円/kW・30分],3.09,4.77,9,4.04,3.51,4,3.77,5,10.6,4.49
20250719B06,合計（確報値）,約定量合計（TSO別）[MW],44,45.069,50.446,26.016,53,179.806,240.414,35,21.171,694.922
20250719B06,合計（確報値）,（内訳）自エリアからの約定量[MW],44,45.069,50.446,26.016,35,164.651,238.414,35,21.171,659.767
20250719B07,システム約定結果,募集量（TSO別）[MW],12,161,629,50,102,242,244,52,242,1734
20250719B07,システム約定結果,応札量合計（電源属地別）[MW],94.29,57.069,107.187,74.209,35,195.403,266.023,68,178.343,1075.524
20250719B07,システム約定結果,落札量合計（電源属地別）[MW],34,57.069,107.187,74.209,35,195.403,266.023,68,178.343,1015.234
20250719B07,システム約定結果,応札件数（電源属地別）[件],4,5,16,7,1,6,8,3,9,59
20250719B07,システム約定結果,落札件数（電源属地別）[件],1,5,16,7,1,6,8,3,9,56
20250719B07,システム約定結果,最高落札価格（電源属地別）[円/kW・30分],5.87,16.47,19.51,19.51,4.64,9.53,19.51,8.23,19.51,19.51
20250719B07,システム約定結果,最低落札価格（電源属地別）[円/kW・30分],5.87,1.01,4.19,5.46,4.64,3.65,2.72,4.17,1.7,1.01
20250719B07,システム約定結果,平均落札価格（電源属地別）[円/kW・30分],5.87,4.21,6.42,6.33,4.64,6.05,5.01,5.85,3.45,5.21
20250719B07,システム約定結果,最高落札価格（TSO別）[円/kW・30分],5.87,16.47,19.51,19.51,5.92,9.53,19.51,8.23,19.51,19.51
20250719B07,システム約定結果,最低落札価格（TSO別）[円/kW・30分],5.87,1.01,4.19,5.55,4.64,3.65,2.72,4.17,1.7,1.01
20250719B07,システム約定結果,平均落札価格（TSO別）[円/kW・30分],5.87,4.21,6.42,6.52,5.19,5.95,4.92,6.21,3.45,5.21
20250719B07,システム約定結果,落札量合計（TSO別）[MW],34,57.069,107.187,50,89,226.761,222.023,50.851,178.343,1015.234
20250719B07,システム約定結果,（内訳）自エリアからの落札量[MW],34,57.069,107.187,50,35,185.403,222.023,50.851,178.343,919.876
20250719B07,追加調達結果,募集量（TSO別）[MW],-,-,-,-,-,-,-,-,-,-
20250719B07,追加調達結果,応札量合計（電源属地別）[MW],0,0,0,0,0,0,0,0,0,0
20250719B07,追加調達結果,約定量合計（電源属地別）[MW],0,0,0,0,0,0,0,0,0,0
20250719B07,追加調達結果,応札件数（電源属地別）[件],0,0,0,0,0,0,0,0,0,0
20250719B07,追加調達結果,約定件数（電源属地別）[件],0,0,0,0,0,0,0,0,0,0
20250719B07,追加調達結果,最高約定価格（電源属地別）[円/kW・30分],0,0,0,0,0,0,0,0,0,0
20250719B07,追加調達結果,最低約定価格（電源属地別）[円/kW・30分],0,0,0,0,0,0,0,0,0,0
20250719B07,追加調達結果,平均約定価格（電源属地別）[円/kW・30分],0,0,0,0,0,0,0,0,0,0
20250719B07,追加調達結果,最高約定価格（TSO別）[円/kW・30分],0,0,0,0,0,0,0,0,0,0
20250719B07,追加調達結果,最低約定価格（TSO別）[円/kW・30分],0,0,0,0,0,0,0,0,0,0
20250719B07,追加調達結果,平均約定価格（TSO別）[円/kW・30分],0,0,0,0,0,0,0,0,0,0
20250719B07,追加調達結果,約定量合計（TSO別）[MW],0,0,0,0,0,0,0,0,0,0
20250719B07,追加調達結果,（内訳）自エリアからの約定量[MW],0,0,0,0,0,0,0,0,0,0
20250719B07,合計（確報値）,募集量（TSO別）[MW],12,161,629,50,102,242,244,52,242,1734
20250719B07,合計（確報値）,応札量合計（電源属地別）[MW],94.29,57.069,107.187,110.353,70,243.293,266.023,68,272.343,1288.558
20250719B07,合計（確報値）,約定量合計（電源属地別）[MW],34,57.069,107.187,62.161,35,164.651,266.023,68,178.343,972.434
20250719B07,合計（確報値）,応札件数（電源属地別）[件],4,5,16,10,2,8,8,3,11,67
20250719B07,合計（確報値）,約定件数（電源属地別）[件],1,5,16,6,1,7,8,3,10,57
20250719B07,合計（確報値）,最高約定価格（電源属地別）[円/kW・30分],5.87,16.47,19.51,19.51,4.56,9.53,19.51,8.23,19.51,19.51
20250719B07,合計（確報値）,最低約定価格（電源属地別）[円/kW・30分],5.87,1.01,4.19,0.36,4.56,3.37,2.72,4.17,1.43,0.36
20250719B07,合計（確報値）,平均約定価格（電源属地別）[円/kW・30分],5.87,4.21,6.42,3.02,4.56,5.35,5.01,5.85,3.31,4.81
20250719B07,合計（確報値）,最高約定価格（TSO別）[円/kW・30分],5.87,16.47,19.51,19.51,5.47,9.53,19.51,8.23,19.51,19.51
20250719B07,合計（確報値）,最低約定価格（TSO別）[円/kW・30分],5.87,1.01,4.19,0.36,4.56,0.36,2.72,4.17,1.43,0.36
20250719B07,合計（確報値）,平均約定価格（TSO別）[円/kW・30分],5.87,4.21,6.42,4.7,5.07,4.72,4.92,6.21,3.31,4.81
20250719B07,合計（確報値）,約定量合計（TSO別）[MW],34,57.069,107.187,38.065,79,205.896,222.023,50.851,178.343,972.434
20250719B07,合計（確報値）,（内訳）自エリアからの約定量[MW],34,57.069,107.187,38.065,35,164.651,222.023,50.851,178.343,887.189
20250719B08,システム約定結果,募集量（TSO別）[MW],19,105,601,0,92,215,194,56,235,1517
20250719B08,システム約定結果,応札量合計（電源属地別）[MW],94.29,33.069,95.429,100.957,35,195.403,253.296,68,82.419,957.863
20250719B08,システム約定結果,落札量合計（電源属地別）[MW],44,33.069,95.429,100.957,35,195.403,253.296,68,82.419,907.573
20250719B08,システム約定結果,応札件数（電源属地別）[件],4,3,8,9,1,6,7,3,7,48
20250719B08,システム約定結果,落札件数（電源属地別）[件],2,3,8,9,1,6,7,3,7,46
20250719B08,システム約定結果,最高落札価格（電源属地別）[円/kW・30分],3.43,16.47,19.51,19.51,2.74,9.53,19.51,6.27,19.51,19.51
20250719B08,システム約定結果,最低落札価格（電源属地別）[円/kW・30分],2.96,2.01,2.84,2.77,2.74,1.2,0.44,2.2,0.61,0.44
20250719B08,システム約定結果,平均落札価格（電源属地別）[円/kW・30分],3.32,5.98,3.66,3.67,2.74,4.2,2.7,5.06,3.51,3.63
20250719B08,システム約定結果,最高落札価格（TSO別）[円/kW・30分],3.43,16.47,19.51,0,19.51,9.53,3.05,6.27,19.51,19.51
20250719B08,システム約定結果,最低落札価格（TSO別）[円/kW・30分],2.96,2.01,2.84,0,2.74,1.2,0.44,2.2,0.61,0.44
20250719B08,システム約定結果,平均落札価格（TSO別）[円/kW・30分],3.32,5.98,3.66,0,4.02,3.9,2.45,5.04,3.6,3.63
20250719B08,システム約定結果,落札量合計（TSO別）[MW],44,33.069,95.429,0,92,215,194,56,178.075,907.573
20250719B08,システム約定結果,（内訳）自エリアからの落札量[MW],44,33.069,95.429,0,35,187.323,194,56,82.419,727.24
20250719B08,追加調達結果,募集量（TSO別）[MW],-,-,-,-,-,-,-,-,-,-
20250719B08,追加調達結果,応札量合計（電源属地別）[MW],0,0,0,0,0,0,0,0,0,0
20250719B08,追加調達結果,約定量合計（電源属地別）[MW],0,0,0,0,0,0,0,0,0,0
20250719B08,追加調達結果,応札件数（電源属地別）[件],0,0,0,0,0,0,0,0,0,0
20250719B08,追加調達結果,約定件数（電源属地別）[件],0,0,0,0,0,0,0,0,0,0
20250719B08,追加調達結果,最高約定価格（電源属地別）[円/kW・30分],0,0,0,0,0,0,0,0,0,0
20250719B08,追加調達結果,最低約定価格（電源属地別）[円/kW・30分],0,0,0,0,0,0,0,0,0,0
20250719B08,追加調達結果,平均約定価格（電源属地別）[円/kW・30分],0,0,0,0,0,0,0,0,0,0
20250719B08,追加調達結果,最高約定価格（TSO別）[円/kW・30分],0,0,0,0,0,0,0,0,0,0
20250719B08,追加調達結果,最低約定価格（TSO別）[円/kW・30分],0,0,0,0,0,0,0,0,0,0
20250719B08,追加調達結果,平均約定価格（TSO別）[円/kW・30分],0,0,0,0,0,0,0,0,0,0
20250719B08,追加調達結果,約定量合計（TSO別）[MW],0,0,0,0,0,0,0,0,0,0
20250719B08,追加調達結果,（内訳）自エリアからの約定量[MW],0,0,0,0,0,0,0,0,0,0
20250719B08,合計（確報値）,募集量（TSO別）[MW],19,105,601,0,92,215,194,56,235,1517
20250719B08,合計（確報値）,応札量合計（電源属地別）[MW],94.29,33.069,95.429,135.005,70,243.293,253.296,68,82.419,1074.801
20250719B08,合計（確報値）,約定量合計（電源属地別）[MW],44,33.069,95.429,100.957,35,164.651,253.296,68,82.419,876.821
20250719B08,合計（確報値）,応札件数（電源属地別）[件],4,3,8,12,4,8,7,3,7,56
20250719B08,合計（確報値）,約定件数（電源属地別）[件],2,3,8,9,3,7,7,3,7,49
20250719B08,合計（確報値）,最高約定価格（電源属地別）[円/kW・30分],3.43,16.47,19.51,19.51,2.67,9.53,19.51,6.27,19.51,19.51
20250719B08,合計（確報値）,最低約定価格（電源属地別）[円/kW・30分],2.96,2.01,2.84,0.36,2.67,0.93,0.44,2.2,0.61,0.36
20250719B08,合計（確報値）,平均約定価格（電源属地別）[円/kW・30分],3.32,5.98,3.66,2.62,2.67,3.61,2.7,5.06,3.51,3.38
20250719B08,合計（確報値）,最高約定価格（TSO別）[円/kW・30分],3.43,16.47,19.51,0,19.51,9.53,3.05,6.27,19.51,19.51
20250719B08,合計（確報値）,最低約定価格（TSO別）[円/kW・30分],2.96,2.01,2.84,0,0.36,0.36,0.44,2.2,0.61,0.36
20250719B08,合計（確報値）,平均約定価格（TSO別）[円/kW・30分],3.32,5.98,3.66,0,3.27,3.11,2.45,5.04,3.6,3.38
20250719B08,合計（確報値）,約定量合計（TSO別）[MW],44,33.069,95.429,0,92,184.248,194,56,178.075,876.821
20250719B08,合計（確報値）,（内訳）自エリアからの約定量[MW],44,33.069,95.429,0,35,156.571,194,56,82.419,696.488
20250720B01,システム約定結果,募集量（TSO別）[MW],6,63,523,0,54,211,221,46,180,1304
20250720B01,システム約定結果,応札量合計（電源属地別）[MW],59.8,45.069,5.48,121.318,35,148.004,42.706,68,82.419,607.796
20250720B01,システム約定結果,落札量合計（電源属地別）[MW],10,45.069,5.48,121.318,35,148.004,42.706,68,82.419,557.996
20250720B01,システム約定結果,応札件数（電源属地別）[件],3,4,3,7,1,5,3,3,7,36
20250720B01,システム約定結果,落札件数（電源属地別）[件],1,4,3,7,1,5,3,3,7,34
20250720B01,システム約定結果,最高落札価格（電源属地別）[円/kW・30分],1.85,16.47,19.51,19.51,1.17,7.34,1.94,5.44,19.51,19.51
20250720B01,システム約定結果,最低落札価格（電源属地別）[円/kW・30分],1.85,2.86,9.26,1.94,1.17,0.36,0.36,1.07,0.36,0.36
20250720B01,システム約定結果,平均落札価格（電源属地別）[円/kW・30分],1.85,5.63,13.52,3.22,1.17,1.09,0.95,4.63,2.23,2.65
20250720B01,システム約定結果,最高落札価格（TSO別）[円/kW・30分],1.85,16.47,19.51,0,1.53,7.34,19.51,5.44,19.51,19.51
20250720B01,システム約定結果,最低落札価格（TSO別）[円/kW・30分],1.85,2.86,9.26,0,1.17,0.36,0.36,1.07,0.36,0.36
20250720B01,システム約定結果,平均落札価格（TSO別）[円/kW・30分],1.85,5.63,13.52,0,1.29,1.67,3.06,4.44,2.23,2.65
20250720B01,システム約定結果,落札量合計（TSO別）[MW],10,45.069,5.48,0,51.605,211,106.423,46,82.419,557.996
20250720B01,システム約定結果,（内訳）自エリアからの落札量[MW],10,45.069,5.48,0,35,131.399,42.706,46,82.419,398.073
20250720B01,追加調達結果,募集量（TSO別）[MW],-,-,-,-,-,-,-,-,-,-
20250720B01,追加調達結果,応札量合計（電源属地別）[MW],0,0,0,0,0,0,0,0,0,0
20250720B01,追加調達結果,約定量合計（電源属地別）[MW],0,0,0,0,0,0,0,0,0,0
20250720B01,追加調達結果,応札件数（電源属地別）[件],0,0,0,0,0,0,0,0,0,0
20250720B01,追加調達結果,約定件数（電源属地別）[件],0,0,0,0,0,0,0,0,0,0
20250720B01,追加調達結果,最高約定価格（電源属地別）[円/kW・30分],0,0,0,0,0,0,0,0,0,0
20250720B01,追加調達結果,最低約定価格（電源属地別）[円/kW・30分],0,0,0,0,0,0,0,0,0,0
20250720B01,追加調達結果,平均約定価格（電源属地別）[円/kW・30分],0,0,0,0,0,0,0,0,0,0
20250720B01,追加調達結果,最高約定価格（TSO別）[円/kW・30分],0,0,0,0,0,0,0,0,0,0
20250720B01,追加調達結果,最低約定価格（TSO別）[円/kW・30分],0,0,0,0,0,0,0,0,0,0
20250720B01,追加調達結果,平均約定価格（TSO別）[円/kW・30分],0,0,0,0,0,0,0,0,0,0
20250720B01,追加調達結果,約定量合計（TSO別）[MW],0,0,0,0,0,0,0,0,0,0
20250720B01,追加調達結果,（内訳）自エリアからの約定量[MW],0,0,0,0,0,0,0,0,0,0
20250720B01,合計（確報値）,募集量（TSO別）[MW],6,63,523,0,54,211,221,46,180,1304
20250720B01,合計（確報値）,応札量合計（電源属地別）[MW],59.8,45.069,5.48,240.707,35,148.004,42.706,68,82.419,727.185
20250720B01,合計（確報値）,約定量合計（電源属地別）[MW],10,45.069,5.48,121.318,35,70.004,42.706,68,82.419,479.996
20250720B01,合計（確報値）,応札件数（電源属地別）[件],3,4,3,13,1,5,3,3,7,42
20250720B01,合計（確報値）,約定件数（電源属地別）[件],1,4,3,7,1,4,3,3,7,33
20250720B01,合計（確報値）,最高約定価格（電源属地別）[円/kW・30分],1.85,16.47,19.51,19.51,1.17,7.34,1.94,5.44,19.51,19.51
20250720B01,合計（確報値）,最低約定価格（電源属地別）[円/kW・30分],1.85,2.86,9.26,0.36,1.17,0.36,0.36,1.07,0.36,0.36
20250720B01,合計（確報値）,平均約定価格（電源属地別）[円/kW・30分],1.85,5.63,13.52,0.92,1.17,0.61,0.95,4.63,2.23,2.25
20250720B01,合計（確報値）,最高約定価格（TSO別）[円/kW・30分],1.85,16.47,19.51,0,1.17,7.34,19.51,5.44,19.51,19.51
20250720B01,合計（確報値）,最低約定価格（TSO別）[円/kW・30分],1.85,2.86,9.26,0,1.17,0.36,0.36,1.07,0.36,0.36
20250720B01,合計（確報値）,平均約定価格（TSO別）[円/kW・30分],1.85,5.63,13.52,0,1.17,0.69,1.91,4.44,2.23,2.25
20250720B01,合計（確報値）,約定量合計（TSO別）[MW],10,45.069,5.48,0,35,149.605,106.423,46,82.419,479.996
20250720B01,合計（確報値）,（内訳）自エリアからの約定量[MW],10,45.069,5.48,0,35,70.004,42.706,46,82.419,336.678
20250720B02,システム約定結果,募集量（TSO別）[MW],0,83,471,0,68,210,219,47,206,1304
20250720B02,システム約定結果,応札量合計（電源属地別）[MW],62.69,45.069,170.817,121.318,35,195.403,240.569,68,82.419,1021.285
20250720B02,システム約定結果,落札量合計（電源属地別）[MW],44,45.069,170.817,121.318,35,195.403,240.569,68,82.419,1002.595
20250720B02,システム約定結果,応札件数（電源属地別）[件],5,4,11,7,1,6,6,3,7,50
20250720B02,システム約定結果,落札件数（電源属地別）[件],2,4,11,7,1,6,6,3,7,47
20250720B02,システム約定結果,最高落札価格（電源属地別）[円/kW・30分],1.96,16.47,19.51,19.51,0.71,9.53,19.51,5.47,19.51,19.51
20250720B02,システム約定結果,最低落札価格（電源属地別）[円/kW・30分],1.49,3.19,1.05,3.04,0.71,0.36,0.36,0.98,0.36,0.36
20250720B02,システム約定結果,平均落札価格（電源属地別）[円/kW・30分],1.85,5.86,2.05,4.85,0.71,2.8,1.59,4.6,2.02,2.71
20250720B02,システム約定結果,最高落札価格（TSO別）[円/kW・30分],1.96,16.47,19.51,0,8.19,9.53,1.94,5.47,19.51,19.51
20250720B02,システム約定結果,最低落札価格（TSO別）[円/kW・30分],1.49,3.19,1.05,0,0.71,0.36,0.36,0.98,0.36,0.36
20250720B02,システム約定結果,平均落札価格（TSO別）[円/kW・30分],1.85,5.86,2.05,0,2.83,2.73,1.45,4.4,3.69,2.71
20250720B02,システム約定結果,落札量合計（TSO別）[MW],44,45.069,170.817,0,68,210,219,47,198.709,1002.595
20250720B02,システム約定結果,（内訳）自エリアからの落札量[MW],44,45.069,170.817,0,35,190.108,219,47,82.419,833.413
20250720B02,追加調達結果,募集量（TSO別）[MW],-,-,-,-,-,-,-,-,-,-
20250720B02,追加調達結果,応札量合計（電源属地別）[MW],0,0,0,0,0,0,0,0,0,0
20250720B02,追加調達結果,約定量合計（電源属地別）[MW],0,0,0,0,0,0,0,0,0,0
20250720B02,追加調達結果,応札件数（電源属地別）[件],0,0,0,0,0,0,0,0,0,0
20250720B02,追加調達結果,約定件数（電源属地別）[件],0,0,0,0,0,0,0,0,0,0
20250720B02,追加調達結果,最高約定価格（電源属地別）[円/kW・30分],0,0,0,0,0,0,0,0,0,0
20250720B02,追加調達結果,最低約定価格（電源属地別）[円/kW・30分],0,0,0,0,0,0,0,0,0,0
20250720B02,追加調達結果,平均約定価格（電源属地別）[円/kW・30分],0,0,0,0,0,0,0,0,0,0
20250720B02,追加調達結果,最高約定価格（TSO別）[円/kW・30分],0,0,0,0,0,0,0,0,0,0
20250720B02,追加調達結果,最低約定価格（TSO別）[円/kW・30分],0,0,0,0,0,0,0,0,0,0
20250720B02,追加調達結果,平均約定価格（TSO別）[円/kW・30分],0,0,0,0,0,0,0,0,0,0
20250720B02,追加調達結果,約定量合計（TSO別）[MW],0,0,0,0,0,0,0,0,0,0
20250720B02,追加調達結果,（内訳）自エリアからの約定量[MW],0,0,0,0,0,0,0,0,0,0
20250720B02,合計（確報値）,募集量（TSO別）[MW],0,83,471,0,68,210,219,47,206,1304
20250720B02,合計（確報値）,応札量合計（電源属地別）[MW],62.69,45.069,170.817,240.707,35,195.403,240.569,68,82.419,1140.674
20250720B02,合計（確報値）,約定量合計（電源属地別）[MW],44,45.069,170.817,121.318,35,116.761,240.569,68,82.419,923.953
20250720B02,合計（確報値）,応札件数（電源属地別）[件],5,4,11,14,1,6,6,3,7,57
20250720B02,合計（確報値）,約定件数（電源属地別）[件],2,4,11,8,1,5,6,3,7,47
20250720B02,合計（確報値）,最高約定価格（電源属地別）[円/kW・30分],1.96,16.47,19.51,19.51,0.71,9.53,19.51,5.47,19.51,19.51
20250720B02,合計（確報値）,最低約定価格（電源属地別）[円/kW・30分],1.49,3.19,1.05,0.36,0.71,0.36,0.36,0.98,0.36,0.36
20250720B02,合計（確報値）,平均約定価格（電源属地別）[円/kW・30分],1.85,5.86,2.05,1.48,0.71,4.19,1.59,4.6,2.02,2.44
20250720B02,合計（確報値）,最高約定価格（TSO別）[円/kW・30分],1.96,16.47,19.51,0,0.71,9.53,1.94,5.47,19.51,19.51
20250720B02,合計（確報値）,最低約定価格（TSO別）[円/kW・30分],1.49,3.19,1.05,0,0.36,0.36,0.36,0.98,0.36,0.36
20250720B02,合計（確報値）,平均約定価格（TSO別）[円/kW・30分],1.85,5.86,2.05,0,0.54,3.39,1.45,4.4,2.76,2.44
20250720B02,合計（確報値）,約定量合計（TSO別）[MW],44,45.069,170.817,0,68,131.358,219,47,198.709,923.953
20250720B02,合計（確報値）,（内訳）自エリアからの約定量[MW],44,45.069,170.817,0,35,111.466,219,47,82.419,754.771
20250720B03,システム約定結果,募集量（TSO別）[MW],0,151,571,0,70,259,197,44,240,1532
20250720B03,システム約定結果,応札量合計（電源属地別）[MW],1.5,12,36.149,1.92,19,195.403,240.569,102,15.419,623.96
20250720B03,システム約定結果,落札量合計（電源属地別）[MW],0,12,36.149,1.92,19,195.403,240.569,102,15.419,622.46
20250720B03,システム約定結果,応札件数（電源属地別）[件],1,1,2,1,1,6,6,4,5,27
20250720B03,システム約定結果,落札件数（電源属地別）[件],0,1,2,1,1,6,6,4,5,26
20250720B03,システム約定結果,最高落札価格（電源属地別）[円/kW・30分],0,4.33,0.68,19.51,0.35,9.53,19.51,5.68,19.51,19.51
20250720B03,システム約定結果,最低落札価格（電源属地別）[円/kW・30分],0,4.33,0.63,19.51,0.35,0.36,0.36,1.28,0.36,0.35
20250720B03,システム約定結果,平均落札価格（電源属地別）[円/kW・30分],0,4.33,0.66,19.51,0.35,2.7,1.28,3.59,7.02,2.3
20250720B03,システム約定結果,最高落札価格（TSO別）[円/kW・30分],0,4.33,4.33,0,0.47,19.51,1.94,4.94,19.51,19.51
20250720B03,システム約定結果,最低落札価格（TSO別）[円/kW・30分],0,4.33,0.63,0,0.35,0.36,0.36,1.28,0.36,0.35
20250720B03,システム約定結果,平均落札価格（TSO別）[円/kW・30分],0,4.33,1.1,0,0.43,3.44,1.15,3.19,3.59,2.3
20250720B03,システム約定結果,落札量合計（TSO別）[MW],0,7,41.149,0,55,242.356,197,44,35.955,622.46
20250720B03,システム約定結果,（内訳）自エリアからの落札量[MW],0,7,36.149,0,19,159.403,197,44,15.419,477.971
20250720B03,追加調達結果,募集量（TSO別）[MW],-,-,-,-,-,-,-,-,-,-
20250720B03,追加調達結果,応札量合計（電源属地別）[MW],0,0,0,0,0,0,0,0,0,0
20250720B03,追加調達結果,約定量合計（電源属地別）[MW],0,0,0,0,0,0,0,0,0,0
20250720B03,追加調達結果,応札件数（電源属地別）[件],0,0,0,0,0,0,0,0,0,0
20250720B03,追加調達結果,約定件数（電源属地別）[件],0,0,0,0,0,0,0,0,0,0
20250720B03,追加調達結果,最高約定価格（電源属地別）[円/kW・30分],0,0,0,0,0,0,0,0,0,0
20250720B03,追加調達結果,最低約定価格（電源属地別）[円/kW・30分],0,0,0,0,0,0,0,0,0,0
20250720B03,追加調達結果,平均約定価格（電源属地別）[円/kW・30分],0,0,0,0,0,0,0,0,0,0
20250720B03,追加調達結果,最高約定価格（TSO別）[円/kW・30分],0,0,0,0,0,0,0,0,0,0
20250720B03,追加調達結果,最低約定価格（TSO別）[円/kW・30分],0,0,0,0,0,0,0,0,0,0
20250720B03,追加調達結果,平均約定価格（TSO別）[円/kW・30分],0,0,0,0,0,0,0,0,0,0
20250720B03,追加調達結果,約定量合計（TSO別）[MW],0,0,0,0,0,0,0,0,0,0
20250720B03,追加調達結果,（内訳）自エリアからの約定量[MW],0,0,0,0,0,0,0,0,0,0
20250720B03,合計（確報値）,募集量（TSO別）[MW],0,151,571,0,70,259,197,44,240,1532
20250720B03,合計（確報値）,応札量合計（電源属地別）[MW],1.5,12,36.149,1.92,19,195.403,240.569,102,15.419,623.96
20250720B03,合計（確報値）,約定量合計（電源属地別）[MW],0,12,36.149,1.92,19,116.761,240.569,68,15.419,509.818
20250720B03,合計（確報値）,応札件数（電源属地別）[件],1,1,2,1,1,6,6,4,5,27
20250720B03,合計（確報値）,約定件数（電源属地別）[件],0,1,2,1,1,5,6,3,5,24
20250720B03,合計（確報値）,最高約定価格（電源属地別）[円/kW・30分],0,4.33,0.68,19.51,0.35,9.53,19.51,5.68,19.51,19.51
20250720B03,合計（確報値）,最低約定価格（電源属地別）[円/kW・30分],0,4.33,0.63,19.51,0.35,0.36,0.36,1.45,0.36,0.35
20250720B03,合計（確報値）,平均約定価格（電源属地別）[円/kW・30分],0,4.33,0.66,19.51,0.35,4.2,1.28,4.75,7.02,2.65
20250720B03,合計（確報値）,最高約定価格（TSO別）[円/kW・30分],0,4.33,4.33,0,0.35,19.51,1.94,4.94,19.51,19.51
20250720B03,合計（確報値）,最低約定価格（TSO別）[円/kW・30分],0,4.33,0.63,0,0.35,0.36,0.36,4.94,0.36,0.35
20250720B03,合計（確報値）,平均約定価格（TSO別）[円/kW・30分],0,4.33,1.1,0,0.35,4.27,1.15,4.94,3.59,2.65
20250720B03,合計（確報値）,約定量合計（TSO別）[MW],0,7,41.149,0,19,186.714,197,23,35.955,509.818
20250720B03,合計（確報値）,（内訳）自エリアからの約定量[MW],0,7,36.149,0,19,116.761,197,23,15.419,414.329
20250720B04,システム約定結果,募集量（TSO別）[MW],24,197,628,25,97,292,209,66,259,1797
20250720B04,システム約定結果,応札量合計（電源属地別）[MW],56.19,33.069,13.448,1.92,60,195.403,142.245,128,17.343,647.618
20250720B04,システム約定結果,落札量合計（電源属地別）[MW],34,33.069,13.448,1.92,60,195.403,142.245,97.742,17.343,595.17
20250720B04,システム約定結果,応札件数（電源属地別）[件],4,3,10,1,2,6,5,5,6,42
20250720B04,システム約定結果,落札件数（電源属地別）[件],1,3,10,1,2,6,5,4,6,38
20250720B04,システム約定結果,最高落札価格（電源属地別）[円/kW・30分],0.36,16.47,19.51,19.51,0.39,9.53,19.51,5.95,19.51,19.51
20250720B04,システム約定結果,最低落札価格（電源属地別）[円/kW・30分],0.36,4.66,9.26,19.51,0.35,0.36,0.36,1.6,0.36,0.35
20250720B04,システム約定結果,平均落札価格（電源属地別）[円/kW・30分],0.36,7.9,17.06,19.51,0.37,2.87,0.96,3.38,8.41,2.92
20250720B04,システム約定結果,最高落札価格（TSO別）[円/kW・30分],0.36,16.47,19.51,19.51,5.92,9.53,19.51,5.95,19.51,19.51
20250720B04,システム約定結果,最低落札価格（TSO別）[円/kW・30分],0.36,4.66,9.26,19.51,0.35,0.36,0.36,1.6,0.36,0.35
20250720B04,システム約定結果,平均落札価格（TSO別）[円/kW・30分],0.36,7.9,17.06,19.51,0.7,3.09,1.03,2.51,8.41,2.92
20250720B04,システム約定結果,落札量合計（TSO別）[MW],34,33.069,13.448,1.92,82,222.761,117.629,73,17.343,595.17
20250720B04,システム約定結果,（内訳）自エリアからの落札量[MW],34,33.069,13.448,1.92,60,176.403,117.629,73,17.343,526.812
20250720B04,追加調達結果,募集量（TSO別）[MW],-,-,-,-,-,-,-,-,-,-
20250720B04,追加調達結果,応札量合計（電源属地別）[MW],0,0,0,0,0,0,0,0,0,0
20250720B04,追加調達結果,約定量合計（電源属地別）[MW],0,0,0,0,0,0,0,0,0,0
20250720B04,追加調達結果,応札件数（電源属地別）[件],0,0,0,0,0,0,0,0,0,0
20250720B04,追加調達結果,約定件数（電源属地別）[件],0,0,0,0,0,0,0,0,0,0
20250720B04,追加調達結果,最高約定価格（電源属地別）[円/kW・30分],0,0,0,0,0,0,0,0,0,0
20250720B04,追加調達結果,最低約定価格（電源属地別）[円/kW・30分],0,0,0,0,0,0,0,0,0,0
20250720B04,追加調達結果,平均約定価格（電源属地別）[円/kW・30分],0,0,0,0,0,0,0,0,0,0
20250720B04,追加調達結果,最高約定価格（TSO別）[円/kW・30分],0,0,0,0,0,0,0,0,0,0
20250720B04,追加調達結果,最低約定価格（TSO別）[円/kW・30分],0,0,0,0,0,0,0,0,0,0
20250720B04,追加調達結果,平均約定価格（TSO別）[円/kW・30分],0,0,0,0,0,0,0,0,0,0
20250720B04,追加調達結果,約定量合計（TSO別）[MW],0,0,0,0,0,0,0,0,0,0
20250720B04,追加調達結果,（内訳）自エリアからの約定量[MW],0,0,0,0,0,0,0,0,0,0
20250720B04,合計（確報値）,募集量（TSO別）[MW],24,197,628,25,97,292,209,66,259,1797
20250720B04,合計（確報値）,応札量合計（電源属地別）[MW],56.19,33.069,13.448,1.92,95,195.403,142.245,128,24.343,689.618
20250720B04,合計（確報値）,約定量合計（電源属地別）[MW],34,33.069,13.448,1.92,60,116.761,142.245,63.742,17.343,482.528
20250720B04,合計（確報値）,応札件数（電源属地別）[件],4,3,10,1,3,6,5,5,7,44
20250720B04,合計（確報値）,約定件数（電源属地別）[件],1,3,10,1,2,5,5,3,6,36
20250720B04,合計（確報値）,最高約定価格（電源属地別）[円/kW・30分],0.36,16.47,19.51,19.51,0.35,9.53,19.51,5.95,19.51,19.51
20250720B04,合計（確報値）,最低約定価格（電源属地別）[円/kW・30分],0.36,4.66,9.26,19.51,0.35,0.36,0.36,1.98,0.36,0.35
20250720B04,合計（確報値）,平均約定価格（電源属地別）[円/kW・30分],0.36,7.9,17.06,19.51,0.35,4.19,0.96,4.33,8.41,3.34
20250720B04,合計（確報値）,最高約定価格（TSO別）[円/kW・30分],0.36,16.47,19.51,19.51,5.92,9.53,19.51,5.95,19.51,19.51
20250720B04,合計（確報値）,最低約定価格（TSO別）[円/kW・30分],0.36,4.66,9.26,19.51,0.35,0.36,0.36,1.98,0.36,0.35
20250720B04,合計（確報値）,平均約定価格（TSO別）[円/kW・30分],0.36,7.9,17.06,19.51,0.62,3.89,1.03,3.3,8.41,3.34
20250720B04,合計（確報値）,約定量合計（TSO別）[MW],34,33.069,13.448,1.92,63,163.119,117.629,39,17.343,482.528
20250720B04,合計（確報値）,（内訳）自エリアからの約定量[MW],34,33.069,13.448,1.92,60,116.761,117.629,39,17.343,433.17
20250720B05,システム約定結果,募集量（TSO別）[MW],18,191,628,17,96,252,185,77,262,1726
20250720B05,システム約定結果,応札量合計（電源属地別）[MW],37.49,33.069,10.448,1.92,60,195.403,240.569,133,19.731,731.63
20250720B05,システム約定結果,落札量合計（電源属地別）[MW],34,33.069,10.448,1.92,60,195.403,240.569,106.032,19.731,701.172
20250720B05,システム約定結果,応札件数（電源属地別）[件],3,3,7,1,2,6,6,5,7,40
20250720B05,システム約定結果,落札件数（電源属地別）[件],1,3,7,1,2,6,6,5,7,38
20250720B05,システム約定結果,最高落札価格（電源属地別）[円/kW・30分],0.65,16.47,19.51,19.51,1.23,9.53,19.51,5.63,19.51,19.51
20250720B05,システム約定結果,最低落札価格（電源属地別）[円/kW・30分],0.65,4.28,9.26,19.51,1.04,0.36,0.36,0.65,0.36,0.36
20250720B05,システム約定結果,平均落札価格（電源属地別）[円/kW・30分],0.65,7.62,16.37,19.51,1.15,3.3,1,2.05,9.75,2.63
20250720B05,システム約定結果,最高落札価格（TSO別）[円/kW・30分],0.65,16.47,19.51,19.51,2.03,9.53,1.94,4.48,19.51,19.51
20250720B05,システム約定結果,最低落札価格（TSO別）[円/kW・30分],0.65,4.28,9.26,19.51,0.65,0.36,0.36,0.83,0.36,0.36
20250720B05,システム約定結果,平均落札価格（TSO別）[円/kW・30分],0.65,7.62,16.37,19.51,1.05,2.95,0.87,2.04,7.98,2.63
20250720B05,システム約定結果,落札量合計（TSO別）[MW],34,33.069,10.448,1.92,85,245.403,185,77,29.332,701.172
20250720B05,システム約定結果,（内訳）自エリアからの落札量[MW],34,33.069,10.448,1.92,60,194.403,185,77,19.731,615.571
20250720B05,追加調達結果,募集量（TSO別）[MW],-,-,-,-,-,-,-,-,-,-
20250720B05,追加調達結果,応札量合計（電源属地別）[MW],0,0,0,0,0,0,0,0,0,0
20250720B05,追加調達結果,約定量合計（電源属地別）[MW],0,0,0,0,0,0,0,0,0,0
20250720B05,追加調達結果,応札件数（電源属地別）[件],0,0,0,0,0,0,0,0,0,0
20250720B05,追加調達結果,約定件数（電源属地別）[件],0,0,0,0,0,0,0,0,0,0
20250720B05,追加調達結果,最高約定価格（電源属地別）[円/kW・30分],0,0,0,0,0,0,0,0,0,0
20250720B05,追加調達結果,最低約定価格（電源属地別）[円/kW・30分],0,0,0,0,0,0,0,0,0,0
20250720B05,追加調達結果,平均約定価格（電源属地別）[円/kW・30分],0,0,0,0,0,0,0,0,0,0
20250720B05,追加調達結果,最高約定価格（TSO別）[円/kW・30分],0,0,0,0,0,0,0,0,0,0
20250720B05,追加調達結果,最低約定価格（TSO別）[円/kW・30分],0,0,0,0,0,0,0,0,0,0
20250720B05,追加調達結果,平均約定価格（TSO別）[円/kW・30分],0,0,0,0,0,0,0,0,0,0
20250720B05,追加調達結果,約定量合計（TSO別）[MW],0,0,0,0,0,0,0,0,0,0
20250720B05,追加調達結果,（内訳）自エリアからの約定量[MW],0,0,0,0,0,0,0,0,0,0
20250720B05,合計（確報値）,募集量（TSO別）[MW],18,191,628,17,96,252,185,77,262,1726
20250720B05,合計（確報値）,応札量合計（電源属地別）[MW],37.49,33.069,10.448,1.92,95,195.403,240.569,133,26.731,773.63
20250720B05,合計（確報値）,約定量合計（電源属地別）[MW],34,33.069,10.448,1.92,60,116.761,240.569,72.032,19.731,588.53
20250720B05,合計（確報値）,応札件数（電源属地別）[件],3,3,7,1,4,6,6,5,8,43
20250720B05,合計（確報値）,約定件数（電源属地別）[件],1,3,7,1,3,5,6,4,7,37
20250720B05,合計（確報値）,最高約定価格（電源属地別）[円/kW・30分],0.65,16.47,19.51,19.51,1.15,9.53,19.51,5.63,19.51,19.51
20250720B05,合計（確報値）,最低約定価格（電源属地別）[円/kW・30分],0.65,4.28,9.26,19.51,1.04,0.36,0.36,0.65,0.36,0.36
20250720B05,合計（確報値）,平均約定価格（電源属地別）[円/kW・30分],0.65,7.62,16.37,19.51,1.1,4.16,1,2.44,9.75,2.79
20250720B05,合計（確報値）,最高約定価格（TSO別）[円/kW・30分],0.65,16.47,19.51,19.51,1.15,9.53,1.94,4.48,19.51,19.51
20250720B05,合計（確報値）,最低約定価格（TSO別）[円/kW・30分],0.65,4.28,9.26,19.51,0.65,0.36,0.36,0.83,0.36,0.36
20250720B05,合計（確報値）,平均約定価格（TSO別）[円/kW・30分],0.65,7.62,16.37,19.51,1,3.53,0.87,2.38,7.98,2.79
20250720B05,合計（確報値）,約定量合計（TSO別）[MW],34,33.069,10.448,1.92,84,156.761,185,54,29.332,588.53
20250720B05,合計（確報値）,（内訳）自エリアからの約定量[MW],34,33.069,10.448,1.92,60,116.761,185,54,19.731,514.929
20250720B06,システム約定結果,募集量（TSO別）[MW],13,191,632,82,103,252,248,64,259,1844
20250720B06,システム約定結果,応札量合計（電源属地別）[MW],93.8,45.069,31.947,38.065,35,195.403,240.569,102,21.171,803.024
20250720B06,システム約定結果,落札量合計（電源属地別）[MW],44,45.069,31.947,38.065,35,195.403,240.569,102,21.171,753.224
20250720B06,システム約定結果,応札件数（電源属地別）[件],4,4,11,4,1,6,6,4,8,48
20250720B06,システム約定結果,落札件数（電源属地別）[件],2,4,11,4,1,6,6,4,8,46
20250720B06,システム約定結果,最高落札価格（電源属地別）[円/kW・30分],3.16,16.47,19.51,19.51,2.53,9.53,19.51,6.39,19.51,19.51
20250720B06,システム約定結果,最低落札価格（電源属地別）[円/kW・30分],0.36,1.84,5.71,5.22,2.53,0.93,1.21,1.76,0.59,0.36
20250720B06,システム約定結果,平均落札価格（電源属地別）[円/kW・30分],2.52,4.85,10.49,6.05,2.53,4,3.36,3.99,10.54,4.25
20250720B06,システム約定結果,最高落札価格（TSO別）[円/kW・30分],3.16,16.47,19.51,19.51,5.14,9.53,19.51,6.39,19.51,19.51
20250720B06,システム約定結果,最低落札価格（TSO別）[円/kW・30分],0.36,1.84,5.71,5.22,2.33,0.93,1.21,1.76,0.59,0.36
20250720B06,システム約定結果,平均落札価格（TSO別）[円/kW・30分],2.52,4.85,10.49,6.05,2.93,4.24,3.39,3.49,10.54,4.25
20250720B06,システム約定結果,落札量合計（TSO別）[MW],44,45.069,31.947,38.065,71,200.761,240.414,60.797,21.171,753.224
20250720B06,システム約定結果,（内訳）自エリアからの落札量[MW],44,45.069,31.947,38.065,35,177.403,238.414,60.797,21.171,691.866
20250720B06,追加調達結果,募集量（TSO別）[MW],-,-,-,-,-,-,-,-,-,-
20250720B06,追加調達結果,応札量合計（電源属地別）[MW],0,0,0,0,0,0,0,0,0,0
20250720B06,追加調達結果,約定量合計（電源属地別）[MW],0,0,0,0,0,0,0,0,0,0
20250720B06,追加調達結果,応札件数（電源属地別）[件],0,0,0,0,0,0,0,0,0,0
20250720B06,追加調達結果,約定件数（電源属地別）[件],0,0,0,0,0,0,0,0,0,0
20250720B06,追加調達結果,最高約定価格（電源属地別）[円/kW・30分],0,0,0,0,0,0,0,0,0,0
20250720B06,追加調達結果,最低約定価格（電源属地別）[円/kW・30分],0,0,0,0,0,0,0,0,0,0
20250720B06,追加調達結果,平均約定価格（電源属地別）[円/kW・30分],0,0,0,0,0,0,0,0,0,0
20250720B06,追加調達結果,最高約定価格（TSO別）[円/kW・30分],0,0,0,0,0,0,0,0,0,0
20250720B06,追加調達結果,最低約定価格（TSO別）[円/kW・30分],0,0,0,0,0,0,0,0,0,0
20250720B06,追加調達結果,平均約定価格（TSO別）[円/kW・30分],0,0,0,0,0,0,0,0,0,0
20250720B06,追加調達結果,約定量合計（TSO別）[MW],0,0,0,0,0,0,0,0,0,0
20250720B06,追加調達結果,（内訳）自エリアからの約定量[MW],0,0,0,0,0,0,0,0,0,0
20250720B06,合計（確報値）,募集量（TSO別）[MW],13,191,632,82,103,252,248,64,259,1844
20250720B06,合計（確報値）,応札量合計（電源属地別）[MW],93.8,57.069,31.947,62.161,70,243.293,240.569,102,21.171,922.01
20250720B06,合計（確報値）,約定量合計（電源属地別）[MW],44,45.069,31.947,38.065,35,164.651,240.569,68,21.171,688.472
20250720B06,合計（確報値）,応札件数（電源属地別）[件],4,5,11,6,2,8,6,4,8,54
20250720B06,合計（確報値）,約定件数（電源属地別）[件],2,4,11,4,1,7,6,3,8,46
20250720B06,合計（確報値）,最高約定価格（電源属地別）[円/kW・30分],3.16,16.47,19.51,19.51,2.46,9.53,19.51,6.39,19.51,19.51
20250720B06,合計（確報値）,最低約定価格（電源属地別）[円/kW・30分],0.36,1.84,5.71,0.36,2.46,0.65,1.21,2.33,0.59,0.36
20250720B06,合計（確報値）,平均約定価格（電源属地別）[円/kW・30分],2.52,4.85,10.49,2.96,2.46,3.42,3.36,5.11,10.54,4.08
20250720B06,合計（確報値）,最高約定価格（TSO別）[円/kW・30分],3.16,16.47,19.51,19.51,5.14,9.53,19.51,6.39,19.51,19.51
20250720B06,合計（確報値）,最低約定価格（TSO別）[円/kW・30分],0.36,1.84,5.71,0.36,2.33,0.65,1.21,5.14,0.59,0.36
20250720B06,合計（確報値）,平均約定価格（TSO別）[円/kW・30分],2.52,4.85,10.49,2.96,2.79,3.68,3.39,5.69,10.54,4.08
20250720B06,合計（確報値）,約定量合計（TSO別）[MW],44,45.069,31.947,38.065,53,188.009,240.414,26.797,21.171,688.472
20250720B06,合計（確報値）,（内訳）自エリアからの約定量[MW],44,45.069,31.947,38.065,35,164.651,238.414,26.797,21.171,645.114
20250720B07,システム約定結果,募集量（TSO別）[MW],12,161,629,50,102,242,244,52,242,1734
20250720B07,システム約定結果,応札量合計（電源属地別）[MW],95.79,57.069,28.947,74.209,35,195.403,266.023,68,141.419,961.86
20250720B07,システム約定結果,落札量合計（電源属地別）[MW],35.5,57.069,28.947,74.209,35,195.403,266.023,68,141.419,901.57
20250720B07,システム約定結果,応札件数（電源属地別）[件],5,5,8,7,1,6,8,3,8,51
20250720B07,システム約定結果,落札件数（電源属地別）[件],2,5,8,7,1,6,8,3,8,48
20250720B07,システム約定結果,最高落札価格（電源属地別）[円/kW・30分],6.3,16.47,19.51,19.51,4.98,9.53,19.51,8.23,19.51,19.51
20250720B07,システム約定結果,最低落札価格（電源属地別）[円/kW・30分],4,0.97,5.86,5.63,4.98,4.07,2.7,4.16,1.7,0.97
20250720B07,システム約定結果,平均落札価格（電源属地別）[円/kW・30分],6.2,4.22,9.65,6.43,4.98,6.37,5,5.85,3.67,5.42
20250720B07,システム約定結果,最高落札価格（TSO別）[円/kW・30分],6.3,16.47,19.51,19.51,6.48,9.53,19.51,8.23,19.51,19.51
20250720B07,システム約定結果,最低落札価格（TSO別）[円/kW・30分],4,0.97,5.86,5.72,4.78,4.07,2.7,4.16,1.7,0.97
20250720B07,システム約定結果,平均落札価格（TSO別）[円/kW・30分],6.2,4.22,9.65,6.61,5.42,6.21,4.91,6.17,3.67,5.42
20250720B07,システム約定結果,落札量合計（TSO別）[MW],35.5,57.069,28.947,50,89,226.761,220.874,52,141.419,901.57
20250720B07,システム約定結果,（内訳）自エリアからの落札量[MW],35.5,57.069,28.947,50,35,185.403,220.874,52,141.419,806.212
20250720B07,追加調達結果,募集量（TSO別）[MW],-,-,-,-,-,-,-,-,-,-
20250720B07,追加調達結果,応札量合計（電源属地別）[MW],0,0,0,0,0,0,0,0,0,0
20250720B07,追加調達結果,約定量合計（電源属地別）[MW],0,0,0,0,0,0,0,0,0,0
20250720B07,追加調達結果,応札件数（電源属地別）[件],0,0,0,0,0,0,0,0,0,0
20250720B07,追加調達結果,約定件数（電源属地別）[件],0,0,0,0,0,0,0,0,0,0
20250720B07,追加調達結果,最高約定価格（電源属地別）[円/kW・30分],0,0,0,0,0,0,0,0,0,0
20250720B07,追加調達結果,最低約定価格（電源属地別）[円/kW・30分],0,0,0,0,0,0,0,0,0,0
20250720B07,追加調達結果,平均約定価格（電源属地別）[円/kW・30分],0,0,0,0,0,0,0,0,0,0
20250720B07,追加調達結果,最高約定価格（TSO別）[円/kW・30分],0,0,0,0,0,0,0,0,0,0
20250720B07,追加調達結果,最低約定価格（TSO別）[円/kW・30分],0,0,0,0,0,0,0,0,0,0
20250720B07,追加調達結果,平均約定価格（TSO別）[円/kW・30分],0,0,0,0,0,0,0,0,0,0
20250720B07,追加調達結果,約定量合計（TSO別）[MW],0,0,0,0,0,0,0,0,0,0
20250720B07,追加調達結果,（内訳）自エリアからの約定量[MW],0,0,0,0,0,0,0,0,0,0
20250720B07,合計（確報値）,募集量（TSO別）[MW],12,161,629,50,102,242,244,52,242,1734
20250720B07,合計（確報値）,応札量合計（電源属地別）[MW],95.79,57.069,28.947,86.257,70,243.293,266.023,68,200.419,1115.798
20250720B07,合計（確報値）,約定量合計（電源属地別）[MW],35.5,57.069,28.947,74.209,35,164.651,266.023,68,141.419,870.818
20250720B07,合計（確報値）,応札件数（電源属地別）[件],5,5,8,8,2,8,8,3,9,56
20250720B07,合計（確報値）,約定件数（電源属地別）[件],2,5,8,7,1,7,8,3,8,49
20250720B07,合計（確報値）,最高約定価格（電源属地別）[円/kW・30分],6.3,16.47,19.51,19.51,4.9,9.53,19.51,8.23,19.51,19.51
20250720B07,合計（確報値）,最低約定価格（電源属地別）[円/kW・30分],4,0.97,5.86,0.36,4.9,3.8,2.7,4.16,1.7,0.36
20250720B07,合計（確報値）,平均約定価格（電源属地別）[円/kW・30分],6.2,4.22,9.65,5.45,4.9,5.65,5,5.85,3.67,5.16
20250720B07,合計（確報値）,最高約定価格（TSO別）[円/kW・30分],6.3,16.47,19.51,19.51,6.48,9.53,19.51,8.23,19.51,19.51
20250720B07,合計（確報値）,最低約定価格（TSO別）[円/kW・30分],4,0.97,5.86,0.36,4.78,3.8,2.7,4.16,1.7,0.36
20250720B07,合計（確報値）,平均約定価格（TSO別）[円/kW・30分],6.2,4.22,9.65,5.16,5.26,5.61,4.91,6.17,3.67,5.16
20250720B07,合計（確報値）,約定量合計（TSO別）[MW],35.5,57.069,28.947,50,79,206.009,220.874,52,141.419,870.818
20250720B07,合計（確報値）,（内訳）自エリアからの約定量[MW],35.5,57.069,28.947,50,35,164.651,220.874,52,141.419,785.46
20250720B08,システム約定結果,募集量（TSO別）[MW],19,105,601,0,92,215,194,56,235,1517
20250720B08,システム約定結果,応札量合計（電源属地別）[MW],95.79,33.069,23.979,109.802,35,195.403,253.296,68,82.419,896.758
20250720B08,システム約定結果,落札量合計（電源属地別）[MW],44,33.069,23.979,109.802,35,195.403,253.296,68,82.419,844.968
20250720B08,システム約定結果,応札件数（電源属地別）[件],5,3,4,8,1,6,7,3,7,44
20250720B08,システム約定結果,落札件数（電源属地別）[件],2,3,4,8,1,6,7,3,7,41
20250720B08,システム約定結果,最高落札価格（電源属地別）[円/kW・30分],3.57,16.47,19.51,19.51,2.66,9.53,19.51,6.29,19.51,19.51
20250720B08,システム約定結果,最低落札価格（電源属地別）[円/kW・30分],3.1,1.96,3.5,2.94,2.66,1.32,0.45,2.23,0.61,0.45
20250720B08,システム約定結果,平均落札価格（電源属地別）[円/kW・30分],3.46,5.94,5.79,4.25,2.66,4.29,2.69,5.07,3.51,3.79
20250720B08,システム約定結果,最高落札価格（TSO別）[円/kW・30分],3.57,16.47,19.51,0,19.51,9.53,3.03,6.29,19.51,19.51
20250720B08,システム約定結果,最低落札価格（TSO別）[円/kW・30分],3.1,16.47,1.96,0,2.66,1.32,0.45,2.23,0.61,0.45
20250720B08,システム約定結果,平均落札価格（TSO別）[円/kW・30分],3.46,16.47,3.87,0,4.03,4.21,2.44,5.05,3.64,3.79
20250720B08,システム約定結果,落札量合計（TSO別）[MW],44,9.069,47.979,0,92,215,194,56,186.92,844.968
20250720B08,システム約定結果,（内訳）自エリアからの落札量[MW],44,9.069,23.979,0,35,167.302,194,56,82.419,611.769
20250720B08,追加調達結果,募集量（TSO別）[MW],-,-,-,-,-,-,-,-,-,-
20250720B08,追加調達結果,応札量合計（電源属地別）[MW],0,0,0,0,0,0,0,0,0,0
20250720B08,追加調達結果,約定量合計（電源属地別）[MW],0,0,0,0,0,0,0,0,0,0
20250720B08,追加調達結果,応札件数（電源属地別）[件],0,0,0,0,0,0,0,0,0,0
20250720B08,追加調達結果,約定件数（電源属地別）[件],0,0,0,0,0,0,0,0,0,0
20250720B08,追加調達結果,最高約定価格（電源属地別）[円/kW・30分],0,0,0,0,0,0,0,0,0,0
20250720B08,追加調達結果,最低約定価格（電源属地別）[円/kW・30分],0,0,0,0,0,0,0,0,0,0
20250720B08,追加調達結果,平均約定価格（電源属地別）[円/kW・30分],0,0,0,0,0,0,0,0,0,0
20250720B08,追加調達結果,最高約定価格（TSO別）[円/kW・30分],0,0,0,0,0,0,0,0,0,0
20250720B08,追加調達結果,最低約定価格（TSO別）[円/kW・30分],0,0,0,0,0,0,0,0,0,0
20250720B08,追加調達結果,平均約定価格（TSO別）[円/kW・30分],0,0,0,0,0,0,0,0,0,0
20250720B08,追加調達結果,約定量合計（TSO別）[MW],0,0,0,0,0,0,0,0,0,0
20250720B08,追加調達結果,（内訳）自エリアからの約定量[MW],0,0,0,0,0,0,0,0,0,0
20250720B08,合計（確報値）,募集量（TSO別）[MW],19,105,601,0,92,215,194,56,235,1517
20250720B08,合計（確報値）,応札量合計（電源属地別）[MW],95.79,33.069,23.979,144.696,70,243.293,253.296,68,82.419,1014.542
20250720B08,合計（確報値）,約定量合計（電源属地別）[MW],44,33.069,23.979,109.802,35,164.651,253.296,68,82.419,814.216
20250720B08,合計（確報値）,応札件数（電源属地別）[件],5,3,4,11,4,8,7,3,7,52
20250720B08,合計（確報値）,約定件数（電源属地別）[件],2,3,4,9,3,7,7,3,7,45
20250720B08,合計（確報値）,最高約定価格（電源属地別）[円/kW・30分],3.57,16.47,19.51,19.51,2.58,9.53,19.51,6.29,19.51,19.51
20250720B08,合計（確報値）,最低約定価格（電源属地別）[円/kW・30分],3.1,1.96,3.5,0.36,2.58,1.04,0.45,2.23,0.61,0.36
20250720B08,合計（確報値）,平均約定価格（電源属地別）[円/kW・30分],3.46,5.94,5.79,3.04,2.58,3.69,2.69,5.07,3.51,3.48
20250720B08,合計（確報値）,最高約定価格（TSO別）[円/kW・30分],3.57,16.47,19.51,0,19.51,9.53,3.03,6.29,19.51,19.51
20250720B08,合計（確報値）,最低約定価格（TSO別）[円/kW・30分],3.1,16.47,1.96,0,0.36,0.36,0.45,2.23,0.36,0.36
20250720B08,合計（確報値）,平均約定価格（TSO別）[円/kW・30分],3.46,16.47,3.87,0,3.21,3.47,2.44,5.05,3.48,3.48
20250720B08,合計（確報値）,約定量合計（TSO別）[MW],44,9.069,47.979,0,68.29,207.958,194,56,186.92,814.216
20250720B08,合計（確報値）,（内訳）自エリアからの約定量[MW],44,9.069,23.979,0,35,160.26,194,56,82.419,604.727
20250721B01,システム約定結果,募集量（TSO別）[MW],6,63,523,0,54,211,221,46,180,1304
20250721B01,システム約定結果,応札量合計（電源属地別）[MW],59.8,45.069,48.266,199.282,35,148.646,140.445,68,82.419,826.927
20250721B01,システム約定結果,落札量合計（電源属地別）[MW],10,45.069,48.266,199.282,35,148.646,140.445,68,82.419,777.127
20250721B01,システム約定結果,応札件数（電源属地別）[件],3,4,5,9,1,5,4,3,7,41
20250721B01,システム約定結果,落札件数（電源属地別）[件],1,4,5,9,1,5,4,3,7,39
20250721B01,システム約定結果,最高落札価格（電源属地別）[円/kW・30分],2.03,16.47,19.51,19.51,1.17,6.96,1.94,5.4,19.51,19.51
20250721B01,システム約定結果,最低落札価格（電源属地別）[円/kW・30分],2.03,2.72,1.84,1.88,1.17,0.36,0.36,1.25,0.36,0.36
20250721B01,システム約定結果,平均落札価格（電源属地別）[円/kW・30分],2.03,5.52,3.5,3.06,1.17,1.48,1.35,4.7,2.23,2.57
20250721B01,システム約定結果,最高落札価格（TSO別）[円/kW・30分],2.03,16.47,19.51,0,1.98,6.96,19.51,5.4,19.51,19.51
20250721B01,システム約定結果,最低落札価格（TSO別）[円/kW・30分],2.03,2.72,1.84,0,1.17,0.36,0.36,1.25,0.36,0.36
20250721B01,システム約定結果,平均落札価格（TSO別）[円/kW・30分],2.03,5.52,3.5,0,1.46,1.83,2.16,4.54,2.9,2.57
20250721B01,システム約定結果,落札量合計（TSO別）[MW],10,45.069,48.266,0,54,211,221,46,141.792,777.127
20250721B01,システム約定結果,（内訳）自エリアからの落札量[MW],10,45.069,48.266,0,35,148.646,140.445,46,82.419,555.845
20250721B01,追加調達結果,募集量（TSO別）[MW],-,-,-,-,-,-,-,-,-,-
20250721B01,追加調達結果,応札量合計（電源属地別）[MW],0,0,0,0,0,0,0,0,0,0
20250721B01,追加調達結果,約定量合計（電源属地別）[MW],0,0,0,0,0,0,0,0,0,0
20250721B01,追加調達結果,応札件数（電源属地別）[件],0,0,0,0,0,0,0,0,0,0
20250721B01,追加調達結果,約定件数（電源属地別）[件],0,0,0,0,0,0,0,0,0,0
20250721B01,追加調達結果,最高約定価格（電源属地別）[円/kW・30分],0,0,0,0,0,0,0,0,0,0
20250721B01,追加調達結果,最低約定価格（電源属地別）[円/kW・30分],0,0,0,0,0,0,0,0,0,0
20250721B01,追加調達結果,平均約定価格（電源属地別）[円/kW・30分],0,0,0,0,0,0,0,0,0,0
20250721B01,追加調達結果,最高約定価格（TSO別）[円/kW・30分],0,0,0,0,0,0,0,0,0,0
20250721B01,追加調達結果,最低約定価格（TSO別）[円/kW・30分],0,0,0,0,0,0,0,0,0,0
20250721B01,追加調達結果,平均約定価格（TSO別）[円/kW・30分],0,0,0,0,0,0,0,0,0,0
20250721B01,追加調達結果,約定量合計（TSO別）[MW],0,0,0,0,0,0,0,0,0,0
20250721B01,追加調達結果,（内訳）自エリアからの約定量[MW],0,0,0,0,0,0,0,0,0,0
20250721B01,合計（確報値）,募集量（TSO別）[MW],6,63,523,0,54,211,221,46,180,1304
20250721B01,合計（確報値）,応札量合計（電源属地別）[MW],59.8,45.069,48.266,278.06,35,148.646,140.445,68,82.419,905.705
20250721B01,合計（確報値）,約定量合計（電源属地別）[MW],10,45.069,48.266,199.282,35,70.004,140.445,68,82.419,698.485
20250721B01,合計（確報値）,応札件数（電源属地別）[件],3,4,5,13,1,5,4,3,7,45
20250721B01,合計（確報値）,約定件数（電源属地別）[件],1,4,5,10,1,4,4,3,7,39
20250721B01,合計（確報値）,最高約定価格（電源属地別）[円/kW・30分],2.03,16.47,19.51,19.51,1.17,6.96,1.94,5.4,19.51,19.51
20250721B01,合計（確報値）,最低約定価格（電源属地別）[円/kW・30分],2.03,2.72,1.84,0.36,1.17,0.36,0.36,1.25,0.36,0.36
20250721B01,合計（確報値）,平均約定価格（電源属地別）[円/kW・30分],2.03,5.52,3.5,1.95,1.17,0.6,1.35,4.7,2.23,2.29
20250721B01,合計（確報値）,最高約定価格（TSO別）[円/kW・30分],2.03,16.47,19.51,0,1.98,6.96,19.51,5.4,19.51,19.51
20250721B01,合計（確報値）,最低約定価格（TSO別）[円/kW・30分],2.03,2.72,1.84,0,1.17,0.36,0.36,1.25,0.36,0.36
20250721B01,合計（確報値）,平均約定価格（TSO別）[円/kW・30分],2.03,5.52,3.5,0,1.46,0.59,1.75,4.54,2.9,2.29
20250721B01,合計（確報値）,約定量合計（TSO別）[MW],10,45.069,48.266,0,54,132.358,221,46,141.792,698.485
20250721B01,合計（確報値）,（内訳）自エリアからの約定量[MW],10,45.069,48.266,0,35,70.004,140.445,46,82.419,477.203
20250721B02,システム約定結果,募集量（TSO別）[MW],0,83,471,0,68,210,219,47,206,1304
20250721B02,システム約定結果,応札量合計（電源属地別）[MW],62.69,45.069,170.153,101.424,35,195.403,240.569,68,82.419,1000.727
20250721B02,システム約定結果,落札量合計（電源属地別）[MW],44,45.069,170.153,101.424,35,195.403,240.569,68,82.419,982.037
20250721B02,システム約定結果,応札件数（電源属地別）[件],5,4,11,6,1,6,6,3,7,49
20250721B02,システム約定結果,落札件数（電源属地別）[件],2,4,11,6,1,6,6,3,7,46
20250721B02,システム約定結果,最高落札価格（電源属地別）[円/kW・30分],2.21,16.47,19.51,19.51,0.71,9.53,19.51,5.43,19.51,19.51
20250721B02,システム約定結果,最低落札価格（電源属地別）[円/kW・30分],1.74,3.05,1.18,3.75,0.71,0.36,0.36,1.12,0.36,0.36
20250721B02,システム約定結果,平均落札価格（電源属地別）[円/kW・30分],2.1,5.76,2.07,5.12,0.71,3.32,1.49,4.65,2.02,2.79
20250721B02,システム約定結果,最高落札価格（TSO別）[円/kW・30分],2.21,16.47,19.51,0,19.51,9.53,1.94,5.43,19.51,19.51
20250721B02,システム約定結果,最低落札価格（TSO別）[円/kW・30分],1.74,3.05,1.18,0,0.71,0.36,0.36,1.12,0.36,0.36
20250721B02,システム約定結果,平均落札価格（TSO別）[円/kW・30分],2.1,5.76,2.07,0,2.8,3.09,1.34,4.49,3.85,2.79
20250721B02,システム約定結果,落札量合計（TSO別）[MW],44,45.069,170.153,0,68,210,219,47,178.815,982.037
20250721B02,システム約定結果,（内訳）自エリアからの落札量[MW],44,45.069,170.153,0,35,170.194,219,47,82.419,812.835
20250721B02,追加調達結果,募集量（TSO別）[MW],-,-,-,-,-,-,-,-,-,-
20250721B02,追加調達結果,応札量合計（電源属地別）[MW],0,0,0,0,0,0,0,0,0,0
20250721B02,追加調達結果,約定量合計（電源属地別）[MW],0,0,0,0,0,0,0,0,0,0
20250721B02,追加調達結果,応札件数（電源属地別）[件],0,0,0,0,0,0,0,0,0,0
20250721B02,追加調達結果,約定件数（電源属地別）[件],0,0,0,0,0,0,0,0,0,0
20250721B02,追加調達結果,最高約定価格（電源属地別）[円/kW・30分],0,0,0,0,0,0,0,0,0,0
20250721B02,追加調達結果,最低約定価格（電源属地別）[円/kW・30分],0,0,0,0,0,0,0,0,0,0
20250721B02,追加調達結果,平均約定価格（電源属地別）[円/kW・30分],0,0,0,0,0,0,0,0,0,0
20250721B02,追加調達結果,最高約定価格（TSO別）[円/kW・30分],0,0,0,0,0,0,0,0,0,0
20250721B02,追加調達結果,最低約定価格（TSO別）[円/kW・30分],0,0,0,0,0,0,0,0,0,0
20250721B02,追加調達結果,平均約定価格（TSO別）[円/kW・30分],0,0,0,0,0,0,0,0,0,0
20250721B02,追加調達結果,約定量合計（TSO別）[MW],0,0,0,0,0,0,0,0,0,0
20250721B02,追加調達結果,（内訳）自エリアからの約定量[MW],0,0,0,0,0,0,0,0,0,0
20250721B02,合計（確報値）,募集量（TSO別）[MW],0,83,471,0,68,210,219,47,206,1304
20250721B02,合計（確報値）,応札量合計（電源属地別）[MW],62.69,45.069,170.153,220.831,35,195.403,240.569,68,82.419,1120.134
20250721B02,合計（確報値）,約定量合計（電源属地別）[MW],44,45.069,170.153,101.424,35,116.761,240.569,68,82.419,903.395
20250721B02,合計（確報値）,応札件数（電源属地別）[件],5,4,11,13,1,6,6,3,7,56
20250721B02,合計（確報値）,約定件数（電源属地別）[件],2,4,11,7,1,5,6,3,7,46
20250721B02,合計（確報値）,最高約定価格（電源属地別）[円/kW・30分],2.21,16.47,19.51,19.51,0.71,9.53,19.51,5.43,19.51,19.51
20250721B02,合計（確報値）,最低約定価格（電源属地別）[円/kW・30分],1.74,3.05,1.18,0.36,0.71,0.36,0.36,1.12,0.36,0.36
20250721B02,合計（確報値）,平均約定価格（電源属地別）[円/kW・30分],2.1,5.76,2.07,0.72,0.71,4.18,1.49,4.65,2.02,2.36
20250721B02,合計（確報値）,最高約定価格（TSO別）[円/kW・30分],2.21,16.47,19.51,0,19.51,9.53,1.94,5.43,19.51,19.51
20250721B02,合計（確報値）,最低約定価格（TSO別）[円/kW・30分],1.74,3.05,1.18,0,0.36,0.36,0.36,1.12,0.36,0.36
20250721B02,合計（確報値）,平均約定価格（TSO別）[円/kW・30分],2.1,5.76,2.07,0,1.08,2,1.34,4.49,3.27,2.36
20250721B02,合計（確報値）,約定量合計（TSO別）[MW],44,45.069,170.153,0,68,131.358,219,47,178.815,903.395
20250721B02,合計（確報値）,（内訳）自エリアからの約定量[MW],44,45.069,170.153,0,35,91.552,219,47,82.419,734.193
20250721B03,システム約定結果,募集量（TSO別）[MW],0,151,571,0,70,259,197,44,240,1532
20250721B03,システム約定結果,応札量合計（電源属地別）[MW],1.5,12,68.737,1.92,19,195.403,240.569,102,15.419,656.548
20250721B03,システム約定結果,落札量合計（電源属地別）[MW],0,12,68.737,1.92,19,195.403,240.569,102,15.419,655.048
20250721B03,システム約定結果,応札件数（電源属地別）[件],1,1,4,1,1,6,6,4,5,29
20250721B03,システム約定結果,落札件数（電源属地別）[件],0,1,4,1,1,6,6,4,5,28
20250721B03,システム約定結果,最高落札価格（電源属地別）[円/kW・30分],0,4.25,1.24,19.51,0.35,9.53,19.51,5.61,19.51,19.51
20250721B03,システム約定結果,最低落札価格（電源属地別）[円/kW・30分],0,4.25,1.1,19.51,0.35,0.36,0.36,0.59,0.36,0.35
20250721B03,システム約定結果,平均落札価格（電源属地別）[円/kW・30分],0,4.25,1.16,19.51,0.35,3.33,1.71,3.49,7.02,2.6
20250721B03,システム約定結果,最高落札価格（TSO別）[円/kW・30分],0,4.25,4.25,0,2.06,19.51,1.94,5.61,19.51,19.51
20250721B03,システム約定結果,最低落札価格（TSO別）[円/kW・30分],0,4.25,1.1,0,0.35,0.36,0.36,1.6,0.36,0.35
20250721B03,システム約定結果,平均落札価格（TSO別）[円/kW・30分],0,4.25,1.37,0,1.47,3.9,1.55,2.97,3.3,2.6
20250721B03,システム約定結果,落札量合計（TSO別）[MW],0,7,73.737,0,55,226.629,197,44,51.682,655.048
20250721B03,システム約定結果,（内訳）自エリアからの落札量[MW],0,7,68.737,0,19,159.403,197,44,15.419,510.559
20250721B03,追加調達結果,募集量（TSO別）[MW],-,-,-,-,-,-,-,-,-,-
20250721B03,追加調達結果,応札量合計（電源属地別）[MW],0,0,0,0,0,0,0,0,0,0
20250721B03,追加調達結果,約定量合計（電源属地別）[MW],0,0,0,0,0,0,0,0,0,0
20250721B03,追加調達結果,応札件数（電源属地別）[件],0,0,0,0,0,0,0,0,0,0
20250721B03,追加調達結果,約定件数（電源属地別）[件],0,0,0,0,0,0,0,0,0,0
20250721B03,追加調達結果,最高約定価格（電源属地別）[円/kW・30分],0,0,0,0,0,0,0,0,0,0
20250721B03,追加調達結果,最低約定価格（電源属地別）[円/kW・30分],0,0,0,0,0,0,0,0,0,0
20250721B03,追加調達結果,平均約定価格（電源属地別）[円/kW・30分],0,0,0,0,0,0,0,0,0,0
20250721B03,追加調達結果,最高約定価格（TSO別）[円/kW・30分],0,0,0,0,0,0,0,0,0,0
20250721B03,追加調達結果,最低約定価格（TSO別）[円/kW・30分],0,0,0,0,0,0,0,0,0,0
20250721B03,追加調達結果,平均約定価格（TSO別）[円/kW・30分],0,0,0,0,0,0,0,0,0,0
20250721B03,追加調達結果,約定量合計（TSO別）[MW],0,0,0,0,0,0,0,0,0,0
20250721B03,追加調達結果,（内訳）自エリアからの約定量[MW],0,0,0,0,0,0,0,0,0,0
20250721B03,合計（確報値）,募集量（TSO別）[MW],0,151,571,0,70,259,197,44,240,1532
20250721B03,合計（確報値）,応札量合計（電源属地別）[MW],1.5,12,68.737,1.92,19,195.403,240.569,102,15.419,656.548
20250721B03,合計（確報値）,約定量合計（電源属地別）[MW],0,12,68.737,1.92,19,116.761,240.569,68,15.419,542.406
20250721B03,合計（確報値）,応札件数（電源属地別）[件],1,1,4,1,1,6,6,4,5,29
20250721B03,合計（確報値）,約定件数（電源属地別）[件],0,1,4,1,1,5,6,3,5,26
20250721B03,合計（確報値）,最高約定価格（電源属地別）[円/kW・30分],0,4.25,1.24,19.51,0.35,9.53,19.51,5.61,19.51,19.51
20250721B03,合計（確報値）,最低約定価格（電源属地別）[円/kW・30分],0,4.25,1.1,19.51,0.35,0.36,0.36,0.59,0.36,0.35
20250721B03,合計（確報値）,平均約定価格（電源属地別）[円/kW・30分],0,4.25,1.16,19.51,0.35,4.18,1.71,4.43,7.02,2.74
20250721B03,合計（確報値）,最高約定価格（TSO別）[円/kW・30分],0,4.25,4.25,0,0.35,19.51,1.94,5.61,19.51,19.51
20250721B03,合計（確報値）,最低約定価格（TSO別）[円/kW・30分],0,4.25,1.1,0,0.35,0.36,0.36,5.61,0.36,0.35
20250721B03,合計（確報値）,平均約定価格（TSO別）[円/kW・30分],0,4.25,1.37,0,0.35,4.4,1.55,5.61,3.3,2.74
20250721B03,合計（確報値）,約定量合計（TSO別）[MW],0,7,73.737,0,19,178.987,197,15,51.682,542.406
20250721B03,合計（確報値）,（内訳）自エリアからの約定量[MW],0,7,68.737,0,19,116.761,197,15,15.419,438.917
20250721B04,システム約定結果,募集量（TSO別）[MW],24,197,628,25,97,292,209,66,259,1797
20250721B04,システム約定結果,応札量合計（電源属地別）[MW],56.19,33.069,13.448,1.92,60,195.403,142.245,128,21.171,651.446
20250721B04,システム約定結果,落札量合計（電源属地別）[MW],34,33.069,13.448,1.92,60,195.403,142.245,95.742,21.171,596.998
20250721B04,システム約定結果,応札件数（電源属地別）[件],4,3,10,1,2,6,5,5,8,44
20250721B04,システム約定結果,落札件数（電源属地別）[件],1,3,10,1,2,6,5,5,8,41
20250721B04,システム約定結果,最高落札価格（電源属地別）[円/kW・30分],0.37,16.47,19.51,19.51,0.39,9.53,19.51,5.72,19.51,19.51
20250721B04,システム約定結果,最低落札価格（電源属地別）[円/kW・30分],0.37,4.58,9.26,19.51,0.35,1.44,0.36,1.67,0.36,0.35
20250721B04,システム約定結果,平均落札価格（電源属地別）[円/kW・30分],0.37,7.84,17.06,19.51,0.37,4.38,2.15,2.67,10.41,3.68
20250721B04,システム約定結果,最高落札価格（TSO別）[円/kW・30分],0.37,16.47,19.51,19.51,3.72,9.53,19.51,2.16,19.51,19.51
20250721B04,システム約定結果,最低落札価格（TSO別）[円/kW・30分],0.37,4.58,9.26,19.51,0.35,1.44,0.36,1.67,0.36,0.35
20250721B04,システム約定結果,平均落札価格（TSO別）[円/kW・30分],0.37,7.84,17.06,19.51,1.22,4.31,2.1,1.88,10.41,3.68
20250721B04,システム約定結果,落札量合計（TSO別）[MW],34,33.069,13.448,1.92,82,222.761,117.629,71,21.171,596.998
20250721B04,システム約定結果,（内訳）自エリアからの落札量[MW],34,33.069,13.448,1.92,60,176.403,117.629,71,21.171,528.64
20250721B04,追加調達結果,募集量（TSO別）[MW],-,-,-,-,-,-,-,-,-,-
20250721B04,追加調達結果,応札量合計（電源属地別）[MW],0,0,0,0,0,0,0,0,0,0
20250721B04,追加調達結果,約定量合計（電源属地別）[MW],0,0,0,0,0,0,0,0,0,0
20250721B04,追加調達結果,応札件数（電源属地別）[件],0,0,0,0,0,0,0,0,0,0
20250721B04,追加調達結果,約定件数（電源属地別）[件],0,0,0,0,0,0,0,0,0,0
20250721B04,追加調達結果,最高約定価格（電源属地別）[円/kW・30分],0,0,0,0,0,0,0,0,0,0
20250721B04,追加調達結果,最低約定価格（電源属地別）[円/kW・30分],0,0,0,0,0,0,0,0,0,0
20250721B04,追加調達結果,平均約定価格（電源属地別）[円/kW・30分],0,0,0,0,0,0,0,0,0,0
20250721B04,追加調達結果,最高約定価格（TSO別）[円/kW・30分],0,0,0,0,0,0,0,0,0,0
20250721B04,追加調達結果,最低約定価格（TSO別）[円/kW・30分],0,0,0,0,0,0,0,0,0,0
20250721B04,追加調達結果,平均約定価格（TSO別）[円/kW・30分],0,0,0,0,0,0,0,0,0,0
20250721B04,追加調達結果,約定量合計（TSO別）[MW],0,0,0,0,0,0,0,0,0,0
20250721B04,追加調達結果,（内訳）自エリアからの約定量[MW],0,0,0,0,0,0,0,0,0,0
20250721B04,合計（確報値）,募集量（TSO別）[MW],24,197,628,25,97,292,209,66,259,1797
20250721B04,合計（確報値）,応札量合計（電源属地別）[MW],56.19,33.069,13.448,1.92,60,195.403,142.245,128,28.171,658.446
20250721B04,合計（確報値）,約定量合計（電源属地別）[MW],34,33.069,13.448,1.92,60,116.761,142.245,61.742,21.171,484.356
20250721B04,合計（確報値）,応札件数（電源属地別）[件],4,3,10,1,2,6,5,5,9,45
20250721B04,合計（確報値）,約定件数（電源属地別）[件],1,3,10,1,2,5,5,4,8,39
20250721B04,合計（確報値）,最高約定価格（電源属地別）[円/kW・30分],0.37,16.47,19.51,19.51,0.39,9.53,19.51,5.72,19.51,19.51
20250721B04,合計（確報値）,最低約定価格（電源属地別）[円/kW・30分],0.37,4.58,9.26,19.51,0.35,1.44,0.36,1.67,0.36,0.35
20250721B04,合計（確報値）,平均約定価格（電源属地別）[円/kW・30分],0.37,7.84,17.06,19.51,0.37,4.83,2.15,3.19,10.41,3.82
20250721B04,合計（確報値）,最高約定価格（TSO別）[円/kW・30分],0.37,16.47,19.51,19.51,2.35,9.53,19.51,2.16,19.51,19.51
20250721B04,合計（確報値）,最低約定価格（TSO別）[円/kW・30分],0.37,4.58,9.26,19.51,0.35,1.44,0.36,1.67,0.36,0.35
20250721B04,合計（確報値）,平均約定価格（TSO別）[円/kW・30分],0.37,7.84,17.06,19.51,0.47,4.52,2.1,2.01,10.41,3.82
20250721B04,合計（確報値）,約定量合計（TSO別）[MW],34,33.069,13.448,1.92,63,163.119,117.629,37,21.171,484.356
20250721B04,合計（確報値）,（内訳）自エリアからの約定量[MW],34,33.069,13.448,1.92,60,116.761,117.629,37,21.171,434.998
20250721B05,システム約定結果,募集量（TSO別）[MW],18,191,628,17,96,252,185,77,262,1726
20250721B05,システム約定結果,応札量合計（電源属地別）[MW],37.49,33.069,10.448,1.92,60,195.403,240.569,102,13.913,694.812
20250721B05,システム約定結果,落札量合計（電源属地別）[MW],34,33.069,10.448,1.92,60,195.403,240.569,102,13.913,691.322
20250721B05,システム約定結果,応札件数（電源属地別）[件],3,3,7,1,2,6,6,4,4,36
20250721B05,システム約定結果,落札件数（電源属地別）[件],1,3,7,1,2,6,6,4,4,34
20250721B05,システム約定結果,最高落札価格（電源属地別）[円/kW・30分],0.68,16.47,19.51,19.51,1.23,9.53,19.51,5.6,19.5,19.51
20250721B05,システム約定結果,最低落札価格（電源属地別）[円/kW・30分],0.68,4.13,9.26,19.51,1.04,3.59,0.67,0.6,0.36,0.36
20250721B05,システム約定結果,平均落札価格（電源属地別）[円/kW・30分],0.68,7.51,16.37,19.51,1.15,5.99,2.81,3.48,5.67,4.09
20250721B05,システム約定結果,最高落札価格（TSO別）[円/kW・30分],0.68,16.47,19.51,19.51,5.87,19.51,2.99,5.6,19.5,19.51
20250721B05,システム約定結果,最低落札価格（TSO別）[円/kW・30分],0.68,4.13,9.26,19.51,1.04,2.98,0.67,0.6,0.36,0.36
20250721B05,システム約定結果,平均落札価格（TSO別）[円/kW・30分],0.68,7.51,16.37,19.51,1.75,5.88,2.6,2.82,4.17,4.09
20250721B05,システム約定結果,落札量合計（TSO別）[MW],34,33.069,10.448,1.92,85,233.371,185,77,31.514,691.322
20250721B05,システム約定結果,（内訳）自エリアからの落札量[MW],34,33.069,10.448,1.92,60,194.403,185,77,13.913,609.753
20250721B05,追加調達結果,募集量（TSO別）[MW],-,-,-,-,-,-,-,-,-,-
20250721B05,追加調達結果,応札量合計（電源属地別）[MW],0,0,0,0,0,0,0,0,0,0
20250721B05,追加調達結果,約定量合計（電源属地別）[MW],0,0,0,0,0,0,0,0,0,0
20250721B05,追加調達結果,応札件数（電源属地別）[件],0,0,0,0,0,0,0,0,0,0
20250721B05,追加調達結果,約定件数（電源属地別）[件],0,0,0,0,0,0,0,0,0,0
20250721B05,追加調達結果,最高約定価格（電源属地別）[円/kW・30分],0,0,0,0,0,0,0,0,0,0
20250721B05,追加調達結果,最低約定価格（電源属地別）[円/kW・30分],0,0,0,0,0,0,0,0,0,0
20250721B05,追加調達結果,平均約定価格（電源属地別）[円/kW・30分],0,0,0,0,0,0,0,0,0,0
20250721B05,追加調達結果,最高約定価格（TSO別）[円/kW・30分],0,0,0,0,0,0,0,0,0,0
20250721B05,追加調達結果,最低約定価格（TSO別）[円/kW・30分],0,0,0,0,0,0,0,0,0,0
20250721B05,追加調達結果,平均約定価格（TSO別）[円/kW・30分],0,0,0,0,0,0,0,0,0,0
20250721B05,追加調達結果,約定量合計（TSO別）[MW],0,0,0,0,0,0,0,0,0,0
20250721B05,追加調達結果,（内訳）自エリアからの約定量[MW],0,0,0,0,0,0,0,0,0,0
20250721B05,合計（確報値）,募集量（TSO別）[MW],18,191,628,17,96,252,185,77,262,1726
20250721B05,合計（確報値）,応札量合計（電源属地別）[MW],37.49,33.069,10.448,1.92,60,195.403,240.569,102,20.913,701.812
20250721B05,合計（確報値）,約定量合計（電源属地別）[MW],34,33.069,10.448,1.92,60,116.761,240.569,68,13.913,578.68
20250721B05,合計（確報値）,応札件数（電源属地別）[件],3,3,7,1,2,6,6,4,5,37
20250721B05,合計（確報値）,約定件数（電源属地別）[件],1,3,7,1,2,5,6,3,4,32
20250721B05,合計（確報値）,最高約定価格（電源属地別）[円/kW・30分],0.68,16.47,19.51,19.51,1.23,9.53,19.51,5.6,19.5,19.51
20250721B05,合計（確報値）,最低約定価格（電源属地別）[円/kW・30分],0.68,4.13,9.26,19.51,1.04,3.59,0.67,0.6,0.36,0.36
20250721B05,合計（確報値）,平均約定価格（電源属地別）[円/kW・30分],0.68,7.51,16.37,19.51,1.15,6.07,2.81,4.44,5.67,4
20250721B05,合計（確報値）,最高約定価格（TSO別）[円/kW・30分],0.68,16.47,19.51,19.51,4.55,19.51,2.99,5.6,19.5,19.51
20250721B05,合計（確報値）,最低約定価格（TSO別）[円/kW・30分],0.68,4.13,9.26,19.51,1.04,2.98,0.67,0.6,0.36,0.36
20250721B05,合計（確報値）,平均約定価格（TSO別）[円/kW・30分],0.68,7.51,16.37,19.51,1.7,5.88,2.6,3.8,4.17,4
20250721B05,合計（確報値）,約定量合計（TSO別）[MW],34,33.069,10.448,1.92,84,155.729,185,43,31.514,578.68
20250721B05,合計（確報値）,（内訳）自エリアからの約定量[MW],34,33.069,10.448,1.92,60,116.761,185,43,13.913,498.111
20250721B06,システム約定結果,募集量（TSO別）[MW],13,191,632,82,103,252,248,64,259,1844
20250721B06,システム約定結果,応札量合計（電源属地別）[MW],93.8,45.069,31.947,13.968,35,114.251,240.569,122,21.171,717.775
20250721B06,システム約定結果,落札量合計（電源属地別）[MW],44,45.069,31.947,13.968,35,114.251,240.569,122,21.171,667.975
20250721B06,システム約定結果,応札件数（電源属地別）[件],4,4,11,2,1,4,6,4,8,44
20250721B06,システム約定結果,落札件数（電源属地別）[件],2,4,11,2,1,4,6,4,8,42
20250721B06,システム約定結果,最高落札価格（電源属地別）[円/kW・30分],3.53,16.47,19.51,19.51,2.53,9.53,19.51,7.55,19.51,19.51
20250721B06,システム約定結果,最低落札価格（電源属地別）[円/kW・30分],0.36,1.78,6.19,4.6,2.53,6.79,3.5,3.25,0.59,0.36
20250721B06,システム約定結果,平均落札価格（電源属地別）[円/kW・30分],2.81,4.85,10.77,6.65,2.53,7.97,6.05,4.58,10.54,6.01
20250721B06,システム約定結果,最高落札価格（TSO別）[円/kW・30分],3.53,16.47,19.51,19.51,2.53,9.53,19.51,7.55,19.51,19.51
20250721B06,システム約定結果,最低落札価格（TSO別）[円/kW・30分],0.36,1.78,6.19,4.6,2.53,3.41,3.5,3.25,0.59,0.36
20250721B06,システム約定結果,平均落札価格（TSO別）[円/kW・30分],2.81,4.85,10.77,6.65,2.53,6.63,6.05,4.96,10.54,6.01
20250721B06,システム約定結果,落札量合計（TSO別）[MW],44,45.069,31.947,13.968,35,180.166,238.414,58.24,21.171,667.975
20250721B06,システム約定結果,（内訳）自エリアからの落札量[MW],44,45.069,31.947,13.968,35,114.251,238.414,58.24,21.171,602.06
20250721B06,追加調達結果,募集量（TSO別）[MW],-,-,-,-,-,-,-,-,-,-
20250721B06,追加調達結果,応札量合計（電源属地別）[MW],0,0,0,0,0,0,0,0,0,0
20250721B06,追加調達結果,約定量合計（電源属地別）[MW],0,0,0,0,0,0,0,0,0,0
20250721B06,追加調達結果,応札件数（電源属地別）[件],0,0,0,0,0,0,0,0,0,0
20250721B06,追加調達結果,約定件数（電源属地別）[件],0,0,0,0,0,0,0,0,0,0
20250721B06,追加調達結果,最高約定価格（電源属地別）[円/kW・30分],0,0,0,0,0,0,0,0,0,0
20250721B06,追加調達結果,最低約定価格（電源属地別）[円/kW・30分],0,0,0,0,0,0,0,0,0,0
20250721B06,追加調達結果,平均約定価格（電源属地別）[円/kW・30分],0,0,0,0,0,0,0,0,0,0
20250721B06,追加調達結果,最高約定価格（TSO別）[円/kW・30分],0,0,0,0,0,0,0,0,0,0
20250721B06,追加調達結果,最低約定価格（TSO別）[円/kW・30分],0,0,0,0,0,0,0,0,0,0
20250721B06,追加調達結果,平均約定価格（TSO別）[円/kW・30分],0,0,0,0,0,0,0,0,0,0
20250721B06,追加調達結果,約定量合計（TSO別）[MW],0,0,0,0,0,0,0,0,0,0
20250721B06,追加調達結果,（内訳）自エリアからの約定量[MW],0,0,0,0,0,0,0,0,0,0
20250721B06,合計（確報値）,募集量（TSO別）[MW],13,191,632,82,103,252,248,64,259,1844
20250721B06,合計（確報値）,応札量合計（電源属地別）[MW],93.8,45.069,31.947,26.016,35,114.251,240.569,122,21.171,729.823
20250721B06,合計（確報値）,約定量合計（電源属地別）[MW],44,45.069,31.947,13.968,35,114.251,240.569,88,21.171,633.975
20250721B06,合計（確報値）,応札件数（電源属地別）[件],4,4,11,3,1,4,6,4,8,45
20250721B06,合計（確報値）,約定件数（電源属地別）[件],2,4,11,2,1,4,6,3,8,41
20250721B06,合計（確報値）,最高約定価格（電源属地別）[円/kW・30分],3.53,16.47,19.51,19.51,2.53,9.53,19.51,7.55,19.51,19.51
20250721B06,合計（確報値）,最低約定価格（電源属地別）[円/kW・30分],0.36,1.78,6.19,0.36,2.53,6.79,3.5,3.25,0.59,0.36
20250721B06,合計（確報値）,平均約定価格（電源属地別）[円/kW・30分],2.81,4.85,10.77,2.99,2.53,7.97,6.05,5.03,10.54,6.07
20250721B06,合計（確報値）,最高約定価格（TSO別）[円/kW・30分],3.53,16.47,19.51,19.51,2.53,9.53,19.51,7.55,19.51,19.51
20250721B06,合計（確報値）,最低約定価格（TSO別）[円/kW・30分],0.36,1.78,6.19,0.36,2.53,4.95,3.5,3.25,0.59,0.36
20250721B06,合計（確報値）,平均約定価格（TSO別）[円/kW・30分],2.81,4.85,10.77,2.99,2.53,7.27,6.05,5.08,10.54,6.07
20250721B06,合計（確報値）,約定量合計（TSO別）[MW],44,45.069,31.947,13.968,35,150.406,238.414,54,21.171,633.975
20250721B06,合計（確報値）,（内訳）自エリアからの約定量[MW],44,45.069,31.947,13.968,35,114.251,238.414,54,21.171,597.82
20250721B07,システム約定結果,募集量（TSO別）[MW],12,161,629,50,102,242,244,52,242,1734
20250721B07,システム約定結果,応札量合計（電源属地別）[MW],95.79,57.069,47.446,13.968,35,192.893,266.023,68,141.419,917.608
20250721B07,システム約定結果,落札量合計（電源属地別）[MW],45.5,57.069,47.446,13.968,35,192.893,266.023,68,141.419,867.318
20250721B07,システム約定結果,応札件数（電源属地別）[件],5,5,9,2,1,5,8,3,8,46
20250721B07,システム約定結果,落札件数（電源属地別）[件],3,5,9,2,1,5,8,3,8,44
20250721B07,システム約定結果,最高落札価格（電源属地別）[円/kW・30分],6.09,16.47,19.51,19.51,4.98,9.53,19.51,9.67,19.51,19.51
20250721B07,システム約定結果,最低落札価格（電源属地別）[円/kW・30分],0.36,2.43,7.28,7.63,4.98,5.68,3.56,4.78,1.7,0.36
20250721B07,システム約定結果,平均落札価格（電源属地別）[円/kW・30分],4.76,5.64,9.47,9.26,4.98,7.57,5.85,6.57,3.67,6.08
20250721B07,システム約定結果,最高落札価格（TSO別）[円/kW・30分],6.09,16.47,19.51,19.51,7.95,9.53,19.51,9.67,19.51,19.51
20250721B07,システム約定結果,最低落札価格（TSO別）[円/kW・30分],0.36,2.43,7.28,7.63,3.69,4.78,3.56,4.78,1.7,0.36
20250721B07,システム約定結果,平均落札価格（TSO別）[円/kW・30分],4.76,5.64,9.47,9.26,5.83,7.22,5.73,7.26,3.67,6.08
20250721B07,システム約定結果,落札量合計（TSO別）[MW],45.5,57.069,47.446,13.968,89,224.251,199.665,49,141.419,867.318
20250721B07,システム約定結果,（内訳）自エリアからの落札量[MW],45.5,57.069,47.446,13.968,35,182.893,199.665,49,141.419,771.96
20250721B07,追加調達結果,募集量（TSO別）[MW],-,-,-,-,-,-,-,-,-,-
20250721B07,追加調達結果,応札量合計（電源属地別）[MW],0,0,0,0,0,0,0,0,0,0
20250721B07,追加調達結果,約定量合計（電源属地別）[MW],0,0,0,0,0,0,0,0,0,0
20250721B07,追加調達結果,応札件数（電源属地別）[件],0,0,0,0,0,0,0,0,0,0
20250721B07,追加調達結果,約定件数（電源属地別）[件],0,0,0,0,0,0,0,0,0,0
20250721B07,追加調達結果,最高約定価格（電源属地別）[円/kW・30分],0,0,0,0,0,0,0,0,0,0
20250721B07,追加調達結果,最低約定価格（電源属地別）[円/kW・30分],0,0,0,0,0,0,0,0,0,0
20250721B07,追加調達結果,平均約定価格（電源属地別）[円/kW・30分],0,0,0,0,0,0,0,0,0,0
20250721B07,追加調達結果,最高約定価格（TSO別）[円/kW・30分],0,0,0,0,0,0,0,0,0,0
20250721B07,追加調達結果,最低約定価格（TSO別）[円/kW・30分],0,0,0,0,0,0,0,0,0,0
20250721B07,追加調達結果,平均約定価格（TSO別）[円/kW・30分],0,0,0,0,0,0,0,0,0,0
20250721B07,追加調達結果,約定量合計（TSO別）[MW],0,0,0,0,0,0,0,0,0,0
20250721B07,追加調達結果,（内訳）自エリアからの約定量[MW],0,0,0,0,0,0,0,0,0,0
20250721B07,合計（確報値）,募集量（TSO別）[MW],12,161,629,50,102,242,244,52,242,1734
20250721B07,合計（確報値）,応札量合計（電源属地別）[MW],95.79,57.069,47.446,26.016,35,240.783,266.023,68,141.419,977.546
20250721B07,合計（確報値）,約定量合計（電源属地別）[MW],45.5,57.069,47.446,13.968,35,162.141,266.023,68,141.419,836.566
20250721B07,合計（確報値）,応札件数（電源属地別）[件],5,5,9,3,1,7,8,3,8,49
20250721B07,合計（確報値）,約定件数（電源属地別）[件],3,5,9,2,1,6,8,3,8,45
20250721B07,合計（確報値）,最高約定価格（電源属地別）[円/kW・30分],6.09,16.47,19.51,19.51,4.98,9.53,19.51,9.67,19.51,19.51
20250721B07,合計（確報値）,最低約定価格（電源属地別）[円/kW・30分],0.36,2.43,7.28,0.36,4.98,5.4,3.56,4.78,1.7,0.36
20250721B07,合計（確報値）,平均約定価格（電源属地別）[円/kW・30分],4.76,5.64,9.47,2.99,4.98,6.77,5.85,6.57,3.67,5.76
20250721B07,合計（確報値）,最高約定価格（TSO別）[円/kW・30分],6.09,16.47,19.51,19.51,6.42,9.53,19.51,9.67,19.51,19.51
20250721B07,合計（確報値）,最低約定価格（TSO別）[円/kW・30分],0.36,2.43,7.28,0.36,3.69,4.78,3.56,4.78,1.7,0.36
20250721B07,合計（確報値）,平均約定価格（TSO別）[円/kW・30分],4.76,5.64,9.47,2.99,5.56,6.56,5.73,7.26,3.67,5.76
20250721B07,合計（確報値）,約定量合計（TSO別）[MW],45.5,57.069,47.446,13.968,79,203.499,199.665,49,141.419,836.566
20250721B07,合計（確報値）,（内訳）自エリアからの約定量[MW],45.5,57.069,47.446,13.968,35,162.141,199.665,49,141.419,751.208
20250721B08,システム約定結果,募集量（TSO別）[MW],19,105,601,0,92,215,194,56,235,1517
20250721B08,システム約定結果,応札量合計（電源属地別）[MW],95.79,33.069,60.128,23.968,35,192.893,253.296,68,82.419,844.563
20250721B08,システム約定結果,落札量合計（電源属地別）[MW],44,33.069,60.128,23.968,35,192.893,253.296,68,82.419,792.773
20250721B08,システム約定結果,応札件数（電源属地別）[件],5,3,6,3,1,5,7,3,7,40
20250721B08,システム約定結果,落札件数（電源属地別）[件],2,3,6,3,1,5,7,3,7,37
20250721B08,システム約定結果,最高落札価格（電源属地別）[円/kW・30分],3.5,16.47,19.51,19.51,2.66,9.53,19.51,6.93,19.51,19.51
20250721B08,システム約定結果,最低落札価格（電源属地別）[円/kW・30分],3.03,1.71,3.33,4.17,2.66,1.99,0.65,2.86,0.61,0.61
20250721B08,システム約定結果,平均落札価格（電源属地別）[円/kW・30分],3.39,5.76,4.6,5.56,2.66,4.78,2.94,5.32,3.51,3.99
20250721B08,システム約定結果,最高落札価格（TSO別）[円/kW・30分],3.5,16.47,19.51,0,4.27,19.51,3.31,6.93,19.51,19.51
20250721B08,システム約定結果,最低落札価格（TSO別）[円/kW・30分],3.03,16.47,1.71,0,2.66,1.99,0.65,2.86,0.61,0.61
20250721B08,システム約定結果,平均落札価格（TSO別）[円/kW・30分],3.39,16.47,3.78,0,3.35,4.96,2.74,5.38,3.54,3.99
20250721B08,システム約定結果,落札量合計（TSO別）[MW],44,9.069,84.128,0,61,202.861,194,56,141.715,792.773
20250721B08,システム約定結果,（内訳）自エリアからの落札量[MW],44,9.069,60.128,0,35,166.893,194,56,82.419,647.509
20250721B08,追加調達結果,募集量（TSO別）[MW],-,-,-,-,-,-,-,-,-,-
20250721B08,追加調達結果,応札量合計（電源属地別）[MW],0,0,0,0,0,0,0,0,0,0
20250721B08,追加調達結果,約定量合計（電源属地別）[MW],0,0,0,0,0,0,0,0,0,0
20250721B08,追加調達結果,応札件数（電源属地別）[件],0,0,0,0,0,0,0,0,0,0
20250721B08,追加調達結果,約定件数（電源属地別）[件],0,0,0,0,0,0,0,0,0,0
20250721B08,追加調達結果,最高約定価格（電源属地別）[円/kW・30分],0,0,0,0,0,0,0,0,0,0
20250721B08,追加調達結果,最低約定価格（電源属地別）[円/kW・30分],0,0,0,0,0,0,0,0,0,0
20250721B08,追加調達結果,平均約定価格（電源属地別）[円/kW・30分],0,0,0,0,0,0,0,0,0,0
20250721B08,追加調達結果,最高約定価格（TSO別）[円/kW・30分],0,0,0,0,0,0,0,0,0,0
20250721B08,追加調達結果,最低約定価格（TSO別）[円/kW・30分],0,0,0,0,0,0,0,0,0,0
20250721B08,追加調達結果,平均約定価格（TSO別）[円/kW・30分],0,0,0,0,0,0,0,0,0,0
20250721B08,追加調達結果,約定量合計（TSO別）[MW],0,0,0,0,0,0,0,0,0,0
20250721B08,追加調達結果,（内訳）自エリアからの約定量[MW],0,0,0,0,0,0,0,0,0,0
20250721B08,合計（確報値）,募集量（TSO別）[MW],19,105,601,0,92,215,194,56,235,1517
20250721B08,合計（確報値）,応札量合計（電源属地別）[MW],95.79,33.069,60.128,36.016,35,240.783,253.296,68,82.419,904.501
20250721B08,合計（確報値）,約定量合計（電源属地別）[MW],44,33.069,60.128,23.968,35,162.141,253.296,68,82.419,762.021
20250721B08,合計（確報値）,応札件数（電源属地別）[件],5,3,6,4,1,7,7,3,7,43
20250721B08,合計（確報値）,約定件数（電源属地別）[件],2,3,6,3,1,6,7,3,7,38
20250721B08,合計（確報値）,最高約定価格（電源属地別）[円/kW・30分],3.5,16.47,19.51,19.51,2.66,9.53,19.51,6.93,19.51,19.51
20250721B08,合計（確報値）,最低約定価格（電源属地別）[円/kW・30分],3.03,1.71,3.33,0.36,2.66,1.72,0.65,2.86,0.61,0.36
20250721B08,合計（確報値）,平均約定価格（電源属地別）[円/kW・30分],3.39,5.76,4.6,3.65,2.66,4.15,2.94,5.32,3.51,3.76
20250721B08,合計（確報値）,最高約定価格（TSO別）[円/kW・30分],3.5,16.47,19.51,0,2.66,19.51,3.31,6.93,19.51,19.51
20250721B08,合計（確報値）,最低約定価格（TSO別）[円/kW・30分],3.03,16.47,1.71,0,2.66,0.36,0.65,2.86,0.61,0.36
20250721B08,合計（確報値）,平均約定価格（TSO別）[円/kW・30分],3.39,16.47,3.78,0,2.66,4.14,2.74,5.38,3.54,3.76
20250721B08,合計（確報値）,約定量合計（TSO別）[MW],44,9.069,84.128,0,35,198.109,194,56,141.715,762.021
20250721B08,合計（確報値）,（内訳）自エリアからの約定量[MW],44,9.069,60.128,0,35,162.141,194,56,82.419,642.757
20250722B01,システム約定結果,募集量（TSO別）[MW],6,63,523,0,54,211,221,46,180,1304
20250722B01,システム約定結果,応札量合計（電源属地別）[MW],59.8,45.069,5.48,62.161,35,146.136,141.03,68,82.419,645.095
20250722B01,システム約定結果,落札量合計（電源属地別）[MW],10,45.069,5.48,62.161,35,146.136,141.03,68,82.419,595.295
20250722B01,システム約定結果,応札件数（電源属地別）[件],3,4,3,6,1,4,4,3,7,35
20250722B01,システム約定結果,落札件数（電源属地別）[件],1,4,3,6,1,4,4,3,7,33
20250722B01,システム約定結果,最高落札価格（電源属地別）[円/kW・30分],0.36,16.47,19.51,19.51,2.14,2.27,2.35,5.6,19.51,19.51
20250722B01,システム約定結果,最低落札価格（電源属地別）[円/kW・30分],0.36,3.13,9.26,3.62,2.14,0.36,0.36,1.54,0.36,0.36
20250722B01,システム約定結果,平均落札価格（電源属地別）[円/kW・30分],0.36,5.81,13.52,4.3,2.14,1.39,1.93,4.81,2.96,2.9
20250722B01,システム約定結果,最高落札価格（TSO別）[円/kW・30分],0.36,16.47,19.51,0,2.14,19.51,5.33,5.6,19.51,19.51
20250722B01,システム約定結果,最低落札価格（TSO別）[円/kW・30分],0.36,3.13,9.26,0,2.14,0.36,0.36,1.54,0.36,0.36
20250722B01,システム約定結果,平均落札価格（TSO別）[円/kW・30分],0.36,5.81,13.52,0,2.14,2.3,2.26,4.81,2.96,2.9
20250722B01,システム約定結果,落札量合計（TSO別）[MW],10,45.069,5.48,0,35,211,160.327,46,82.419,595.295
20250722B01,システム約定結果,（内訳）自エリアからの落札量[MW],10,45.069,5.48,0,35,146.136,141.03,46,82.419,511.134
20250722B01,追加調達結果,募集量（TSO別）[MW],-,-,-,-,-,-,-,-,-,-
20250722B01,追加調達結果,応札量合計（電源属地別）[MW],0,0,0,0,0,0,0,0,0,0
20250722B01,追加調達結果,約定量合計（電源属地別）[MW],0,0,0,0,0,0,0,0,0,0
20250722B01,追加調達結果,応札件数（電源属地別）[件],0,0,0,0,0,0,0,0,0,0
20250722B01,追加調達結果,約定件数（電源属地別）[件],0,0,0,0,0,0,0,0,0,0
20250722B01,追加調達結果,最高約定価格（電源属地別）[円/kW・30分],0,0,0,0,0,0,0,0,0,0
20250722B01,追加調達結果,最低約定価格（電源属地別）[円/kW・30分],0,0,0,0,0,0,0,0,0,0
20250722B01,追加調達結果,平均約定価格（電源属地別）[円/kW・30分],0,0,0,0,0,0,0,0,0,0
20250722B01,追加調達結果,最高約定価格（TSO別）[円/kW・30分],0,0,0,0,0,0,0,0,0,0
20250722B01,追加調達結果,最低約定価格（TSO別）[円/kW・30分],0,0,0,0,0,0,0,0,0,0
20250722B01,追加調達結果,平均約定価格（TSO別）[円/kW・30分],0,0,0,0,0,0,0,0,0,0
20250722B01,追加調達結果,約定量合計（TSO別）[MW],0,0,0,0,0,0,0,0,0,0
20250722B01,追加調達結果,（内訳）自エリアからの約定量[MW],0,0,0,0,0,0,0,0,0,0
20250722B01,合計（確報値）,募集量（TSO別）[MW],6,63,523,0,54,211,221,46,180,1304
20250722B01,合計（確報値）,応札量合計（電源属地別）[MW],59.8,45.069,5.48,86.258,35,146.136,141.03,68,82.419,669.192
20250722B01,合計（確報値）,約定量合計（電源属地別）[MW],10,45.069,5.48,62.161,35,67.494,141.03,68,82.419,516.653
20250722B01,合計（確報値）,応札件数（電源属地別）[件],3,4,3,8,1,4,4,3,7,37
20250722B01,合計（確報値）,約定件数（電源属地別）[件],1,4,3,6,1,3,4,3,7,32
20250722B01,合計（確報値）,最高約定価格（電源属地別）[円/kW・30分],0.36,16.47,19.51,19.51,2.14,0.36,2.35,5.6,19.51,19.51
20250722B01,合計（確報値）,最低約定価格（電源属地別）[円/kW・30分],0.36,3.13,9.26,0.36,2.14,0.36,0.36,1.54,0.36,0.36
20250722B01,合計（確報値）,平均約定価格（電源属地別）[円/kW・30分],0.36,5.81,13.52,3.03,2.14,0.36,1.93,4.81,2.96,2.84
20250722B01,合計（確報値）,最高約定価格（TSO別）[円/kW・30分],0.36,16.47,19.51,0,2.14,19.51,5.33,5.6,19.51,19.51
20250722B01,合計（確報値）,最低約定価格（TSO別）[円/kW・30分],0.36,3.13,9.26,0,2.14,0.36,0.36,1.54,0.36,0.36
20250722B01,合計（確報値）,平均約定価格（TSO別）[円/kW・30分],0.36,5.81,13.52,0,2.14,1.72,2.26,4.81,2.96,2.84
20250722B01,合計（確報値）,約定量合計（TSO別）[MW],10,45.069,5.48,0,35,132.358,160.327,46,82.419,516.653
20250722B01,合計（確報値）,（内訳）自エリアからの約定量[MW],10,45.069,5.48,0,35,67.494,141.03,46,82.419,432.492
20250722B02,システム約定結果,募集量（TSO別）[MW],0,83,471,0,68,210,219,47,206,1304
20250722B02,システム約定結果,応札量合計（電源属地別）[MW],62.69,45.069,20.142,62.161,35,192.893,240.569,68,84.308,810.832
20250722B02,システム約定結果,落札量合計（電源属地別）[MW],44,45.069,20.142,62.161,35,192.893,240.569,68,84.308,792.142
20250722B02,システム約定結果,応札件数（電源属地別）[件],5,4,4,6,1,5,6,3,8,42
20250722B02,システム約定結果,落札件数（電源属地別）[件],2,4,4,6,1,5,6,3,8,39
20250722B02,システム約定結果,最高落札価格（電源属地別）[円/kW・30分],2.22,16.47,19.51,19.51,2.01,9.53,19.51,5.52,19.51,19.51
20250722B02,システム約定結果,最低落札価格（電源属地別）[円/kW・30分],1.75,3.22,0.99,2.78,2.01,0.36,0.36,1.45,0.36,0.36
20250722B02,システム約定結果,平均落札価格（電源属地別）[円/kW・30分],2.11,5.89,4.4,4.01,2.01,3.27,2.11,4.78,3.21,3.16
20250722B02,システム約定結果,最高落札価格（TSO別）[円/kW・30分],2.22,16.47,19.51,0,3.92,19.51,2.22,5.52,19.51,19.51
20250722B02,システム約定結果,最低落札価格（TSO別）[円/kW・30分],1.75,3.22,0.99,0,2.01,0.36,0.36,1.45,0.36,0.36
20250722B02,システム約定結果,平均落札価格（TSO別）[円/kW・30分],2.11,5.89,4.4,0,2.84,3.4,1.96,4.69,3.59,3.16
20250722B02,システム約定結果,落札量合計（TSO別）[MW],44,45.069,20.142,0,68,210,219,47,138.931,792.142
20250722B02,システム約定結果,（内訳）自エリアからの落札量[MW],44,45.069,20.142,0,35,192.893,219,47,84.308,687.412
20250722B02,追加調達結果,募集量（TSO別）[MW],-,-,-,-,-,-,-,-,-,-
20250722B02,追加調達結果,応札量合計（電源属地別）[MW],0,0,0,0,0,0,0,0,0,0
20250722B02,追加調達結果,約定量合計（電源属地別）[MW],0,0,0,0,0,0,0,0,0,0
20250722B02,追加調達結果,応札件数（電源属地別）[件],0,0,0,0,0,0,0,0,0,0
20250722B02,追加調達結果,約定件数（電源属地別）[件],0,0,0,0,0,0,0,0,0,0
20250722B02,追加調達結果,最高約定価格（電源属地別）[円/kW・30分],0,0,0,0,0,0,0,0,0,0
20250722B02,追加調達結果,最低約定価格（電源属地別）[円/kW・30分],0,0,0,0,0,0,0,0,0,0
20250722B02,追加調達結果,平均約定価格（電源属地別）[円/kW・30分],0,0,0,0,0,0,0,0,0,0
20250722B02,追加調達結果,最高約定価格（TSO別）[円/kW・30分],0,0,0,0,0,0,0,0,0,0
20250722B02,追加調達結果,最低約定価格（TSO別）[円/kW・30分],0,0,0,0,0,0,0,0,0,0
20250722B02,追加調達結果,平均約定価格（TSO別）[円/kW・30分],0,0,0,0,0,0,0,0,0,0
20250722B02,追加調達結果,約定量合計（TSO別）[MW],0,0,0,0,0,0,0,0,0,0
20250722B02,追加調達結果,（内訳）自エリアからの約定量[MW],0,0,0,0,0,0,0,0,0,0
20250722B02,合計（確報値）,募集量（TSO別）[MW],0,83,471,0,68,210,219,47,206,1304
20250722B02,合計（確報値）,応札量合計（電源属地別）[MW],62.69,45.069,20.142,86.258,35,192.893,240.569,68,84.308,834.929
20250722B02,合計（確報値）,約定量合計（電源属地別）[MW],44,45.069,20.142,62.161,35,114.251,240.569,68,84.308,713.5
20250722B02,合計（確報値）,応札件数（電源属地別）[件],5,4,4,8,1,5,6,3,8,44
20250722B02,合計（確報値）,約定件数（電源属地別）[件],2,4,4,6,1,4,6,3,8,38
20250722B02,合計（確報値）,最高約定価格（電源属地別）[円/kW・30分],2.22,16.47,19.51,19.51,2.01,9.53,19.51,5.52,19.51,19.51
20250722B02,合計（確報値）,最低約定価格（電源属地別）[円/kW・30分],1.75,3.22,0.99,0.36,2.01,0.36,0.36,1.45,0.36,0.36
20250722B02,合計（確報値）,平均約定価格（電源属地別）[円/kW・30分],2.11,5.89,4.4,2.74,2.01,4.11,2.11,4.78,3.21,3.17
20250722B02,合計（確報値）,最高約定価格（TSO別）[円/kW・30分],2.22,16.47,19.51,0,3.92,19.51,2.22,5.52,19.51,19.51
20250722B02,合計（確報値）,最低約定価格（TSO別）[円/kW・30分],1.75,3.22,0.99,0,0.36,0.36,0.36,1.45,0.36,0.36
20250722B02,合計（確報値）,平均約定価格（TSO別）[円/kW・30分],2.11,5.89,4.4,0,1.68,4.2,1.96,4.69,3.59,3.17
20250722B02,合計（確報値）,約定量合計（TSO別）[MW],44,45.069,20.142,0,68,131.358,219,47,138.931,713.5
20250722B02,合計（確報値）,（内訳）自エリアからの約定量[MW],44,45.069,20.142,0,35,114.251,219,47,84.308,608.77
20250722B03,システム約定結果,募集量（TSO別）[MW],0,151,571,0,70,259,197,44,240,1532
20250722B03,システム約定結果,応札量合計（電源属地別）[MW],1.5,12,5.48,13.968,35,192.893,240.569,102,17.308,620.718
20250722B03,システム約定結果,落札量合計（電源属地別）[MW],0,12,5.48,13.968,35,192.893,240.569,102,17.308,619.218
20250722B03,システム約定結果,応札件数（電源属地別）[件],1,1,3,2,1,5,6,4,6,29
20250722B03,システム約定結果,落札件数（電源属地別）[件],0,1,3,2,1,5,6,4,6,28
20250722B03,システム約定結果,最高落札価格（電源属地別）[円/kW・30分],0,4.51,19.51,19.51,1.76,9.53,19.51,5.44,19.51,19.51
20250722B03,システム約定結果,最低落札価格（電源属地別）[円/kW・30分],0,4.51,9.26,2.16,1.76,0.36,0.42,1.09,0.36,0.36
20250722B03,システム約定結果,平均落札価格（電源属地別）[円/kW・30分],0,4.51,13.52,4.54,1.76,3.28,2.56,3.97,8.41,3.31
20250722B03,システム約定結果,最高落札価格（TSO別）[円/kW・30分],0,4.51,19.51,0,9.53,19.51,2.76,5.16,19.51,19.51
20250722B03,システム約定結果,最低落札価格（TSO別）[円/kW・30分],0,4.51,4.51,0,1.76,0.36,0.42,2.63,0.36,0.36
20250722B03,システム約定結果,平均落札価格（TSO別）[円/kW・30分],0,4.51,9.22,0,2.87,3.36,2.39,3.95,4.79,3.31
20250722B03,システム約定結果,落札量合計（TSO別）[MW],0,7,10.48,0,40.861,259,197,44,60.877,619.218
20250722B03,システム約定結果,（内訳）自エリアからの落札量[MW],0,7,5.48,0,35,187.032,197,44,17.308,492.82
20250722B03,追加調達結果,募集量（TSO別）[MW],-,-,-,-,-,-,-,-,-,-
20250722B03,追加調達結果,応札量合計（電源属地別）[MW],0,0,0,0,0,0,0,0,0,0
20250722B03,追加調達結果,約定量合計（電源属地別）[MW],0,0,0,0,0,0,0,0,0,0
20250722B03,追加調達結果,応札件数（電源属地別）[件],0,0,0,0,0,0,0,0,0,0
20250722B03,追加調達結果,約定件数（電源属地別）[件],0,0,0,0,0,0,0,0,0,0
20250722B03,追加調達結果,最高約定価格（電源属地別）[円/kW・30分],0,0,0,0,0,0,0,0,0,0
20250722B03,追加調達結果,最低約定価格（電源属地別）[円/kW・30分],0,0,0,0,0,0,0,0,0,0
20250722B03,追加調達結果,平均約定価格（電源属地別）[円/kW・30分],0,0,0,0,0,0,0,0,0,0
20250722B03,追加調達結果,最高約定価格（TSO別）[円/kW・30分],0,0,0,0,0,0,0,0,0,0
20250722B03,追加調達結果,最低約定価格（TSO別）[円/kW・30分],0,0,0,0,0,0,0,0,0,0
20250722B03,追加調達結果,平均約定価格（TSO別）[円/kW・30分],0,0,0,0,0,0,0,0,0,0
20250722B03,追加調達結果,約定量合計（TSO別）[MW],0,0,0,0,0,0,0,0,0,0
20250722B03,追加調達結果,（内訳）自エリアからの約定量[MW],0,0,0,0,0,0,0,0,0,0
20250722B03,合計（確報値）,募集量（TSO別）[MW],0,151,571,0,70,259,197,44,240,1532
20250722B03,合計（確報値）,応札量合計（電源属地別）[MW],1.5,12,5.48,13.968,35,192.893,240.569,102,17.308,620.718
20250722B03,合計（確報値）,約定量合計（電源属地別）[MW],0,12,5.48,13.968,35,114.251,240.569,68,17.308,506.576
20250722B03,合計（確報値）,応札件数（電源属地別）[件],1,1,3,2,1,5,6,4,6,29
20250722B03,合計（確報値）,約定件数（電源属地別）[件],0,1,3,2,1,4,6,3,6,26
20250722B03,合計（確報値）,最高約定価格（電源属地別）[円/kW・30分],0,4.51,19.51,19.51,1.76,9.53,19.51,5.44,19.51,19.51
20250722B03,合計（確報値）,最低約定価格（電源属地別）[円/kW・30分],0,4.51,9.26,2.16,1.76,0.36,0.42,1.09,0.36,0.36
20250722B03,合計（確報値）,平均約定価格（電源属地別）[円/kW・30分],0,4.51,13.52,4.54,1.76,4.11,2.56,4.64,8.41,3.56
20250722B03,合計（確報値）,最高約定価格（TSO別）[円/kW・30分],0,4.51,19.51,0,9.53,19.51,2.76,5.16,19.51,19.51
20250722B03,合計（確報値）,最低約定価格（TSO別）[円/kW・30分],0,4.51,4.51,0,1.76,0.36,0.42,5.16,0.36,0.36
20250722B03,合計（確報値）,平均約定価格（TSO別）[円/kW・30分],0,4.51,9.22,0,2.87,4.03,2.39,5.16,4.79,3.56
20250722B03,合計（確報値）,約定量合計（TSO別）[MW],0,7,10.48,0,40.861,167.358,197,23,60.877,506.576
20250722B03,合計（確報値）,（内訳）自エリアからの約定量[MW],0,7,5.48,0,35,108.39,197,23,17.308,393.178
20250722B04,システム約定結果,募集量（TSO別）[MW],24,197,628,25,97,292,209,66,259,1797
20250722B04,システム約定結果,応札量合計（電源属地別）[MW],85.79,33.069,7.968,1.92,60,192.893,226.457,105,29.07,742.167
20250722B04,システム約定結果,落札量合計（電源属地別）[MW],34,33.069,7.968,1.92,60,192.893,226.457,105,29.07,690.377
20250722B04,システム約定結果,応札件数（電源属地別）[件],4,3,7,1,2,5,5,4,9,40
20250722B04,システム約定結果,落札件数（電源属地別）[件],1,3,7,1,2,5,5,4,9,37
20250722B04,システム約定結果,最高落札価格（電源属地別）[円/kW・30分],1.28,16.47,19.5,19.51,4.09,9.53,19.51,5.57,19.51,19.51
20250722B04,システム約定結果,最低落札価格（電源属地別）[円/kW・30分],1.28,4.23,19.5,19.51,3.9,1.44,1.51,0.8,0.44,0.44
20250722B04,システム約定結果,平均落札価格（電源属地別）[円/kW・30分],1.28,7.59,19.5,19.51,4.01,4.37,4.26,3.66,8.58,4.59
20250722B04,システム約定結果,最高落札価格（TSO別）[円/kW・30分],1.28,16.47,19.5,19.51,4.36,9.53,19.51,5.57,19.51,19.51
20250722B04,システム約定結果,最低落札価格（TSO別）[円/kW・30分],1.28,4.23,19.5,19.51,3.72,0.8,1.51,0.8,0.44,0.44
20250722B04,システム約定結果,平均落札価格（TSO別）[円/kW・30分],1.28,7.59,19.5,19.51,3.96,4.45,4.25,3.38,8.58,4.59
20250722B04,システム約定結果,落札量合計（TSO別）[MW],34,33.069,7.968,1.92,82,220.251,201.841,80.258,29.07,690.377
20250722B04,システム約定結果,（内訳）自エリアからの落札量[MW],34,33.069,7.968,1.92,60,173.893,201.841,80.258,29.07,622.019
20250722B04,追加調達結果,募集量（TSO別）[MW],-,-,-,-,-,-,-,-,-,-
20250722B04,追加調達結果,応札量合計（電源属地別）[MW],0,0,0,0,0,0,0,0,0,0
20250722B04,追加調達結果,約定量合計（電源属地別）[MW],0,0,0,0,0,0,0,0,0,0
20250722B04,追加調達結果,応札件数（電源属地別）[件],0,0,0,0,0,0,0,0,0,0
20250722B04,追加調達結果,約定件数（電源属地別）[件],0,0,0,0,0,0,0,0,0,0
20250722B04,追加調達結果,最高約定価格（電源属地別）[円/kW・30分],0,0,0,0,0,0,0,0,0,0
20250722B04,追加調達結果,最低約定価格（電源属地別）[円/kW・30分],0,0,0,0,0,0,0,0,0,0
20250722B04,追加調達結果,平均約定価格（電源属地別）[円/kW・30分],0,0,0,0,0,0,0,0,0,0
20250722B04,追加調達結果,最高約定価格（TSO別）[円/kW・30分],0,0,0,0,0,0,0,0,0,0
20250722B04,追加調達結果,最低約定価格（TSO別）[円/kW・30分],0,0,0,0,0,0,0,0,0,0
20250722B04,追加調達結果,平均約定価格（TSO別）[円/kW・30分],0,0,0,0,0,0,0,0,0,0
20250722B04,追加調達結果,約定量合計（TSO別）[MW],0,0,0,0,0,0,0,0,0,0
20250722B04,追加調達結果,（内訳）自エリアからの約定量[MW],0,0,0,0,0,0,0,0,0,0
20250722B04,合計（確報値）,募集量（TSO別）[MW],24,197,628,25,97,292,209,66,259,1797
20250722B04,合計（確報値）,応札量合計（電源属地別）[MW],85.79,33.069,7.968,1.92,60,192.893,226.457,105,44.07,757.167
20250722B04,合計（確報値）,約定量合計（電源属地別）[MW],34,33.069,7.968,1.92,60,114.251,226.457,71,29.07,577.735
20250722B04,合計（確報値）,応札件数（電源属地別）[件],4,3,7,1,2,5,5,4,11,42
20250722B04,合計（確報値）,約定件数（電源属地別）[件],1,3,7,1,2,4,5,3,9,35
20250722B04,合計（確報値）,最高約定価格（電源属地別）[円/kW・30分],1.28,16.47,19.5,19.51,4.09,9.53,19.51,5.57,19.51,19.51
20250722B04,合計（確報値）,最低約定価格（電源属地別）[円/kW・30分],1.28,4.23,19.5,19.51,3.9,1.44,1.51,0.8,0.44,0.44
20250722B04,合計（確報値）,平均約定価格（電源属地別）[円/kW・30分],1.28,7.59,19.5,19.51,4.01,4.81,4.26,4.08,8.02,4.79
20250722B04,合計（確報値）,最高約定価格（TSO別）[円/kW・30分],1.28,16.47,19.5,19.51,4.36,9.53,19.51,5.57,19.51,19.51
20250722B04,合計（確報値）,最低約定価格（TSO別）[円/kW・30分],1.28,4.23,19.5,19.51,3.9,0.8,1.51,0.8,0.44,0.44
20250722B04,合計（確報値）,平均約定価格（TSO別）[円/kW・30分],1.28,7.59,19.5,19.51,4.03,4.72,4.25,3.82,8.02,4.79
20250722B04,合計（確報値）,約定量合計（TSO別）[MW],34,33.069,7.968,1.92,63,160.609,201.841,46.258,29.07,577.735
20250722B04,合計（確報値）,（内訳）自エリアからの約定量[MW],34,33.069,7.968,1.92,60,114.251,201.841,46.258,29.07,528.377
20250722B05,システム約定結果,募集量（TSO別）[MW],18,191,628,17,96,252,185,77,262,1726
20250722B05,システム約定結果,応札量合計（電源属地別）[MW],85.79,33.069,5.968,1.92,60,192.893,227.842,133,23.813,764.295
20250722B05,システム約定結果,落札量合計（電源属地別）[MW],34,33.069,5.968,1.92,60,192.893,227.842,133,23.813,712.505
20250722B05,システム約定結果,応札件数（電源属地別）[件],4,3,5,1,2,5,5,5,6,36
20250722B05,システム約定結果,落札件数（電源属地別）[件],1,3,5,1,2,5,5,5,6,33
20250722B05,システム約定結果,最高落札価格（電源属地別）[円/kW・30分],2.13,16.47,19.5,19.51,6.23,9.53,19.51,5.5,19.5,19.51
20250722B05,システム約定結果,最低落札価格（電源属地別）[円/kW・30分],2.13,3.51,8.2,19.51,6.04,3.59,2.78,1.07,0.36,0.36
20250722B05,システム約定結果,平均落札価格（電源属地別）[円/kW・30分],2.13,7.06,17.61,19.51,6.15,6,5.38,3.44,6.36,5.34
20250722B05,システム約定結果,最高落札価格（TSO別）[円/kW・30分],2.13,16.47,19.5,19.51,6.23,19.51,5.54,5.5,19.5,19.51
20250722B05,システム約定結果,最低落札価格（TSO別）[円/kW・30分],2.13,3.51,8.2,19.51,5.48,1.07,2.78,1.07,0.36,0.36
20250722B05,システム約定結果,平均落札価格（TSO別）[円/kW・30分],2.13,7.06,17.61,19.51,5.96,5.82,5.21,3.29,6.36,5.34
20250722B05,システム約定結果,落札量合計（TSO別）[MW],34,33.069,5.968,1.92,85,239.767,185,103.968,23.813,712.505
20250722B05,システム約定結果,（内訳）自エリアからの落札量[MW],34,33.069,5.968,1.92,60,191.893,185,103.968,23.813,639.631
20250722B05,追加調達結果,募集量（TSO別）[MW],-,-,-,-,-,-,-,-,-,-
20250722B05,追加調達結果,応札量合計（電源属地別）[MW],0,0,0,0,0,0,0,0,0,0
20250722B05,追加調達結果,約定量合計（電源属地別）[MW],0,0,0,0,0,0,0,0,0,0
20250722B05,追加調達結果,応札件数（電源属地別）[件],0,0,0,0,0,0,0,0,0,0
20250722B05,追加調達結果,約定件数（電源属地別）[件],0,0,0,0,0,0,0,0,0,0
20250722B05,追加調達結果,最高約定価格（電源属地別）[円/kW・30分],0,0,0,0,0,0,0,0,0,0
20250722B05,追加調達結果,最低約定価格（電源属地別）[円/kW・30分],0,0,0,0,0,0,0,0,0,0
20250722B05,追加調達結果,平均約定価格（電源属地別）[円/kW・30分],0,0,0,0,0,0,0,0,0,0
20250722B05,追加調達結果,最高約定価格（TSO別）[円/kW・30分],0,0,0,0,0,0,0,0,0,0
20250722B05,追加調達結果,最低約定価格（TSO別）[円/kW・30分],0,0,0,0,0,0,0,0,0,0
20250722B05,追加調達結果,平均約定価格（TSO別）[円/kW・30分],0,0,0,0,0,0,0,0,0,0
20250722B05,追加調達結果,約定量合計（TSO別）[MW],0,0,0,0,0,0,0,0,0,0
20250722B05,追加調達結果,（内訳）自エリアからの約定量[MW],0,0,0,0,0,0,0,0,0,0
20250722B05,合計（確報値）,募集量（TSO別）[MW],18,191,628,17,96,252,185,77,262,1726
20250722B05,合計（確報値）,応札量合計（電源属地別）[MW],85.79,45.069,5.968,1.92,60,192.893,227.842,133,38.813,791.295
20250722B05,合計（確報値）,約定量合計（電源属地別）[MW],34,33.069,5.968,1.92,60,114.251,227.842,99,23.813,599.863
20250722B05,合計（確報値）,応札件数（電源属地別）[件],4,4,5,1,2,5,5,5,8,39
20250722B05,合計（確報値）,約定件数（電源属地別）[件],1,3,5,1,2,4,5,4,6,31
20250722B05,合計（確報値）,最高約定価格（電源属地別）[円/kW・30分],2.13,16.47,19.5,19.51,6.23,9.53,19.51,5.5,19.5,19.51
20250722B05,合計（確報値）,最低約定価格（電源属地別）[円/kW・30分],2.13,2.18,8.2,19.51,6.04,3.59,2.78,1.07,0.36,0.36
20250722B05,合計（確報値）,平均約定価格（電源属地別）[円/kW・30分],2.13,6.58,17.61,19.51,6.15,6.08,5.38,3.69,5.62,5.37
20250722B05,合計（確報値）,最高約定価格（TSO別）[円/kW・30分],2.13,16.47,19.5,19.51,6.23,19.51,5.54,5.5,19.5,19.51
20250722B05,合計（確報値）,最低約定価格（TSO別）[円/kW・30分],2.13,2.18,8.2,19.51,5.48,1.07,2.78,1.07,0.36,0.36
20250722B05,合計（確報値）,平均約定価格（TSO別）[円/kW・30分],2.13,6.58,17.61,19.51,5.96,5.8,5.21,3.57,5.62,5.37
20250722B05,合計（確報値）,約定量合計（TSO別）[MW],34,33.069,5.968,1.92,84,162.125,185,69.968,23.813,599.863
20250722B05,合計（確報値）,（内訳）自エリアからの約定量[MW],34,33.069,5.968,1.92,60,114.251,185,69.968,23.813,527.989
20250722B06,システム約定結果,募集量（TSO別）[MW],13,191,632,82,103,252,248,64,259,1844
20250722B06,システム約定結果,応札量合計（電源属地別）[MW],93.8,41.069,26.467,26.016,35,114.251,281.89,102,24.455,744.948
20250722B06,システム約定結果,落札量合計（電源属地別）[MW],44,41.069,26.467,26.016,35,114.251,281.89,102,24.455,695.148
20250722B06,システム約定結果,応札件数（電源属地別）[件],4,3,8,3,1,4,9,4,10,46
20250722B06,システム約定結果,落札件数（電源属地別）[件],2,3,8,3,1,4,9,4,10,44
20250722B06,システム約定結果,最高落札価格（電源属地別）[円/kW・30分],7.65,16.47,19.5,19.51,8.97,9.53,19.51,13.12,19.51,19.51
20250722B06,システム約定結果,最低落札価格（電源属地別）[円/kW・30分],0.36,4,8.8,8.77,8.97,6.79,7.05,4.78,2.43,0.36
20250722B06,システム約定結果,平均落札価格（電源属地別）[円/kW・30分],5.99,6.86,12.02,9.58,8.97,7.97,9.29,8.74,12.6,8.86
20250722B06,システム約定結果,最高落札価格（TSO別）[円/kW・30分],7.65,16.47,19.5,19.51,9.06,13.12,9.93,13.12,19.51,19.51
20250722B06,システム約定結果,最低落札価格（TSO別）[円/kW・30分],0.36,4,8.8,19.51,8.97,4.78,7.05,4.78,2.43,0.36
20250722B06,システム約定結果,平均落札価格（TSO別）[円/kW・30分],5.99,6.86,12.02,19.51,8.99,8.25,9.18,9.25,13.07,8.86
20250722B06,システム約定結果,落札量合計（TSO別）[MW],44,41.069,26.467,1.92,44.186,198.251,248,65,26.255,695.148
20250722B06,システム約定結果,（内訳）自エリアからの落札量[MW],44,41.069,26.467,1.92,35,114.251,248,65,24.455,600.162
20250722B06,追加調達結果,募集量（TSO別）[MW],-,-,-,-,-,-,-,-,-,-
20250722B06,追加調達結果,応札量合計（電源属地別）[MW],0,0,0,0,0,0,0,0,0,0
20250722B06,追加調達結果,約定量合計（電源属地別）[MW],0,0,0,0,0,0,0,0,0,0
20250722B06,追加調達結果,応札件数（電源属地別）[件],0,0,0,0,0,0,0,0,0,0
20250722B06,追加調達結果,約定件数（電源属地別）[件],0,0,0,0,0,0,0,0,0,0
20250722B06,追加調達結果,最高約定価格（電源属地別）[円/kW・30分],0,0,0,0,0,0,0,0,0,0
20250722B06,追加調達結果,最低約定価格（電源属地別）[円/kW・30分],0,0,0,0,0,0,0,0,0,0
20250722B06,追加調達結果,平均約定価格（電源属地別）[円/kW・30分],0,0,0,0,0,0,0,0,0,0
20250722B06,追加調達結果,最高約定価格（TSO別）[円/kW・30分],0,0,0,0,0,0,0,0,0,0
20250722B06,追加調達結果,最低約定価格（TSO別）[円/kW・30分],0,0,0,0,0,0,0,0,0,0
20250722B06,追加調達結果,平均約定価格（TSO別）[円/kW・30分],0,0,0,0,0,0,0,0,0,0
20250722B06,追加調達結果,約定量合計（TSO別）[MW],0,0,0,0,0,0,0,0,0,0
20250722B06,追加調達結果,（内訳）自エリアからの約定量[MW],0,0,0,0,0,0,0,0,0,0
20250722B06,合計（確報値）,募集量（TSO別）[MW],13,191,632,82,103,252,248,64,259,1844
20250722B06,合計（確報値）,応札量合計（電源属地別）[MW],93.8,41.069,26.467,26.016,35,114.251,281.89,102,24.455,744.948
20250722B06,合計（確報値）,約定量合計（電源属地別）[MW],44,41.069,26.467,26.016,35,114.251,281.89,68,24.455,661.148
20250722B06,合計（確報値）,応札件数（電源属地別）[件],4,3,8,3,1,4,9,4,10,46
20250722B06,合計（確報値）,約定件数（電源属地別）[件],2,3,8,3,1,4,9,3,10,43
20250722B06,合計（確報値）,最高約定価格（電源属地別）[円/kW・30分],7.65,16.47,19.5,19.51,8.97,9.53,19.51,13.12,19.51,19.51
20250722B06,合計（確報値）,最低約定価格（電源属地別）[円/kW・30分],0.36,4,8.8,8.77,8.97,6.79,7.05,4.78,2.43,0.36
20250722B06,合計（確報値）,平均約定価格（電源属地別）[円/kW・30分],5.99,6.86,12.02,9.58,8.97,7.97,9.29,8.29,12.6,8.82
20250722B06,合計（確報値）,最高約定価格（TSO別）[円/kW・30分],7.65,16.47,19.5,19.51,9.06,13.12,9.93,13.12,19.51,19.51
20250722B06,合計（確報値）,最低約定価格（TSO別）[円/kW・30分],0.36,4,8.8,19.51,8.97,4.78,7.05,4.78,2.43,0.36
20250722B06,合計（確報値）,平均約定価格（TSO別）[円/kW・30分],5.99,6.86,12.02,19.51,8.99,8.25,9.18,8.85,13.07,8.82
20250722B06,合計（確報値）,約定量合計（TSO別）[MW],44,41.069,26.467,1.92,44.186,198.251,248,31,26.255,661.148
20250722B06,合計（確報値）,（内訳）自エリアからの約定量[MW],44,41.069,26.467,1.92,35,114.251,248,31,24.455,566.162
20250722B07,システム約定結果,募集量（TSO別）[MW],12,161,629,50,102,242,244,52,242,1734
20250722B07,システム約定結果,応札量合計（電源属地別）[MW],95.79,41.069,41.966,13.968,35,192.893,307.344,68,181.203,977.233
20250722B07,システム約定結果,落札量合計（電源属地別）[MW],45.5,41.069,41.966,13.968,35,192.893,307.344,68,181.203,926.943
20250722B07,システム約定結果,応札件数（電源属地別）[件],5,3,6,2,1,5,11,3,11,47
20250722B07,システム約定結果,落札件数（電源属地別）[件],3,3,6,2,1,5,11,3,11,45
20250722B07,システム約定結果,最高落札価格（電源属地別）[円/kW・30分],7.57,16.47,19.5,19.51,6.33,9.53,19.51,13.37,19.51,19.51
20250722B07,システム約定結果,最低落札価格（電源属地別）[円/kW・30分],4,3.08,7.43,8.61,6.33,5.68,6.07,4.78,3.45,3.08
20250722B07,システム約定結果,平均落札価格（電源属地別）[円/kW・30分],7.35,6.22,9.3,10.11,6.33,7.57,8.13,8.42,5.36,7.38
20250722B07,システム約定結果,最高落札価格（TSO別）[円/kW・30分],7.57,16.47,19.5,19.51,8.93,9.53,19.51,13.37,19.51,19.51
20250722B07,システム約定結果,最低落札価格（TSO別）[円/kW・30分],4,3.08,7.43,8.61,4.78,5.68,6.07,4.78,3.45,3.08
20250722B07,システム約定結果,平均落札価格（TSO別）[円/kW・30分],7.35,6.22,9.3,10.11,6.77,7.81,7.96,9.83,5.36,7.38
20250722B07,システム約定結果,落札量合計（TSO別）[MW],45.5,41.069,41.966,13.968,89,224.251,240.986,49,181.203,926.943
20250722B07,システム約定結果,（内訳）自エリアからの落札量[MW],45.5,41.069,41.966,13.968,35,182.893,240.986,49,181.203,831.585
20250722B07,追加調達結果,募集量（TSO別）[MW],-,-,-,-,-,-,-,-,-,-
20250722B07,追加調達結果,応札量合計（電源属地別）[MW],0,0,0,0,0,0,0,0,0,0
20250722B07,追加調達結果,約定量合計（電源属地別）[MW],0,0,0,0,0,0,0,0,0,0
20250722B07,追加調達結果,応札件数（電源属地別）[件],0,0,0,0,0,0,0,0,0,0
20250722B07,追加調達結果,約定件数（電源属地別）[件],0,0,0,0,0,0,0,0,0,0
20250722B07,追加調達結果,最高約定価格（電源属地別）[円/kW・30分],0,0,0,0,0,0,0,0,0,0
20250722B07,追加調達結果,最低約定価格（電源属地別）[円/kW・30分],0,0,0,0,0,0,0,0,0,0
20250722B07,追加調達結果,平均約定価格（電源属地別）[円/kW・30分],0,0,0,0,0,0,0,0,0,0
20250722B07,追加調達結果,最高約定価格（TSO別）[円/kW・30分],0,0,0,0,0,0,0,0,0,0
20250722B07,追加調達結果,最低約定価格（TSO別）[円/kW・30分],0,0,0,0,0,0,0,0,0,0
20250722B07,追加調達結果,平均約定価格（TSO別）[円/kW・30分],0,0,0,0,0,0,0,0,0,0
20250722B07,追加調達結果,約定量合計（TSO別）[MW],0,0,0,0,0,0,0,0,0,0
20250722B07,追加調達結果,（内訳）自エリアからの約定量[MW],0,0,0,0,0,0,0,0,0,0
20250722B07,合計（確報値）,募集量（TSO別）[MW],12,161,629,50,102,242,244,52,242,1734
20250722B07,合計（確報値）,応札量合計（電源属地別）[MW],95.79,41.069,41.966,13.968,35,240.783,307.344,68,181.203,1025.123
20250722B07,合計（確報値）,約定量合計（電源属地別）[MW],45.5,41.069,41.966,13.968,35,162.141,307.344,68,181.203,896.191
20250722B07,合計（確報値）,応札件数（電源属地別）[件],5,3,6,2,1,7,11,3,11,49
20250722B07,合計（確報値）,約定件数（電源属地別）[件],3,3,6,2,1,6,11,3,11,46
20250722B07,合計（確報値）,最高約定価格（電源属地別）[円/kW・30分],7.57,16.47,19.5,19.51,6.33,9.53,19.51,13.37,19.51,19.51
20250722B07,合計（確報値）,最低約定価格（電源属地別）[円/kW・30分],4,3.08,7.43,8.61,6.33,5.4,6.07,4.78,3.45,3.08
20250722B07,合計（確報値）,平均約定価格（電源属地別）[円/kW・30分],7.35,6.22,9.3,10.11,6.33,6.77,8.13,8.42,5.36,7.23
20250722B07,合計（確報値）,最高約定価格（TSO別）[円/kW・30分],7.57,16.47,19.5,19.51,8.93,9.53,19.51,13.37,19.51,19.51
20250722B07,合計（確報値）,最低約定価格（TSO別）[円/kW・30分],4,3.08,7.43,8.61,4.78,5.4,6.07,4.78,3.45,3.08
20250722B07,合計（確報値）,平均約定価格（TSO別）[円/kW・30分],7.35,6.22,9.3,10.11,6.62,7.21,7.96,9.83,5.36,7.23
20250722B07,合計（確報値）,約定量合計（TSO別）[MW],45.5,41.069,41.966,13.968,79,203.499,240.986,49,181.203,896.191
20250722B07,合計（確報値）,（内訳）自エリアからの約定量[MW],45.5,41.069,41.966,13.968,35,162.141,240.986,49,181.203,810.833
20250722B08,システム約定結果,募集量（TSO別）[MW],19,105,601,0,92,215,194,56,235,1517
20250722B08,システム約定結果,応札量合計（電源属地別）[MW],95.79,20,35.3,25.968,35,192.893,269.163,68,87.708,829.822
20250722B08,システム約定結果,落札量合計（電源属地別）[MW],44,20,35.3,25.968,35,192.893,269.163,68,87.708,778.032
20250722B08,システム約定結果,応札件数（電源属地別）[件],5,1,2,3,1,5,8,3,10,38
20250722B08,システム約定結果,落札件数（電源属地別）[件],2,1,2,3,1,5,8,3,10,35
20250722B08,システム約定結果,最高落札価格（電源属地別）[円/kW・30分],4.02,2.55,3.97,19.51,3.71,9.53,19.51,8.3,19.51,19.51
20250722B08,システム約定結果,最低落札価格（電源属地別）[円/kW・30分],0.36,2.55,3.91,3.88,3.71,1.99,1.34,4.23,1.36,0.36
20250722B08,システム約定結果,平均落札価格（電源属地別）[円/kW・30分],3.19,2.55,3.94,5.88,3.71,4.78,3.71,5.92,5.33,4.38
20250722B08,システム約定結果,最高落札価格（TSO別）[円/kW・30分],4.02,0,3.97,0,4.27,19.51,4.19,8.3,19.51,19.51
20250722B08,システム約定結果,最低落札価格（TSO別）[円/kW・30分],0.36,0,2.55,0,3.71,1.99,1.34,4.23,1.36,0.36
20250722B08,システム約定結果,平均落札価格（TSO別）[円/kW・30分],3.19,0,3.44,0,3.95,5.12,3.47,6.15,4.71,4.38
20250722B08,システム約定結果,落札量合計（TSO別）[MW],44,0,55.3,0,61,206.661,194,56,161.071,778.032
20250722B08,システム約定結果,（内訳）自エリアからの落札量[MW],44,0,35.3,0,35,166.893,194,56,87.708,618.901
20250722B08,追加調達結果,募集量（TSO別）[MW],-,-,-,-,-,-,-,-,-,-
20250722B08,追加調達結果,応札量合計（電源属地別）[MW],0,0,0,0,0,0,0,0,0,0
20250722B08,追加調達結果,約定量合計（電源属地別）[MW],0,0,0,0,0,0,0,0,0,0
20250722B08,追加調達結果,応札件数（電源属地別）[件],0,0,0,0,0,0,0,0,0,0
20250722B08,追加調達結果,約定件数（電源属地別）[件],0,0,0,0,0,0,0,0,0,0
20250722B08,追加調達結果,最高約定価格（電源属地別）[円/kW・30分],0,0,0,0,0,0,0,0,0,0
20250722B08,追加調達結果,最低約定価格（電源属地別）[円/kW・30分],0,0,0,0,0,0,0,0,0,0
20250722B08,追加調達結果,平均約定価格（電源属地別）[円/kW・30分],0,0,0,0,0,0,0,0,0,0
20250722B08,追加調達結果,最高約定価格（TSO別）[円/kW・30分],0,0,0,0,0,0,0,0,0,0
20250722B08,追加調達結果,最低約定価格（TSO別）[円/kW・30分],0,0,0,0,0,0,0,0,0,0
20250722B08,追加調達結果,平均約定価格（TSO別）[円/kW・30分],0,0,0,0,0,0,0,0,0,0
20250722B08,追加調達結果,約定量合計（TSO別）[MW],0,0,0,0,0,0,0,0,0,0
20250722B08,追加調達結果,（内訳）自エリアからの約定量[MW],0,0,0,0,0,0,0,0,0,0
20250722B08,合計（確報値）,募集量（TSO別）[MW],19,105,601,0,92,215,194,56,235,1517
20250722B08,合計（確報値）,応札量合計（電源属地別）[MW],95.79,20,35.3,25.968,35,240.783,269.163,68,87.708,877.712
20250722B08,合計（確報値）,約定量合計（電源属地別）[MW],44,20,35.3,25.968,35,162.141,269.163,68,87.708,747.28
20250722B08,合計（確報値）,応札件数（電源属地別）[件],5,1,2,3,1,7,8,3,10,40
20250722B08,合計（確報値）,約定件数（電源属地別）[件],2,1,2,3,1,6,8,3,10,36
20250722B08,合計（確報値）,最高約定価格（電源属地別）[円/kW・30分],4.02,2.55,3.97,19.51,3.71,9.53,19.51,8.3,19.51,19.51
20250722B08,合計（確報値）,最低約定価格（電源属地別）[円/kW・30分],0.36,2.55,3.91,3.88,3.71,1.72,1.34,4.23,1.36,0.36
20250722B08,合計（確報値）,平均約定価格（電源属地別）[円/kW・30分],3.19,2.55,3.94,5.88,3.71,4.15,3.71,5.92,5.33,4.22
20250722B08,合計（確報値）,最高約定価格（TSO別）[円/kW・30分],4.02,0,3.97,0,3.71,19.51,4.19,8.3,19.51,19.51
20250722B08,合計（確報値）,最低約定価格（TSO別）[円/kW・30分],0.36,0,2.55,0,3.71,1.72,1.34,4.23,1.36,0.36
20250722B08,合計（確報値）,平均約定価格（TSO別）[円/kW・30分],3.19,0,3.44,0,3.71,4.55,3.47,6.15,4.71,4.22
20250722B08,合計（確報値）,約定量合計（TSO別）[MW],44,0,55.3,0,35,201.909,194,56,161.071,747.28
20250722B08,合計（確報値）,（内訳）自エリアからの約定量[MW],44,0,35.3,0,35,162.141,194,56,87.708,614.149
20250723B01,システム約定結果,募集量（TSO別）[MW],6,63,523,0,54,211,221,46,180,1304
20250723B01,システム約定結果,応札量合計（電源属地別）[MW],59.8,41.069,81.149,38.065,25,146.136,141.03,68,84.319,684.568
20250723B01,システム約定結果,落札量合計（電源属地別）[MW],10,41.069,81.149,38.065,25,146.136,141.03,68,84.319,634.768
20250723B01,システム約定結果,応札件数（電源属地別）[件],3,3,7,4,1,4,4,3,8,37
20250723B01,システム約定結果,落札件数（電源属地別）[件],1,3,7,4,1,4,4,3,8,35
20250723B01,システム約定結果,最高落札価格（電源属地別）[円/kW・30分],1.99,16.47,19.51,19.51,1.95,2.27,2.32,5.81,19.51,19.51
20250723B01,システム約定結果,最低落札価格（電源属地別）[円/kW・30分],1.99,2.29,1.71,2.03,1.95,0.36,0.36,1.75,0.36,0.36
20250723B01,システム約定結果,平均落札価格（電源属地別）[円/kW・30分],1.99,6.22,2.55,3.86,1.95,1.39,1.9,4.89,3.33,2.78
20250723B01,システム約定結果,最高落札価格（TSO別）[円/kW・30分],1.99,16.47,19.51,0,1.95,19.51,5.81,5.81,19.51,19.51
20250723B01,システム約定結果,最低落札価格（TSO別）[円/kW・30分],1.99,2.29,1.71,0,1.95,0.36,0.36,1.75,0.36,0.36
20250723B01,システム約定結果,平均落札価格（TSO別）[円/kW・30分],1.99,6.22,2.55,0,1.95,1.9,2.32,4.84,3.33,2.78
20250723B01,システム約定結果,落札量合計（TSO別）[MW],10,41.069,81.149,0,25,184.201,163.03,46,84.319,634.768
20250723B01,システム約定結果,（内訳）自エリアからの落札量[MW],10,41.069,81.149,0,25,146.136,141.03,46,84.319,574.703
20250723B01,追加調達結果,募集量（TSO別）[MW],-,-,-,-,-,-,-,-,-,-
20250723B01,追加調達結果,応札量合計（電源属地別）[MW],0,0,0,0,0,0,0,0,0,0
20250723B01,追加調達結果,約定量合計（電源属地別）[MW],0,0,0,0,0,0,0,0,0,0
20250723B01,追加調達結果,応札件数（電源属地別）[件],0,0,0,0,0,0,0,0,0,0
20250723B01,追加調達結果,約定件数（電源属地別）[件],0,0,0,0,0,0,0,0,0,0
20250723B01,追加調達結果,最高約定価格（電源属地別）[円/kW・30分],0,0,0,0,0,0,0,0,0,0
20250723B01,追加調達結果,最低約定価格（電源属地別）[円/kW・30分],0,0,0,0,0,0,0,0,0,0
20250723B01,追加調達結果,平均約定価格（電源属地別）[円/kW・30分],0,0,0,0,0,0,0,0,0,0
20250723B01,追加調達結果,最高約定価格（TSO別）[円/kW・30分],0,0,0,0,0,0,0,0,0,0
20250723B01,追加調達結果,最低約定価格（TSO別）[円/kW・30分],0,0,0,0,0,0,0,0,0,0
20250723B01,追加調達結果,平均約定価格（TSO別）[円/kW・30分],0,0,0,0,0,0,0,0,0,0
20250723B01,追加調達結果,約定量合計（TSO別）[MW],0,0,0,0,0,0,0,0,0,0
20250723B01,追加調達結果,（内訳）自エリアからの約定量[MW],0,0,0,0,0,0,0,0,0,0
20250723B01,合計（確報値）,募集量（TSO別）[MW],6,63,523,0,54,211,221,46,180,1304
20250723B01,合計（確報値）,応札量合計（電源属地別）[MW],59.8,41.069,81.149,38.065,25,146.136,141.03,68,84.319,684.568
20250723B01,合計（確報値）,約定量合計（電源属地別）[MW],10,41.069,81.149,38.065,25,67.494,141.03,68,84.319,556.126
20250723B01,合計（確報値）,応札件数（電源属地別）[件],3,3,7,4,1,4,4,3,8,37
20250723B01,合計（確報値）,約定件数（電源属地別）[件],1,3,7,4,1,3,4,3,8,34
20250723B01,合計（確報値）,最高約定価格（電源属地別）[円/kW・30分],1.99,16.47,19.51,19.51,1.95,0.36,2.32,5.81,19.51,19.51
20250723B01,合計（確報値）,最低約定価格（電源属地別）[円/kW・30分],1.99,2.29,1.71,2.03,1.95,0.36,0.36,1.75,0.36,0.36
20250723B01,合計（確報値）,平均約定価格（電源属地別）[円/kW・30分],1.99,6.22,2.55,3.86,1.95,0.36,1.9,4.89,3.33,2.85
20250723B01,合計（確報値）,最高約定価格（TSO別）[円/kW・30分],1.99,16.47,19.51,0,1.95,19.51,5.81,5.81,19.51,19.51
20250723B01,合計（確報値）,最低約定価格（TSO別）[円/kW・30分],1.99,2.29,1.71,0,1.95,0.36,0.36,1.75,0.36,0.36
20250723B01,合計（確報値）,平均約定価格（TSO別）[円/kW・30分],1.99,6.22,2.55,0,1.95,1.62,2.32,4.84,3.33,2.85
20250723B01,合計（確報値）,約定量合計（TSO別）[MW],10,41.069,81.149,0,25,105.559,163.03,46,84.319,556.126
20250723B01,合計（確報値）,（内訳）自エリアからの約定量[MW],10,41.069,81.149,0,25,67.494,141.03,46,84.319,496.061
20250723B02,システム約定結果,募集量（TSO別）[MW],0,83,471,0,68,210,219,47,206,1304
20250723B02,システム約定結果,応札量合計（電源属地別）[MW],60.99,41.069,107.073,38.065,25,192.893,240.569,68,86.208,859.867
20250723B02,システム約定結果,落札量合計（電源属地別）[MW],44,41.069,107.073,38.065,25,192.893,240.569,68,86.208,842.877
20250723B02,システム約定結果,応札件数（電源属地別）[件],5,3,8,4,1,5,6,3,9,44
20250723B02,システム約定結果,落札件数（電源属地別）[件],2,3,8,4,1,5,6,3,9,41
20250723B02,システム約定結果,最高落札価格（電源属地別）[円/kW・30分],2.21,16.47,19.51,19.51,1.84,9.53,19.51,5.55,19.51,19.51
20250723B02,システム約定結果,最低落札価格（電源属地別）[円/kW・30分],1.77,2.61,1.36,1.66,1.84,0.36,0.36,1.49,0.36,0.36
20250723B02,システム約定結果,平均落札価格（電源属地別）[円/kW・30分],2.11,6.48,2.52,3.76,1.84,3.27,2.06,4.79,3.57,3.06
20250723B02,システム約定結果,最高落札価格（TSO別）[円/kW・30分],2.21,16.47,19.51,0,9.53,19.51,2.2,5.55,19.51,19.51
20250723B02,システム約定結果,最低落札価格（TSO別）[円/kW・30分],1.77,2.61,1.36,0,1.84,0.36,0.36,1.49,0.36,0.36
20250723B02,システム約定結果,平均落札価格（TSO別）[円/kW・30分],2.11,6.48,2.52,0,6.57,2.36,1.95,4.53,3.54,3.06
20250723B02,システム約定結果,落札量合計（TSO別）[MW],44,41.069,107.073,0,64.958,210,219,47,109.777,842.877
20250723B02,システム約定結果,（内訳）自エリアからの落札量[MW],44,41.069,107.073,0,25,152.935,219,47,86.208,722.285
20250723B02,追加調達結果,募集量（TSO別）[MW],-,-,-,-,-,-,-,-,-,-
20250723B02,追加調達結果,応札量合計（電源属地別）[MW],0,0,0,0,0,0,0,0,0,0
20250723B02,追加調達結果,約定量合計（電源属地別）[MW],0,0,0,0,0,0,0,0,0,0
20250723B02,追加調達結果,応札件数（電源属地別）[件],0,0,0,0,0,0,0,0,0,0
20250723B02,追加調達結果,約定件数（電源属地別）[件],0,0,0,0,0,0,0,0,0,0
20250723B02,追加調達結果,最高約定価格（電源属地別）[円/kW・30分],0,0,0,0,0,0,0,0,0,0
20250723B02,追加調達結果,最低約定価格（電源属地別）[円/kW・30分],0,0,0,0,0,0,0,0,0,0
20250723B02,追加調達結果,平均約定価格（電源属地別）[円/kW・30分],0,0,0,0,0,0,0,0,0,0
20250723B02,追加調達結果,最高約定価格（TSO別）[円/kW・30分],0,0,0,0,0,0,0,0,0,0
20250723B02,追加調達結果,最低約定価格（TSO別）[円/kW・30分],0,0,0,0,0,0,0,0,0,0
20250723B02,追加調達結果,平均約定価格（TSO別）[円/kW・30分],0,0,0,0,0,0,0,0,0,0
20250723B02,追加調達結果,約定量合計（TSO別）[MW],0,0,0,0,0,0,0,0,0,0
20250723B02,追加調達結果,（内訳）自エリアからの約定量[MW],0,0,0,0,0,0,0,0,0,0
20250723B02,合計（確報値）,募集量（TSO別）[MW],0,83,471,0,68,210,219,47,206,1304
20250723B02,合計（確報値）,応札量合計（電源属地別）[MW],60.99,41.069,107.073,38.065,25,192.893,240.569,68,86.208,859.867
20250723B02,合計（確報値）,約定量合計（電源属地別）[MW],44,41.069,107.073,38.065,25,114.251,240.569,68,86.208,764.235
20250723B02,合計（確報値）,応札件数（電源属地別）[件],5,3,8,4,1,5,6,3,9,44
20250723B02,合計（確報値）,約定件数（電源属地別）[件],2,3,8,4,1,4,6,3,9,40
20250723B02,合計（確報値）,最高約定価格（電源属地別）[円/kW・30分],2.21,16.47,19.51,19.51,1.84,9.53,19.51,5.55,19.51,19.51
20250723B02,合計（確報値）,最低約定価格（電源属地別）[円/kW・30分],1.77,2.61,1.36,1.66,1.84,0.36,0.36,1.49,0.36,0.36
20250723B02,合計（確報値）,平均約定価格（電源属地別）[円/kW・30分],2.11,6.48,2.52,3.76,1.84,4.11,2.06,4.79,3.57,3.16
20250723B02,合計（確報値）,最高約定価格（TSO別）[円/kW・30分],2.21,16.47,19.51,0,9.53,19.51,2.2,5.55,19.51,19.51
20250723B02,合計（確報値）,最低約定価格（TSO別）[円/kW・30分],1.77,2.61,1.36,0,1.84,0.36,0.36,1.49,0.36,0.36
20250723B02,合計（確報値）,平均約定価格（TSO別）[円/kW・30分],2.11,6.48,2.52,0,6.57,2.54,1.95,4.53,3.54,3.16
20250723B02,合計（確報値）,約定量合計（TSO別）[MW],44,41.069,107.073,0,64.958,131.358,219,47,109.777,764.235
20250723B02,合計（確報値）,（内訳）自エリアからの約定量[MW],44,41.069,107.073,0,25,74.293,219,47,86.208,643.643
20250723B03,システム約定結果,募集量（TSO別）[MW],0,151,571,0,70,259,197,44,240,1532
20250723B03,システム約定結果,応札量合計（電源属地別）[MW],1.5,29.069,8.48,24.968,25,192.893,240.569,102,19.208,643.687
20250723B03,システム約定結果,落札量合計（電源属地別）[MW],0,29.069,8.48,24.968,25,192.893,240.569,102,19.208,642.187
20250723B03,システム約定結果,応札件数（電源属地別）[件],1,2,6,3,1,5,6,4,7,35
20250723B03,システム約定結果,落札件数（電源属地別）[件],0,2,6,3,1,5,6,4,7,34
20250723B03,システム約定結果,最高落札価格（電源属地別）[円/kW・30分],0,16.47,19.51,19.51,1.57,9.53,19.51,8.15,19.51,19.51
20250723B03,システム約定結果,最低落札価格（電源属地別）[円/kW・30分],0,5.36,9.26,1.65,1.57,0.36,0.4,3.28,0.36,0.36
20250723B03,システム約定結果,平均落札価格（電源属地別）[円/kW・30分],0,8.83,15.64,3.07,1.57,3.28,2.5,5.65,9.51,3.89
20250723B03,システム約定結果,最高落札価格（TSO別）[円/kW・30分],0,16.47,19.51,0,2.06,19.51,2.72,6.76,19.51,19.51
20250723B03,システム約定結果,最低落札価格（TSO別）[円/kW・30分],0,5.36,5.36,0,1.57,0.36,0.4,3.28,0.36,0.36
20250723B03,システム約定結果,平均落札価格（TSO別）[円/kW・30分],0,11.63,9.42,0,1.84,4.11,2.32,4.83,5.2,3.89
20250723B03,システム約定結果,落札量合計（TSO別）[MW],0,16.069,21.48,0,55,245.861,197,44,62.777,642.187
20250723B03,システム約定結果,（内訳）自エリアからの落札量[MW],0,16.069,8.48,0,25,162.893,197,44,19.208,472.65
20250723B03,追加調達結果,募集量（TSO別）[MW],-,-,-,-,-,-,-,-,-,-
20250723B03,追加調達結果,応札量合計（電源属地別）[MW],0,0,0,0,0,0,0,0,0,0
20250723B03,追加調達結果,約定量合計（電源属地別）[MW],0,0,0,0,0,0,0,0,0,0
20250723B03,追加調達結果,応札件数（電源属地別）[件],0,0,0,0,0,0,0,0,0,0
20250723B03,追加調達結果,約定件数（電源属地別）[件],0,0,0,0,0,0,0,0,0,0
20250723B03,追加調達結果,最高約定価格（電源属地別）[円/kW・30分],0,0,0,0,0,0,0,0,0,0
20250723B03,追加調達結果,最低約定価格（電源属地別）[円/kW・30分],0,0,0,0,0,0,0,0,0,0
20250723B03,追加調達結果,平均約定価格（電源属地別）[円/kW・30分],0,0,0,0,0,0,0,0,0,0
20250723B03,追加調達結果,最高約定価格（TSO別）[円/kW・30分],0,0,0,0,0,0,0,0,0,0
20250723B03,追加調達結果,最低約定価格（TSO別）[円/kW・30分],0,0,0,0,0,0,0,0,0,0
20250723B03,追加調達結果,平均約定価格（TSO別）[円/kW・30分],0,0,0,0,0,0,0,0,0,0
20250723B03,追加調達結果,約定量合計（TSO別）[MW],0,0,0,0,0,0,0,0,0,0
20250723B03,追加調達結果,（内訳）自エリアからの約定量[MW],0,0,0,0,0,0,0,0,0,0
20250723B03,合計（確報値）,募集量（TSO別）[MW],0,151,571,0,70,259,197,44,240,1532
20250723B03,合計（確報値）,応札量合計（電源属地別）[MW],1.5,29.069,8.48,35.968,25,192.893,240.569,102,19.208,654.687
20250723B03,合計（確報値）,約定量合計（電源属地別）[MW],0,29.069,8.48,24.968,25,114.251,240.569,68,19.208,529.545
20250723B03,合計（確報値）,応札件数（電源属地別）[件],1,2,6,4,1,5,6,4,7,36
20250723B03,合計（確報値）,約定件数（電源属地別）[件],0,2,6,3,1,4,6,3,7,32
20250723B03,合計（確報値）,最高約定価格（電源属地別）[円/kW・30分],0,16.47,19.51,19.51,1.57,9.53,19.51,8.15,19.51,19.51
20250723B03,合計（確報値）,最低約定価格（電源属地別）[円/kW・30分],0,5.36,9.26,0.36,1.57,0.36,0.4,5.98,0.36,0.36
20250723B03,合計（確報値）,平均約定価格（電源属地別）[円/kW・30分],0,8.83,15.64,2.46,1.57,4.11,2.5,6.84,9.51,4.17
20250723B03,合計（確報値）,最高約定価格（TSO別）[円/kW・30分],0,16.47,19.51,0,1.57,19.51,2.72,6.76,19.51,19.51
20250723B03,合計（確報値）,最低約定価格（TSO別）[円/kW・30分],0,5.36,5.36,0,1.57,0.36,0.4,5.98,0.36,0.36
20250723B03,合計（確報値）,平均約定価格（TSO別）[円/kW・30分],0,11.63,9.42,0,1.57,4.63,2.32,6.25,5.2,4.17
20250723B03,合計（確報値）,約定量合計（TSO別）[MW],0,16.069,21.48,0,25,184.219,197,23,62.777,529.545
20250723B03,合計（確報値）,（内訳）自エリアからの約定量[MW],0,16.069,8.48,0,25,114.251,197,23,19.208,403.008
20250723B04,システム約定結果,募集量（TSO別）[MW],24,197,628,25,97,292,209,66,259,1797
20250723B04,システム約定結果,応札量合計（電源属地別）[MW],85.79,29.069,6,1.92,44,194.743,224.702,128,32.545,746.769
20250723B04,システム約定結果,落札量合計（電源属地別）[MW],34,29.069,6,1.92,44,194.743,224.702,128,32.545,694.979
20250723B04,システム約定結果,応札件数（電源属地別）[件],4,2,6,1,2,6,5,5,11,42
20250723B04,システム約定結果,落札件数（電源属地別）[件],1,2,6,1,2,6,5,5,11,39
20250723B04,システム約定結果,最高落札価格（電源属地別）[円/kW・30分],1.27,16.47,19.5,19.51,3.9,18.56,19.51,14.06,19.51,19.51
20250723B04,システム約定結果,最低落札価格（電源属地別）[円/kW・30分],1.27,5.35,19.5,19.51,2.6,1.44,1.42,3.75,0.44,0.44
20250723B04,システム約定結果,平均落札価格（電源属地別）[円/kW・30分],1.27,8.82,19.5,19.51,3.34,4.5,4.03,7.14,9.75,5.2
20250723B04,システム約定結果,最高落札価格（TSO別）[円/kW・30分],1.27,16.47,19.5,19.51,14.06,18.56,19.51,14.06,19.51,19.51
20250723B04,システム約定結果,最低落札価格（TSO別）[円/kW・30分],1.27,5.35,19.5,19.51,2.6,1.44,1.42,3.75,0.44,0.44
20250723B04,システム約定結果,平均落札価格（TSO別）[円/kW・30分],1.27,8.82,19.5,19.51,3.93,4.7,4,7.18,9.75,5.2
20250723B04,システム約定結果,落札量合計（TSO別）[MW],34,29.069,6,1.92,68,222.101,198.086,103.258,32.545,694.979
20250723B04,システム約定結果,（内訳）自エリアからの落札量[MW],34,29.069,6,1.92,44,173.743,198.086,103.258,32.545,622.621
20250723B04,追加調達結果,募集量（TSO別）[MW],-,-,-,-,-,-,-,-,-,-
20250723B04,追加調達結果,応札量合計（電源属地別）[MW],0,0,0,0,0,0,0,0,0,0
20250723B04,追加調達結果,約定量合計（電源属地別）[MW],0,0,0,0,0,0,0,0,0,0
20250723B04,追加調達結果,応札件数（電源属地別）[件],0,0,0,0,0,0,0,0,0,0
20250723B04,追加調達結果,約定件数（電源属地別）[件],0,0,0,0,0,0,0,0,0,0
20250723B04,追加調達結果,最高約定価格（電源属地別）[円/kW・30分],0,0,0,0,0,0,0,0,0,0
20250723B04,追加調達結果,最低約定価格（電源属地別）[円/kW・30分],0,0,0,0,0,0,0,0,0,0
20250723B04,追加調達結果,平均約定価格（電源属地別）[円/kW・30分],0,0,0,0,0,0,0,0,0,0
20250723B04,追加調達結果,最高約定価格（TSO別）[円/kW・30分],0,0,0,0,0,0,0,0,0,0
20250723B04,追加調達結果,最低約定価格（TSO別）[円/kW・30分],0,0,0,0,0,0,0,0,0,0
20250723B04,追加調達結果,平均約定価格（TSO別）[円/kW・30分],0,0,0,0,0,0,0,0,0,0
20250723B04,追加調達結果,約定量合計（TSO別）[MW],0,0,0,0,0,0,0,0,0,0
20250723B04,追加調達結果,（内訳）自エリアからの約定量[MW],0,0,0,0,0,0,0,0,0,0
20250723B04,合計（確報値）,募集量（TSO別）[MW],24,197,628,25,97,292,209,66,259,1797
20250723B04,合計（確報値）,応札量合計（電源属地別）[MW],85.79,29.069,6,1.92,44,194.743,224.702,128,47.545,761.769
20250723B04,合計（確報値）,約定量合計（電源属地別）[MW],34,29.069,6,1.92,44,116.101,224.702,94,32.545,582.337
20250723B04,合計（確報値）,応札件数（電源属地別）[件],4,2,6,1,2,6,5,5,14,45
20250723B04,合計（確報値）,約定件数（電源属地別）[件],1,2,6,1,2,5,5,4,12,38
20250723B04,合計（確報値）,最高約定価格（電源属地別）[円/kW・30分],1.27,16.47,19.5,19.51,3.9,18.56,19.51,14.06,19.51,19.51
20250723B04,合計（確報値）,最低約定価格（電源属地別）[円/kW・30分],1.27,5.35,19.5,19.51,2.6,1.44,1.42,4.8,0.44,0.44
20250723B04,合計（確報値）,平均約定価格（電源属地別）[円/kW・30分],1.27,8.82,19.5,19.51,3.34,5.03,4.03,8.37,9.59,5.48
20250723B04,合計（確報値）,最高約定価格（TSO別）[円/kW・30分],1.27,16.47,19.5,19.51,14.06,18.56,19.51,14.06,19.51,19.51
20250723B04,合計（確報値）,最低約定価格（TSO別）[円/kW・30分],1.27,5.35,19.5,19.51,2.6,1.44,1.42,4.8,0.44,0.44
20250723B04,合計（確報値）,平均約定価格（TSO別）[円/kW・30分],1.27,8.82,19.5,19.51,4.02,5.07,4,8.66,9.59,5.48
20250723B04,合計（確報値）,約定量合計（TSO別）[MW],34,29.069,6,1.92,47,161.717,198.086,72,32.545,582.337
20250723B04,合計（確報値）,（内訳）自エリアからの約定量[MW],34,29.069,6,1.92,44,116.101,198.086,72,32.545,533.721
20250723B05,システム約定結果,募集量（TSO別）[MW],18,191,628,17,96,252,185,77,262,1726
20250723B05,システム約定結果,応札量合計（電源属地別）[MW],85.79,29.069,3,1.92,44,194.743,240.569,133,25.803,757.894
20250723B05,システム約定結果,落札量合計（電源属地別）[MW],34,29.069,3,1.92,44,194.743,240.569,133,25.803,706.104
20250723B05,システム約定結果,応札件数（電源属地別）[件],4,2,3,1,2,6,6,5,7,36
20250723B05,システム約定結果,落札件数（電源属地別）[件],1,2,3,1,2,6,6,5,7,33
20250723B05,システム約定結果,最高落札価格（電源属地別）[円/kW・30分],2.13,16.47,19.5,19.51,6.04,18.56,19.51,11.99,19.5,19.51
20250723B05,システム約定結果,最低落札価格（電源属地別）[円/kW・30分],2.13,4.51,19.5,19.51,4.73,3.59,2.42,2.12,0.36,0.36
20250723B05,システム約定結果,平均落札価格（電源属地別）[円/kW・30分],2.13,8.24,19.5,19.51,5.47,6.12,4.96,5.97,7.37,5.69
20250723B05,システム約定結果,最高落札価格（TSO別）[円/kW・30分],2.13,16.47,19.5,19.51,11.47,18.56,5.28,11.99,19.51,19.51
20250723B05,システム約定結果,最低落札価格（TSO別）[円/kW・30分],2.13,4.51,19.5,19.51,4.73,2.12,2.42,2.12,0.36,0.36
20250723B05,システム約定結果,平均落札価格（TSO別）[円/kW・30分],2.13,8.24,19.5,19.51,6.07,5.85,4.81,5.79,7.17,5.69
20250723B05,システム約定結果,落札量合計（TSO別）[MW],34,29.069,3,1.92,85,222.133,185,103.968,42.014,706.104
20250723B05,システム約定結果,（内訳）自エリアからの落札量[MW],34,29.069,3,1.92,44,177.743,185,103.968,25.803,604.503
20250723B05,追加調達結果,募集量（TSO別）[MW],-,-,-,-,-,-,-,-,-,-
20250723B05,追加調達結果,応札量合計（電源属地別）[MW],0,0,0,0,0,0,0,0,0,0
20250723B05,追加調達結果,約定量合計（電源属地別）[MW],0,0,0,0,0,0,0,0,0,0
20250723B05,追加調達結果,応札件数（電源属地別）[件],0,0,0,0,0,0,0,0,0,0
20250723B05,追加調達結果,約定件数（電源属地別）[件],0,0,0,0,0,0,0,0,0,0
20250723B05,追加調達結果,最高約定価格（電源属地別）[円/kW・30分],0,0,0,0,0,0,0,0,0,0
20250723B05,追加調達結果,最低約定価格（電源属地別）[円/kW・30分],0,0,0,0,0,0,0,0,0,0
20250723B05,追加調達結果,平均約定価格（電源属地別）[円/kW・30分],0,0,0,0,0,0,0,0,0,0
20250723B05,追加調達結果,最高約定価格（TSO別）[円/kW・30分],0,0,0,0,0,0,0,0,0,0
20250723B05,追加調達結果,最低約定価格（TSO別）[円/kW・30分],0,0,0,0,0,0,0,0,0,0
20250723B05,追加調達結果,平均約定価格（TSO別）[円/kW・30分],0,0,0,0,0,0,0,0,0,0
20250723B05,追加調達結果,約定量合計（TSO別）[MW],0,0,0,0,0,0,0,0,0,0
20250723B05,追加調達結果,（内訳）自エリアからの約定量[MW],0,0,0,0,0,0,0,0,0,0
20250723B05,合計（確報値）,募集量（TSO別）[MW],18,191,628,17,96,252,185,77,262,1726
20250723B05,合計（確報値）,応札量合計（電源属地別）[MW],85.79,29.069,3,1.92,44,194.743,240.569,133,40.803,772.894
20250723B05,合計（確報値）,約定量合計（電源属地別）[MW],34,29.069,3,1.92,44,116.101,240.569,99,25.803,593.462
20250723B05,合計（確報値）,応札件数（電源属地別）[件],4,2,3,1,2,6,6,5,10,39
20250723B05,合計（確報値）,約定件数（電源属地別）[件],1,2,3,1,2,5,6,4,8,32
20250723B05,合計（確報値）,最高約定価格（電源属地別）[円/kW・30分],2.13,16.47,19.5,19.51,6.04,18.56,19.51,11.99,19.5,19.51
20250723B05,合計（確報値）,最低約定価格（電源属地別）[円/kW・30分],2.13,4.51,19.5,19.51,4.73,3.59,2.42,2.12,0.36,0.36
20250723B05,合計（確報値）,平均約定価格（電源属地別）[円/kW・30分],2.13,8.24,19.5,19.51,5.47,6.28,4.96,6.8,7.27,5.78
20250723B05,合計（確報値）,最高約定価格（TSO別）[円/kW・30分],2.13,16.47,19.5,19.51,11.47,18.56,5.28,11.99,19.51,19.51
20250723B05,合計（確報値）,最低約定価格（TSO別）[円/kW・30分],2.13,4.51,19.5,19.51,4.73,2.12,2.42,2.12,0.36,0.36
20250723B05,合計（確報値）,平均約定価格（TSO別）[円/kW・30分],2.13,8.24,19.5,19.51,6.12,5.9,4.81,6.69,7.11,5.78
20250723B05,合計（確報値）,約定量合計（TSO別）[MW],34,29.069,3,1.92,68,156.491,185,73.968,42.014,593.462
20250723B05,合計（確報値）,（内訳）自エリアからの約定量[MW],34,29.069,3,1.92,44,116.101,185,73.968,25.803,512.861
20250723B06,システム約定結果,募集量（TSO別）[MW],13,191,632,82,103,252,248,64,259,1844
20250723B06,システム約定結果,応札量合計（電源属地別）[MW],93.8,41.069,6,13.968,44,116.101,184.151,102,26.445,627.534
20250723B06,システム約定結果,落札量合計（電源属地別）[MW],44,41.069,6,13.968,44,116.101,184.151,102,26.445,577.734
20250723B06,システム約定結果,応札件数（電源属地別）[件],4,3,6,2,2,5,8,4,11,45
20250723B06,システム約定結果,落札件数（電源属地別）[件],2,3,6,2,2,5,8,4,11,43
20250723B06,システム約定結果,最高落札価格（電源属地別）[円/kW・30分],7.65,16.47,19.5,19.51,8.78,18.56,19.51,13.06,19.51,19.51
20250723B06,システム約定結果,最低落札価格（電源属地別）[円/kW・30分],7.2,2.39,19.5,8.91,7.48,6.79,6.18,4.78,2.43,2.39
20250723B06,システム約定結果,平均落札価格（電源属地別）[円/kW・30分],7.55,5.63,19.5,10.37,8.22,8.14,8.15,8.72,13.12,8.43
20250723B06,システム約定結果,最高落札価格（TSO別）[円/kW・30分],7.65,16.47,19.5,19.51,8.78,18.56,19.51,13.06,19.51,19.51
20250723B06,システム約定結果,最低落札価格（TSO別）[円/kW・30分],7.2,2.39,19.5,19.51,7.48,4.78,6.18,4.78,2.43,2.39
20250723B06,システム約定結果,平均落札価格（TSO別）[円/kW・30分],7.55,5.63,19.5,19.51,8.22,7.72,8.27,9.82,13.12,8.43
20250723B06,システム約定結果,落札量合計（TSO別）[MW],44,41.069,6,1.92,44,149.778,199.522,65,26.445,577.734
20250723B06,システム約定結果,（内訳）自エリアからの落札量[MW],44,41.069,6,1.92,44,116.101,184.151,65,26.445,528.686
20250723B06,追加調達結果,募集量（TSO別）[MW],-,-,-,-,-,-,-,-,-,-
20250723B06,追加調達結果,応札量合計（電源属地別）[MW],0,0,0,0,0,0,0,0,0,0
20250723B06,追加調達結果,約定量合計（電源属地別）[MW],0,0,0,0,0,0,0,0,0,0
20250723B06,追加調達結果,応札件数（電源属地別）[件],0,0,0,0,0,0,0,0,0,0
20250723B06,追加調達結果,約定件数（電源属地別）[件],0,0,0,0,0,0,0,0,0,0
20250723B06,追加調達結果,最高約定価格（電源属地別）[円/kW・30分],0,0,0,0,0,0,0,0,0,0
20250723B06,追加調達結果,最低約定価格（電源属地別）[円/kW・30分],0,0,0,0,0,0,0,0,0,0
20250723B06,追加調達結果,平均約定価格（電源属地別）[円/kW・30分],0,0,0,0,0,0,0,0,0,0
20250723B06,追加調達結果,最高約定価格（TSO別）[円/kW・30分],0,0,0,0,0,0,0,0,0,0
20250723B06,追加調達結果,最低約定価格（TSO別）[円/kW・30分],0,0,0,0,0,0,0,0,0,0
20250723B06,追加調達結果,平均約定価格（TSO別）[円/kW・30分],0,0,0,0,0,0,0,0,0,0
20250723B06,追加調達結果,約定量合計（TSO別）[MW],0,0,0,0,0,0,0,0,0,0
20250723B06,追加調達結果,（内訳）自エリアからの約定量[MW],0,0,0,0,0,0,0,0,0,0
20250723B06,合計（確報値）,募集量（TSO別）[MW],13,191,632,82,103,252,248,64,259,1844
20250723B06,合計（確報値）,応札量合計（電源属地別）[MW],93.8,41.069,6,13.968,44,116.101,184.151,102,26.445,627.534
20250723B06,合計（確報値）,約定量合計（電源属地別）[MW],44,41.069,6,13.968,44,116.101,184.151,68,26.445,543.734
20250723B06,合計（確報値）,応札件数（電源属地別）[件],4,3,6,2,2,5,8,4,11,45
20250723B06,合計（確報値）,約定件数（電源属地別）[件],2,3,6,2,2,5,8,3,11,42
20250723B06,合計（確報値）,最高約定価格（電源属地別）[円/kW・30分],7.65,16.47,19.5,19.51,8.78,18.56,19.51,13.06,19.51,19.51
20250723B06,合計（確報値）,最低約定価格（電源属地別）[円/kW・30分],7.2,2.39,19.5,8.91,7.48,6.79,6.18,4.78,2.43,2.39
20250723B06,合計（確報値）,平均約定価格（電源属地別）[円/kW・30分],7.55,5.63,19.5,10.37,8.22,8.14,8.15,8.26,13.12,8.35
20250723B06,合計（確報値）,最高約定価格（TSO別）[円/kW・30分],7.65,16.47,19.5,19.51,8.78,18.56,19.51,13.06,19.51,19.51
20250723B06,合計（確報値）,最低約定価格（TSO別）[円/kW・30分],7.2,2.39,19.5,19.51,7.48,4.78,6.18,4.78,2.43,2.39
20250723B06,合計（確報値）,平均約定価格（TSO別）[円/kW・30分],7.55,5.63,19.5,19.51,8.22,7.72,8.15,9.89,13.12,8.35
20250723B06,合計（確報値）,約定量合計（TSO別）[MW],44,41.069,6,1.92,44,149.778,184.151,46.371,26.445,543.734
20250723B06,合計（確報値）,（内訳）自エリアからの約定量[MW],44,41.069,6,1.92,44,116.101,184.151,46.371,26.445,510.057
20250723B07,システム約定結果,募集量（TSO別）[MW],12,161,629,50,102,242,244,52,242,1734
20250723B07,システム約定結果,応札量合計（電源属地別）[MW],95.79,41.069,0,13.968,25,194.743,323.211,68,149.193,910.974
20250723B07,システム約定結果,落札量合計（電源属地別）[MW],45.5,41.069,0,13.968,25,194.743,323.211,68,149.193,860.684
20250723B07,システム約定結果,応札件数（電源属地別）[件],5,3,0,2,1,6,12,3,11,43
20250723B07,システム約定結果,落札件数（電源属地別）[件],3,3,0,2,1,6,12,3,11,41
20250723B07,システム約定結果,最高落札価格（電源属地別）[円/kW・30分],7.57,16.47,0,19.51,6.15,18.56,19.51,13.38,19.51,19.51
20250723B07,システム約定結果,最低落札価格（電源属地別）[円/kW・30分],4,2.62,0,9.17,6.15,5.68,5.9,4.78,3.45,2.62
20250723B07,システム約定結果,平均落札価格（電源属地別）[円/kW・30分],7.35,5.85,0,10.59,6.15,7.68,7.95,8.42,5.39,7.34
20250723B07,システム約定結果,最高落札価格（TSO別）[円/kW・30分],7.57,16.47,0,19.51,8.77,18.56,8.77,13.38,19.51,19.51
20250723B07,システム約定結果,最低落札価格（TSO別）[円/kW・30分],4,2.62,0,9.17,6.04,4.78,5.9,4.78,3.45,2.62
20250723B07,システム約定結果,平均落札価格（TSO別）[円/kW・30分],7.35,5.85,0,10.59,7.69,7.57,7.67,9.54,5.71,7.34
20250723B07,システム約定結果,落札量合計（TSO別）[MW],45.5,41.069,0,13.968,79,226.101,244,52,159.046,860.684
20250723B07,システム約定結果,（内訳）自エリアからの落札量[MW],45.5,41.069,0,13.968,25,184.743,244,52,149.193,755.473
20250723B07,追加調達結果,募集量（TSO別）[MW],-,-,-,-,-,-,-,-,-,-
20250723B07,追加調達結果,応札量合計（電源属地別）[MW],0,0,0,0,0,0,0,0,0,0
20250723B07,追加調達結果,約定量合計（電源属地別）[MW],0,0,0,0,0,0,0,0,0,0
20250723B07,追加調達結果,応札件数（電源属地別）[件],0,0,0,0,0,0,0,0,0,0
20250723B07,追加調達結果,約定件数（電源属地別）[件],0,0,0,0,0,0,0,0,0,0
20250723B07,追加調達結果,最高約定価格（電源属地別）[円/kW・30分],0,0,0,0,0,0,0,0,0,0
20250723B07,追加調達結果,最低約定価格（電源属地別）[円/kW・30分],0,0,0,0,0,0,0,0,0,0
20250723B07,追加調達結果,平均約定価格（電源属地別）[円/kW・30分],0,0,0,0,0,0,0,0,0,0
20250723B07,追加調達結果,最高約定価格（TSO別）[円/kW・30分],0,0,0,0,0,0,0,0,0,0
20250723B07,追加調達結果,最低約定価格（TSO別）[円/kW・30分],0,0,0,0,0,0,0,0,0,0
20250723B07,追加調達結果,平均約定価格（TSO別）[円/kW・30分],0,0,0,0,0,0,0,0,0,0
20250723B07,追加調達結果,約定量合計（TSO別）[MW],0,0,0,0,0,0,0,0,0,0
20250723B07,追加調達結果,（内訳）自エリアからの約定量[MW],0,0,0,0,0,0,0,0,0,0
20250723B07,合計（確報値）,募集量（TSO別）[MW],12,161,629,50,102,242,244,52,242,1734
20250723B07,合計（確報値）,応札量合計（電源属地別）[MW],95.79,41.069,0,13.968,25,242.633,323.211,68,149.193,958.864
20250723B07,合計（確報値）,約定量合計（電源属地別）[MW],45.5,41.069,0,13.968,25,163.991,323.211,68,149.193,829.932
20250723B07,合計（確報値）,応札件数（電源属地別）[件],5,3,0,2,1,8,12,3,11,45
20250723B07,合計（確報値）,約定件数（電源属地別）[件],3,3,0,2,1,7,12,3,11,42
20250723B07,合計（確報値）,最高約定価格（電源属地別）[円/kW・30分],7.57,16.47,0,19.51,6.15,18.56,19.51,13.38,19.51,19.51
20250723B07,合計（確報値）,最低約定価格（電源属地別）[円/kW・30分],4,2.62,0,9.17,6.15,5.4,5.9,4.78,3.45,2.62
20250723B07,合計（確報値）,平均約定価格（電源属地別）[円/kW・30分],7.35,5.85,0,10.59,6.15,6.9,7.95,8.42,5.39,7.18
20250723B07,合計（確報値）,最高約定価格（TSO別）[円/kW・30分],7.57,16.47,0,19.51,8.77,18.56,8.77,13.38,19.51,19.51
20250723B07,合計（確報値）,最低約定価格（TSO別）[円/kW・30分],4,2.62,0,9.17,6.04,4.78,5.9,4.78,3.45,2.62
20250723B07,合計（確報値）,平均約定価格（TSO別）[円/kW・30分],7.35,5.85,0,10.59,7.65,6.95,7.67,9.54,5.71,7.18
20250723B07,合計（確報値）,約定量合計（TSO別）[MW],45.5,41.069,0,13.968,69,205.349,244,52,159.046,829.932
20250723B07,合計（確報値）,（内訳）自エリアからの約定量[MW],45.5,41.069,0,13.968,25,163.991,244,52,149.193,734.721
20250723B08,システム約定結果,募集量（TSO別）[MW],19,105,601,0,92,215,194,56,235,1517
20250723B08,システム約定結果,応札量合計（電源属地別）[MW],95.79,20,17.65,23.968,25,192.893,285.03,68,52.208,780.539
20250723B08,システム約定結果,落札量合計（電源属地別）[MW],44,20,17.65,23.968,25,192.893,285.03,68,52.208,728.749
20250723B08,システム約定結果,応札件数（電源属地別）[件],5,1,1,3,1,5,9,3,8,36
20250723B08,システム約定結果,落札件数（電源属地別）[件],2,1,1,3,1,5,9,3,8,33
20250723B08,システム約定結果,最高落札価格（電源属地別）[円/kW・30分],4.02,2.26,3.77,19.51,3.52,9.53,19.51,8.41,19.51,19.51
20250723B08,システム約定結果,最低落札価格（電源属地別）[円/kW・30分],0.36,2.26,3.77,3.91,3.52,1.99,1.41,4.35,1.36,0.36
20250723B08,システム約定結果,平均落札価格（電源属地別）[円/kW・30分],3.19,2.26,3.77,6.08,3.52,4.78,3.76,5.98,6.07,4.4
20250723B08,システム約定結果,最高落札価格（TSO別）[円/kW・30分],4.02,0,3.77,0,4.27,19.51,4.27,8.41,19.51,19.51
20250723B08,システム約定結果,最低落札価格（TSO別）[円/kW・30分],0.36,0,2.26,0,3.52,1.99,1.41,4.35,1.36,0.36
20250723B08,システム約定結果,平均落札価格（TSO別）[円/kW・30分],3.19,0,2.97,0,3.96,4.96,3.45,6.22,5.16,4.4
20250723B08,システム約定結果,落札量合計（TSO別）[MW],44,0,37.65,0,61,215,194,56,121.099,728.749
20250723B08,システム約定結果,（内訳）自エリアからの落札量[MW],44,0,17.65,0,25,156.893,194,56,52.208,545.751
20250723B08,追加調達結果,募集量（TSO別）[MW],-,-,-,-,-,-,-,-,-,-
20250723B08,追加調達結果,応札量合計（電源属地別）[MW],0,0,0,0,0,0,0,0,0,0
20250723B08,追加調達結果,約定量合計（電源属地別）[MW],0,0,0,0,0,0,0,0,0,0
20250723B08,追加調達結果,応札件数（電源属地別）[件],0,0,0,0,0,0,0,0,0,0
20250723B08,追加調達結果,約定件数（電源属地別）[件],0,0,0,0,0,0,0,0,0,0
20250723B08,追加調達結果,最高約定価格（電源属地別）[円/kW・30分],0,0,0,0,0,0,0,0,0,0
20250723B08,追加調達結果,最低約定価格（電源属地別）[円/kW・30分],0,0,0,0,0,0,0,0,0,0
20250723B08,追加調達結果,平均約定価格（電源属地別）[円/kW・30分],0,0,0,0,0,0,0,0,0,0
20250723B08,追加調達結果,最高約定価格（TSO別）[円/kW・30分],0,0,0,0,0,0,0,0,0,0
20250723B08,追加調達結果,最低約定価格（TSO別）[円/kW・30分],0,0,0,0,0,0,0,0,0,0
20250723B08,追加調達結果,平均約定価格（TSO別）[円/kW・30分],0,0,0,0,0,0,0,0,0,0
20250723B08,追加調達結果,約定量合計（TSO別）[MW],0,0,0,0,0,0,0,0,0,0
20250723B08,追加調達結果,（内訳）自エリアからの約定量[MW],0,0,0,0,0,0,0,0,0,0
20250723B08,合計（確報値）,募集量（TSO別）[MW],19,105,601,0,92,215,194,56,235,1517
20250723B08,合計（確報値）,応札量合計（電源属地別）[MW],95.79,20,17.65,23.968,25,240.783,285.03,68,52.208,828.429
20250723B08,合計（確報値）,約定量合計（電源属地別）[MW],44,20,17.65,23.968,25,162.141,285.03,68,52.208,697.997
20250723B08,合計（確報値）,応札件数（電源属地別）[件],5,1,1,3,1,8,9,3,8,39
20250723B08,合計（確報値）,約定件数（電源属地別）[件],2,1,1,3,1,7,9,3,8,35
20250723B08,合計（確報値）,最高約定価格（電源属地別）[円/kW・30分],4.02,2.26,3.77,19.51,3.52,9.53,19.51,8.41,19.51,19.51
20250723B08,合計（確報値）,最低約定価格（電源属地別）[円/kW・30分],0.36,2.26,3.77,3.91,3.52,1.72,1.41,4.35,1.36,0.36
20250723B08,合計（確報値）,平均約定価格（電源属地別）[円/kW・30分],3.19,2.26,3.77,6.08,3.52,4.15,3.76,5.98,6.07,4.23
20250723B08,合計（確報値）,最高約定価格（TSO別）[円/kW・30分],4.02,0,3.77,0,3.52,19.51,4.27,8.41,19.51,19.51
20250723B08,合計（確報値）,最低約定価格（TSO別）[円/kW・30分],0.36,0,2.26,0,1.83,1.72,1.41,4.35,1.36,0.36
20250723B08,合計（確報値）,平均約定価格（TSO別）[円/kW・30分],3.19,0,2.97,0,3,4.53,3.45,6.22,5.16,4.23
20250723B08,合計（確報値）,約定量合計（TSO別）[MW],44,0,37.65,0,36,209.248,194,56,121.099,697.997
20250723B08,合計（確報値）,（内訳）自エリアからの約定量[MW],44,0,17.65,0,25,151.141,194,56,52.208,539.999
20250724B01,システム約定結果,募集量（TSO別）[MW],6,63,523,0,54,211,221,46,180,1304
20250724B01,システム約定結果,応札量合計（電源属地別）[MW],59.8,41.069,16.016,26.017,35,146.136,141.03,68,84.319,617.387
20250724B01,システム約定結果,落札量合計（電源属地別）[MW],10,41.069,16.016,26.017,35,146.136,141.03,68,84.319,567.587
20250724B01,システム約定結果,応札件数（電源属地別）[件],3,3,4,3,1,4,4,3,8,33
20250724B01,システム約定結果,落札件数（電源属地別）[件],1,3,4,3,1,4,4,3,8,31
20250724B01,システム約定結果,最高落札価格（電源属地別）[円/kW・30分],1.99,16.47,19.51,19.51,2.14,2.27,2.34,5.87,19.51,19.51
20250724B01,システム約定結果,最低落札価格（電源属地別）[円/kW・30分],1.99,2.39,1.63,3.59,2.14,0.36,0.36,1.8,0.36,0.36
20250724B01,システム約定結果,平均落札価格（電源属地別）[円/kW・30分],1.99,6.31,5.7,4.8,2.14,1.39,1.92,4.91,3.33,2.92
20250724B01,システム約定結果,最高落札価格（TSO別）[円/kW・30分],1.99,16.47,19.51,0,2.14,19.51,2.34,5.87,19.51,19.51
20250724B01,システム約定結果,最低落札価格（TSO別）[円/kW・30分],1.99,2.39,1.63,0,2.14,0.36,0.36,1.8,0.36,0.36
20250724B01,システム約定結果,平均落札価格（TSO別）[円/kW・30分],1.99,6.31,5.7,0,2.14,2.24,1.92,4.97,3.33,2.92
20250724B01,システム約定結果,落札量合計（TSO別）[MW],10,41.069,16.016,0,35,191.153,144.03,46,84.319,567.587
20250724B01,システム約定結果,（内訳）自エリアからの落札量[MW],10,41.069,16.016,0,35,146.136,141.03,46,84.319,519.57
20250724B01,追加調達結果,募集量（TSO別）[MW],-,-,-,-,-,-,-,-,-,-
20250724B01,追加調達結果,応札量合計（電源属地別）[MW],0,0,0,0,0,0,0,0,0,0
20250724B01,追加調達結果,約定量合計（電源属地別）[MW],0,0,0,0,0,0,0,0,0,0
20250724B01,追加調達結果,応札件数（電源属地別）[件],0,0,0,0,0,0,0,0,0,0
20250724B01,追加調達結果,約定件数（電源属地別）[件],0,0,0,0,0,0,0,0,0,0
20250724B01,追加調達結果,最高約定価格（電源属地別）[円/kW・30分],0,0,0,0,0,0,0,0,0,0
20250724B01,追加調達結果,最低約定価格（電源属地別）[円/kW・30分],0,0,0,0,0,0,0,0,0,0
20250724B01,追加調達結果,平均約定価格（電源属地別）[円/kW・30分],0,0,0,0,0,0,0,0,0,0
20250724B01,追加調達結果,最高約定価格（TSO別）[円/kW・30分],0,0,0,0,0,0,0,0,0,0
20250724B01,追加調達結果,最低約定価格（TSO別）[円/kW・30分],0,0,0,0,0,0,0,0,0,0
20250724B01,追加調達結果,平均約定価格（TSO別）[円/kW・30分],0,0,0,0,0,0,0,0,0,0
20250724B01,追加調達結果,約定量合計（TSO別）[MW],0,0,0,0,0,0,0,0,0,0
20250724B01,追加調達結果,（内訳）自エリアからの約定量[MW],0,0,0,0,0,0,0,0,0,0
20250724B01,合計（確報値）,募集量（TSO別）[MW],6,63,523,0,54,211,221,46,180,1304
20250724B01,合計（確報値）,応札量合計（電源属地別）[MW],59.8,41.069,16.016,50.114,70,146.136,141.03,68,84.319,676.484
20250724B01,合計（確報値）,約定量合計（電源属地別）[MW],10,41.069,16.016,26.017,35,146.136,141.03,68,84.319,567.587
20250724B01,合計（確報値）,応札件数（電源属地別）[件],3,3,4,5,2,4,4,3,8,36
20250724B01,合計（確報値）,約定件数（電源属地別）[件],1,3,4,3,1,4,4,3,8,31
20250724B01,合計（確報値）,最高約定価格（電源属地別）[円/kW・30分],1.99,16.47,19.51,19.51,1.69,2.27,2.34,5.87,19.51,19.51
20250724B01,合計（確報値）,最低約定価格（電源属地別）[円/kW・30分],1.99,2.39,1.63,0.36,1.69,0.36,0.36,1.8,0.36,0.36
20250724B01,合計（確報値）,平均約定価格（電源属地別）[円/kW・30分],1.99,6.31,5.7,1.77,1.69,1.39,1.92,4.91,3.33,2.75
20250724B01,合計（確報値）,最高約定価格（TSO別）[円/kW・30分],1.99,16.47,19.51,0,1.69,19.51,2.34,5.87,19.51,19.51
20250724B01,合計（確報値）,最低約定価格（TSO別）[円/kW・30分],1.99,2.39,1.63,0,1.69,0.36,0.36,1.8,0.36,0.36
20250724B01,合計（確報値）,平均約定価格（TSO別）[円/kW・30分],1.99,6.31,5.7,0,1.69,1.83,1.92,4.97,3.33,2.75
20250724B01,合計（確報値）,約定量合計（TSO別）[MW],10,41.069,16.016,0,35,191.153,144.03,46,84.319,567.587
20250724B01,合計（確報値）,（内訳）自エリアからの約定量[MW],10,41.069,16.016,0,35,146.136,141.03,46,84.319,519.57
20250724B02,システム約定結果,募集量（TSO別）[MW],0,83,471,0,68,210,219,47,206,1304
20250724B02,システム約定結果,応札量合計（電源属地別）[MW],60.99,41.069,105.219,38.065,35,192.893,240.569,68,86.208,868.013
20250724B02,システム約定結果,落札量合計（電源属地別）[MW],44,41.069,105.219,38.065,35,192.893,240.569,68,86.208,851.023
20250724B02,システム約定結果,応札件数（電源属地別）[件],5,3,8,4,1,5,6,3,9,44
20250724B02,システム約定結果,落札件数（電源属地別）[件],2,3,8,4,1,5,6,3,9,41
20250724B02,システム約定結果,最高落札価格（電源属地別）[円/kW・30分],2.21,16.47,19.51,19.51,2.01,9.53,19.51,5.56,19.51,19.51
20250724B02,システム約定結果,最低落札価格（電源属地別）[円/kW・30分],1.77,2.67,1.33,1.63,2.01,0.36,0.36,1.5,0.36,0.36
20250724B02,システム約定結果,平均落札価格（電源属地別）[円/kW・30分],2.11,6.54,2.4,3.81,2.01,3.27,2.06,4.79,3.57,3.04
20250724B02,システム約定結果,最高落札価格（TSO別）[円/kW・30分],2.21,16.47,19.51,0,19.51,9.53,2.2,5.56,19.51,19.51
20250724B02,システム約定結果,最低落札価格（TSO別）[円/kW・30分],1.77,2.67,1.33,0,1.63,0.36,0.36,1.5,0.36,0.36
20250724B02,システム約定結果,平均落札価格（TSO別）[円/kW・30分],2.11,6.54,2.4,0,3.34,3.26,1.91,4.71,3.66,3.04
20250724B02,システム約定結果,落札量合計（TSO別）[MW],44,41.069,105.219,0,68,210,219,47,116.735,851.023
20250724B02,システム約定結果,（内訳）自エリアからの落札量[MW],44,41.069,105.219,0,35,192.893,219,47,86.208,770.389
20250724B02,追加調達結果,募集量（TSO別）[MW],-,-,-,-,-,-,-,-,-,-
20250724B02,追加調達結果,応札量合計（電源属地別）[MW],0,0,0,0,0,0,0,0,0,0
20250724B02,追加調達結果,約定量合計（電源属地別）[MW],0,0,0,0,0,0,0,0,0,0
20250724B02,追加調達結果,応札件数（電源属地別）[件],0,0,0,0,0,0,0,0,0,0
20250724B02,追加調達結果,約定件数（電源属地別）[件],0,0,0,0,0,0,0,0,0,0
20250724B02,追加調達結果,最高約定価格（電源属地別）[円/kW・30分],0,0,0,0,0,0,0,0,0,0
20250724B02,追加調達結果,最低約定価格（電源属地別）[円/kW・30分],0,0,0,0,0,0,0,0,0,0
20250724B02,追加調達結果,平均約定価格（電源属地別）[円/kW・30分],0,0,0,0,0,0,0,0,0,0
20250724B02,追加調達結果,最高約定価格（TSO別）[円/kW・30分],0,0,0,0,0,0,0,0,0,0
20250724B02,追加調達結果,最低約定価格（TSO別）[円/kW・30分],0,0,0,0,0,0,0,0,0,0
20250724B02,追加調達結果,平均約定価格（TSO別）[円/kW・30分],0,0,0,0,0,0,0,0,0,0
20250724B02,追加調達結果,約定量合計（TSO別）[MW],0,0,0,0,0,0,0,0,0,0
20250724B02,追加調達結果,（内訳）自エリアからの約定量[MW],0,0,0,0,0,0,0,0,0,0
20250724B02,合計（確報値）,募集量（TSO別）[MW],0,83,471,0,68,210,219,47,206,1304
20250724B02,合計（確報値）,応札量合計（電源属地別）[MW],60.99,41.069,105.219,62.162,70,192.893,240.569,68,86.208,927.11
20250724B02,合計（確報値）,約定量合計（電源属地別）[MW],44,41.069,105.219,38.065,35,192.893,240.569,68,86.208,851.023
20250724B02,合計（確報値）,応札件数（電源属地別）[件],5,3,8,6,2,5,6,3,9,47
20250724B02,合計（確報値）,約定件数（電源属地別）[件],2,3,8,4,1,5,6,3,9,41
20250724B02,合計（確報値）,最高約定価格（電源属地別）[円/kW・30分],2.21,16.47,19.51,19.51,1.15,9.53,19.51,5.56,19.51,19.51
20250724B02,合計（確報値）,最低約定価格（電源属地別）[円/kW・30分],1.77,2.67,1.33,0.36,1.15,0.36,0.36,1.5,0.36,0.36
20250724B02,合計（確報値）,平均約定価格（電源属地別）[円/kW・30分],2.11,6.54,2.4,1.73,1.15,3.27,2.06,4.79,3.57,2.91
20250724B02,合計（確報値）,最高約定価格（TSO別）[円/kW・30分],2.21,16.47,19.51,0,19.51,9.53,2.2,5.56,19.51,19.51
20250724B02,合計（確報値）,最低約定価格（TSO別）[円/kW・30分],1.77,2.67,1.33,0,0.36,0.36,0.36,1.5,0.36,0.36
20250724B02,合計（確報値）,平均約定価格（TSO別）[円/kW・30分],2.11,6.54,2.4,0,2.32,3.07,1.91,4.71,3.66,2.91
20250724B02,合計（確報値）,約定量合計（TSO別）[MW],44,41.069,105.219,0,68,210,219,47,116.735,851.023
20250724B02,合計（確報値）,（内訳）自エリアからの約定量[MW],44,41.069,105.219,0,35,192.893,219,47,86.208,770.389
20250724B03,システム約定結果,募集量（TSO別）[MW],0,151,571,0,70,259,197,44,240,1532
20250724B03,システム約定結果,応札量合計（電源属地別）[MW],1.5,29.069,8.48,13.968,35,192.893,240.569,102,19.208,642.687
20250724B03,システム約定結果,落札量合計（電源属地別）[MW],0,29.069,8.48,13.968,35,192.893,240.569,102,19.208,641.187
20250724B03,システム約定結果,応札件数（電源属地別）[件],1,2,6,2,1,5,6,4,7,34
20250724B03,システム約定結果,落札件数（電源属地別）[件],0,2,6,2,1,5,6,4,7,33
20250724B03,システム約定結果,最高落札価格（電源属地別）[円/kW・30分],0,16.47,19.51,19.51,1.76,9.53,19.51,7.24,19.51,19.51
20250724B03,システム約定結果,最低落札価格（電源属地別）[円/kW・30分],0,5.35,9.26,1.93,1.76,0.36,0.36,3.25,0.36,0.36
20250724B03,システム約定結果,平均落札価格（電源属地別）[円/kW・30分],0,8.82,15.64,4.35,1.76,3.28,2.37,5.26,9.51,3.79
20250724B03,システム約定結果,最高落札価格（TSO別）[円/kW・30分],0,16.47,19.51,0,2.06,19.51,2.57,7.24,19.51,19.51
20250724B03,システム約定結果,最低落札価格（TSO別）[円/kW・30分],0,5.35,5.35,0,1.76,0.36,0.36,3.25,0.36,0.36
20250724B03,システム約定結果,平均落札価格（TSO別）[円/kW・30分],0,11.63,9.41,0,1.87,3.8,2.19,5.82,5.11,3.79
20250724B03,システム約定結果,落札量合計（TSO別）[MW],0,16.069,21.48,0,55,244.861,197,44,62.777,641.187
20250724B03,システム約定結果,（内訳）自エリアからの落札量[MW],0,16.069,8.48,0,35,172.893,197,44,19.208,492.65
20250724B03,追加調達結果,募集量（TSO別）[MW],-,-,-,-,-,-,-,-,-,-
20250724B03,追加調達結果,応札量合計（電源属地別）[MW],0,0,0,0,0,0,0,0,0,0
20250724B03,追加調達結果,約定量合計（電源属地別）[MW],0,0,0,0,0,0,0,0,0,0
20250724B03,追加調達結果,応札件数（電源属地別）[件],0,0,0,0,0,0,0,0,0,0
20250724B03,追加調達結果,約定件数（電源属地別）[件],0,0,0,0,0,0,0,0,0,0
20250724B03,追加調達結果,最高約定価格（電源属地別）[円/kW・30分],0,0,0,0,0,0,0,0,0,0
20250724B03,追加調達結果,最低約定価格（電源属地別）[円/kW・30分],0,0,0,0,0,0,0,0,0,0
20250724B03,追加調達結果,平均約定価格（電源属地別）[円/kW・30分],0,0,0,0,0,0,0,0,0,0
20250724B03,追加調達結果,最高約定価格（TSO別）[円/kW・30分],0,0,0,0,0,0,0,0,0,0
20250724B03,追加調達結果,最低約定価格（TSO別）[円/kW・30分],0,0,0,0,0,0,0,0,0,0
20250724B03,追加調達結果,平均約定価格（TSO別）[円/kW・30分],0,0,0,0,0,0,0,0,0,0
20250724B03,追加調達結果,約定量合計（TSO別）[MW],0,0,0,0,0,0,0,0,0,0
20250724B03,追加調達結果,（内訳）自エリアからの約定量[MW],0,0,0,0,0,0,0,0,0,0
20250724B03,合計（確報値）,募集量（TSO別）[MW],0,151,571,0,70,259,197,44,240,1532
20250724B03,合計（確報値）,応札量合計（電源属地別）[MW],1.5,29.069,8.48,13.968,70,192.893,240.569,136,19.208,711.687
20250724B03,合計（確報値）,約定量合計（電源属地別）[MW],0,29.069,8.48,13.968,35,192.893,240.569,102,19.208,641.187
20250724B03,合計（確報値）,応札件数（電源属地別）[件],1,2,6,2,3,5,6,7,7,39
20250724B03,合計（確報値）,約定件数（電源属地別）[件],0,2,6,2,2,5,6,6,7,36
20250724B03,合計（確報値）,最高約定価格（電源属地別）[円/kW・30分],0,16.47,19.51,19.51,1.2,9.53,19.51,7.24,19.51,19.51
20250724B03,合計（確報値）,最低約定価格（電源属地別）[円/kW・30分],0,5.35,9.26,1.93,1.2,0.36,0.36,1.94,0.36,0.36
20250724B03,合計（確報値）,平均約定価格（電源属地別）[円/kW・30分],0,8.82,15.64,4.35,1.2,3.28,2.37,4.86,9.51,3.7
20250724B03,合計（確報値）,最高約定価格（TSO別）[円/kW・30分],0,16.47,19.51,0,2.06,19.51,2.57,7.24,19.51,19.51
20250724B03,合計（確報値）,最低約定価格（TSO別）[円/kW・30分],0,5.35,5.35,0,1.2,0.36,0.36,1.94,0.36,0.36
20250724B03,合計（確報値）,平均約定価格（TSO別）[円/kW・30分],0,11.63,9.41,0,1.51,3.69,2.19,5.52,5.11,3.7
20250724B03,合計（確報値）,約定量合計（TSO別）[MW],0,16.069,21.48,0,55,244.861,197,44,62.777,641.187
20250724B03,合計（確報値）,（内訳）自エリアからの約定量[MW],0,16.069,8.48,0,35,172.893,197,44,19.208,492.65
20250724B04,システム約定結果,募集量（TSO別）[MW],24,197,628,25,97,292,209,66,259,1797
20250724B04,システム約定結果,応札量合計（電源属地別）[MW],83.8,29.069,6,11.92,60,194.743,240.569,128,34.445,788.546
20250724B04,システム約定結果,落札量合計（電源属地別）[MW],34,29.069,6,11.92,60,194.743,240.569,128,34.445,738.746
20250724B04,システム約定結果,応札件数（電源属地別）[件],3,2,6,2,2,6,6,5,12,44
20250724B04,システム約定結果,落札件数（電源属地別）[件],1,2,6,2,2,6,6,5,12,42
20250724B04,システム約定結果,最高落札価格（電源属地別）[円/kW・30分],1.27,16.47,19.5,19.51,4.09,18.56,19.51,6.22,19.51,19.51
20250724B04,システム約定結果,最低落札価格（電源属地別）[円/kW・30分],1.27,5.32,19.5,2.12,3.9,1.44,1.03,3.15,0.44,0.44
20250724B04,システム約定結果,平均落札価格（電源属地別）[円/kW・30分],1.27,8.8,19.5,4.92,4.01,4.5,3.59,4.62,10.29,4.6
20250724B04,システム約定結果,最高落札価格（TSO別）[円/kW・30分],1.27,16.47,19.5,19.51,4.09,18.56,3.9,6.22,19.51,19.51
20250724B04,システム約定結果,最低落札価格（TSO別）[円/kW・30分],1.27,5.32,19.5,2.12,3.63,1.44,1.03,3.15,0.44,0.44
20250724B04,システム約定結果,平均落札価格（TSO別）[円/kW・30分],1.27,8.8,19.5,4.92,3.93,4.59,3.45,4.45,10.15,4.6
20250724B04,システム約定結果,落札量合計（TSO別）[MW],34,29.069,6,11.92,82,224.843,209,103.258,38.656,738.746
20250724B04,システム約定結果,（内訳）自エリアからの落札量[MW],34,29.069,6,11.92,60,175.743,209,103.258,34.445,663.435
20250724B04,追加調達結果,募集量（TSO別）[MW],-,-,-,-,-,-,-,-,-,-
20250724B04,追加調達結果,応札量合計（電源属地別）[MW],0,0,0,0,0,0,0,0,0,0
20250724B04,追加調達結果,約定量合計（電源属地別）[MW],0,0,0,0,0,0,0,0,0,0
20250724B04,追加調達結果,応札件数（電源属地別）[件],0,0,0,0,0,0,0,0,0,0
20250724B04,追加調達結果,約定件数（電源属地別）[件],0,0,0,0,0,0,0,0,0,0
20250724B04,追加調達結果,最高約定価格（電源属地別）[円/kW・30分],0,0,0,0,0,0,0,0,0,0
20250724B04,追加調達結果,最低約定価格（電源属地別）[円/kW・30分],0,0,0,0,0,0,0,0,0,0
20250724B04,追加調達結果,平均約定価格（電源属地別）[円/kW・30分],0,0,0,0,0,0,0,0,0,0
20250724B04,追加調達結果,最高約定価格（TSO別）[円/kW・30分],0,0,0,0,0,0,0,0,0,0
20250724B04,追加調達結果,最低約定価格（TSO別）[円/kW・30分],0,0,0,0,0,0,0,0,0,0
20250724B04,追加調達結果,平均約定価格（TSO別）[円/kW・30分],0,0,0,0,0,0,0,0,0,0
20250724B04,追加調達結果,約定量合計（TSO別）[MW],0,0,0,0,0,0,0,0,0,0
20250724B04,追加調達結果,（内訳）自エリアからの約定量[MW],0,0,0,0,0,0,0,0,0,0
20250724B04,合計（確報値）,募集量（TSO別）[MW],24,197,628,25,97,292,209,66,259,1797
20250724B04,合計（確報値）,応札量合計（電源属地別）[MW],83.8,29.069,6,11.92,95,194.743,240.569,159,49.445,869.546
20250724B04,合計（確報値）,約定量合計（電源属地別）[MW],34,29.069,6,11.92,60,194.743,240.569,125,34.445,735.746
20250724B04,合計（確報値）,応札件数（電源属地別）[件],3,2,6,2,3,6,6,7,14,49
20250724B04,合計（確報値）,約定件数（電源属地別）[件],1,2,6,2,2,6,6,6,12,43
20250724B04,合計（確報値）,最高約定価格（電源属地別）[円/kW・30分],1.27,16.47,19.5,19.51,3.9,18.56,19.51,6.22,19.51,19.51
20250724B04,合計（確報値）,最低約定価格（電源属地別）[円/kW・30分],1.27,5.32,19.5,2.12,1.77,1.44,1.03,1.89,0.44,0.44
20250724B04,合計（確報値）,平均約定価格（電源属地別）[円/kW・30分],1.27,8.8,19.5,4.92,2.66,4.5,3.59,4.35,10.14,4.44
20250724B04,合計（確報値）,最高約定価格（TSO別）[円/kW・30分],1.27,16.47,19.5,19.51,3.9,18.56,3.9,6.22,19.51,19.51
20250724B04,合計（確報値）,最低約定価格（TSO別）[円/kW・30分],1.27,5.32,19.5,2.12,1.77,1.44,1.03,1.89,0.44,0.44
20250724B04,合計（確報値）,平均約定価格（TSO別）[円/kW・30分],1.27,8.8,19.5,4.92,2.94,4.59,3.45,4.1,10.01,4.44
20250724B04,合計（確報値）,約定量合計（TSO別）[MW],34,29.069,6,11.92,82,224.843,209,100.258,38.656,735.746
20250724B04,合計（確報値）,（内訳）自エリアからの約定量[MW],34,29.069,6,11.92,60,175.743,209,100.258,34.445,660.435
20250724B05,システム約定結果,募集量（TSO別）[MW],18,191,628,17,96,252,185,77,262,1726
20250724B05,システム約定結果,応札量合計（電源属地別）[MW],83.8,29.069,3,1.92,60,194.743,240.569,133,21.913,768.014
20250724B05,システム約定結果,落札量合計（電源属地別）[MW],34,29.069,3,1.92,60,194.743,240.569,133,21.913,718.214
20250724B05,システム約定結果,応札件数（電源属地別）[件],3,2,3,1,2,6,6,5,5,33
20250724B05,システム約定結果,落札件数（電源属地別）[件],1,2,3,1,2,6,6,5,5,31
20250724B05,システム約定結果,最高落札価格（電源属地別）[円/kW・30分],2.13,16.47,19.5,19.51,6.23,18.56,19.51,11.59,19.5,19.51
20250724B05,システム約定結果,最低落札価格（電源属地別）[円/kW・30分],2.13,4.31,19.5,19.51,6.04,3.59,1.82,2.13,0.36,0.36
20250724B05,システム約定結果,平均落札価格（電源属地別）[円/kW・30分],2.13,8.1,19.5,19.51,6.15,6.12,4.36,5.9,5.22,5.45
20250724B05,システム約定結果,最高落札価格（TSO別）[円/kW・30分],2.13,16.47,19.5,19.51,11.22,18.56,4.68,11.59,19.51,19.51
20250724B05,システム約定結果,最低落札価格（TSO別）[円/kW・30分],2.13,4.31,19.5,19.51,5.87,3.59,1.82,2.13,0.36,0.36
20250724B05,システム約定結果,平均落札価格（TSO別）[円/kW・30分],2.13,8.1,19.5,19.51,6.45,5.82,4.22,5.54,5.65,5.45
20250724B05,システム約定結果,落札量合計（TSO別）[MW],34,29.069,3,1.92,85,248.332,185,103.968,27.925,718.214
20250724B05,システム約定結果,（内訳）自エリアからの落札量[MW],34,29.069,3,1.92,60,193.743,185,103.968,21.913,632.613
20250724B05,追加調達結果,募集量（TSO別）[MW],-,-,-,-,-,-,-,-,-,-
20250724B05,追加調達結果,応札量合計（電源属地別）[MW],0,0,0,0,0,0,0,0,0,0
20250724B05,追加調達結果,約定量合計（電源属地別）[MW],0,0,0,0,0,0,0,0,0,0
20250724B05,追加調達結果,応札件数（電源属地別）[件],0,0,0,0,0,0,0,0,0,0
20250724B05,追加調達結果,約定件数（電源属地別）[件],0,0,0,0,0,0,0,0,0,0
20250724B05,追加調達結果,最高約定価格（電源属地別）[円/kW・30分],0,0,0,0,0,0,0,0,0,0
20250724B05,追加調達結果,最低約定価格（電源属地別）[円/kW・30分],0,0,0,0,0,0,0,0,0,0
20250724B05,追加調達結果,平均約定価格（電源属地別）[円/kW・30分],0,0,0,0,0,0,0,0,0,0
20250724B05,追加調達結果,最高約定価格（TSO別）[円/kW・30分],0,0,0,0,0,0,0,0,0,0
20250724B05,追加調達結果,最低約定価格（TSO別）[円/kW・30分],0,0,0,0,0,0,0,0,0,0
20250724B05,追加調達結果,平均約定価格（TSO別）[円/kW・30分],0,0,0,0,0,0,0,0,0,0
20250724B05,追加調達結果,約定量合計（TSO別）[MW],0,0,0,0,0,0,0,0,0,0
20250724B05,追加調達結果,（内訳）自エリアからの約定量[MW],0,0,0,0,0,0,0,0,0,0
20250724B05,合計（確報値）,募集量（TSO別）[MW],18,191,628,17,96,252,185,77,262,1726
20250724B05,合計（確報値）,応札量合計（電源属地別）[MW],83.8,29.069,3,1.92,95,194.743,240.569,159,36.913,844.014
20250724B05,合計（確報値）,約定量合計（電源属地別）[MW],34,29.069,3,1.92,60,194.743,240.569,125,21.913,710.214
20250724B05,合計（確報値）,応札件数（電源属地別）[件],3,2,3,1,4,6,6,7,7,39
20250724B05,合計（確報値）,約定件数（電源属地別）[件],1,2,3,1,3,6,6,6,5,33
20250724B05,合計（確報値）,最高約定価格（電源属地別）[円/kW・30分],2.13,16.47,19.5,19.51,6.04,18.56,19.51,11.59,19.5,19.51
20250724B05,合計（確報値）,最低約定価格（電源属地別）[円/kW・30分],2.13,4.31,19.5,19.51,4.32,3.59,1.82,2.13,0.36,0.36
20250724B05,合計（確報値）,平均約定価格（電源属地別）[円/kW・30分],2.13,8.1,19.5,19.51,5.04,6.12,4.36,6.05,5.15,5.37
20250724B05,合計（確報値）,最高約定価格（TSO別）[円/kW・30分],2.13,16.47,19.5,19.51,11.22,18.56,4.68,11.59,19.51,19.51
20250724B05,合計（確報値）,最低約定価格（TSO別）[円/kW・30分],2.13,4.31,19.5,19.51,4.32,3.59,1.82,2.13,0.36,0.36
20250724B05,合計（確報値）,平均約定価格（TSO別）[円/kW・30分],2.13,8.1,19.5,19.51,5.67,5.85,4.22,5.64,5.59,5.37
20250724B05,合計（確報値）,約定量合計（TSO別）[MW],34,29.069,3,1.92,85,245.332,185,98.968,27.925,710.214
20250724B05,合計（確報値）,（内訳）自エリアからの約定量[MW],34,29.069,3,1.92,60,193.743,185,98.968,21.913,627.613
20250724B06,システム約定結果,募集量（TSO別）[MW],13,191,632,82,103,252,248,64,259,1844
20250724B06,システム約定結果,応札量合計（電源属地別）[MW],93.8,41.069,17.114,1.92,35,116.101,297.757,102,26.445,731.206
20250724B06,システム約定結果,落札量合計（電源属地別）[MW],44,41.069,17.114,1.92,35,116.101,297.757,102,26.445,681.406
20250724B06,システム約定結果,応札件数（電源属地別）[件],4,3,7,1,1,5,10,4,11,46
20250724B06,システム約定結果,落札件数（電源属地別）[件],2,3,7,1,1,5,10,4,11,44
20250724B06,システム約定結果,最高落札価格（電源属地別）[円/kW・30分],7.65,16.47,19.5,19.51,8.97,18.56,19.51,13.27,19.51,19.51
20250724B06,システム約定結果,最低落札価格（電源属地別）[円/kW・30分],0.36,1.96,5.08,19.51,8.97,6.79,5.24,5.88,2.43,0.36
20250724B06,システム約定結果,平均落札価格（電源属地別）[円/kW・30分],5.99,5.29,10.14,19.51,8.97,8.14,7.47,9.22,13.12,8.02
20250724B06,システム約定結果,最高落札価格（TSO別）[円/kW・30分],7.65,16.47,19.5,19.51,13.27,18.56,8.11,13.27,19.51,19.51
20250724B06,システム約定結果,最低落札価格（TSO別）[円/kW・30分],0.36,1.96,5.08,19.51,8.97,5.88,5.24,9.2,2.43,0.36
20250724B06,システム約定結果,平均落札価格（TSO別）[円/kW・30分],5.99,5.29,10.14,19.51,9.08,7.74,7.28,10.89,13.52,8.02
20250724B06,システム約定結果,落札量合計（TSO別）[MW],44,41.069,17.114,1.92,35.957,200.101,248,65,28.245,681.406
20250724B06,システム約定結果,（内訳）自エリアからの落札量[MW],44,41.069,17.114,1.92,35,116.101,248,65,26.445,594.649
20250724B06,追加調達結果,募集量（TSO別）[MW],-,-,-,-,-,-,-,-,-,-
20250724B06,追加調達結果,応札量合計（電源属地別）[MW],0,0,0,0,0,0,0,0,0,0
20250724B06,追加調達結果,約定量合計（電源属地別）[MW],0,0,0,0,0,0,0,0,0,0
20250724B06,追加調達結果,応札件数（電源属地別）[件],0,0,0,0,0,0,0,0,0,0
20250724B06,追加調達結果,約定件数（電源属地別）[件],0,0,0,0,0,0,0,0,0,0
20250724B06,追加調達結果,最高約定価格（電源属地別）[円/kW・30分],0,0,0,0,0,0,0,0,0,0
20250724B06,追加調達結果,最低約定価格（電源属地別）[円/kW・30分],0,0,0,0,0,0,0,0,0,0
20250724B06,追加調達結果,平均約定価格（電源属地別）[円/kW・30分],0,0,0,0,0,0,0,0,0,0
20250724B06,追加調達結果,最高約定価格（TSO別）[円/kW・30分],0,0,0,0,0,0,0,0,0,0
20250724B06,追加調達結果,最低約定価格（TSO別）[円/kW・30分],0,0,0,0,0,0,0,0,0,0
20250724B06,追加調達結果,平均約定価格（TSO別）[円/kW・30分],0,0,0,0,0,0,0,0,0,0
20250724B06,追加調達結果,約定量合計（TSO別）[MW],0,0,0,0,0,0,0,0,0,0
20250724B06,追加調達結果,（内訳）自エリアからの約定量[MW],0,0,0,0,0,0,0,0,0,0
20250724B06,合計（確報値）,募集量（TSO別）[MW],13,191,632,82,103,252,248,64,259,1844
20250724B06,合計（確報値）,応札量合計（電源属地別）[MW],93.8,41.069,17.114,1.92,70,116.101,297.757,136,29.445,803.206
20250724B06,合計（確報値）,約定量合計（電源属地別）[MW],44,41.069,17.114,1.92,35,116.101,297.757,102,26.445,681.406
20250724B06,合計（確報値）,応札件数（電源属地別）[件],4,3,7,1,2,5,10,9,12,53
20250724B06,合計（確報値）,約定件数（電源属地別）[件],2,3,7,1,1,5,10,8,11,48
20250724B06,合計（確報値）,最高約定価格（電源属地別）[円/kW・30分],7.65,16.47,19.5,19.51,6.44,18.56,19.51,13.27,19.51,19.51
20250724B06,合計（確報値）,最低約定価格（電源属地別）[円/kW・30分],0.36,1.96,5.08,19.51,6.44,6.79,5.24,5.88,2.43,0.36
20250724B06,合計（確報値）,平均約定価格（電源属地別）[円/kW・30分],5.99,5.29,10.14,19.51,6.44,8.14,7.47,9.18,13.12,7.88
20250724B06,合計（確報値）,最高約定価格（TSO別）[円/kW・30分],7.65,16.47,19.5,19.51,13.27,18.56,8.11,13.27,19.51,19.51
20250724B06,合計（確報値）,最低約定価格（TSO別）[円/kW・30分],0.36,1.96,5.08,19.51,6.44,5.88,5.24,9.2,2.43,0.36
20250724B06,合計（確報値）,平均約定価格（TSO別）[円/kW・30分],5.99,5.29,10.14,19.51,6.62,7.74,7.28,10.82,13.52,7.88
20250724B06,合計（確報値）,約定量合計（TSO別）[MW],44,41.069,17.114,1.92,35.957,200.101,248,65,28.245,681.406
20250724B06,合計（確報値）,（内訳）自エリアからの約定量[MW],44,41.069,17.114,1.92,35,116.101,248,65,26.445,594.649
20250724B07,システム約定結果,募集量（TSO別）[MW],12,161,629,50,102,242,244,52,242,1734
20250724B07,システム約定結果,応札量合計（電源属地別）[MW],95.79,41.069,0,13.968,35,194.743,323.211,68,113.139,884.92
20250724B07,システム約定結果,落札量合計（電源属地別）[MW],45.5,41.069,0,13.968,35,194.743,323.211,68,113.139,834.63
20250724B07,システム約定結果,応札件数（電源属地別）[件],5,3,0,2,1,6,12,3,10,42
20250724B07,システム約定結果,落札件数（電源属地別）[件],3,3,0,2,1,6,12,3,10,40
20250724B07,システム約定結果,最高落札価格（電源属地別）[円/kW・30分],7.57,16.47,0,19.51,6.33,18.56,19.51,13.53,19.51,19.51
20250724B07,システム約定結果,最低落札価格（電源属地別）[円/kW・30分],4,1.9,0,10,6.33,5.68,5.03,4.78,3.45,1.9
20250724B07,システム約定結果,平均落札価格（電源属地別）[円/kW・30分],7.35,5.3,0,11.31,6.33,7.68,7.09,8.5,5.79,7.13
20250724B07,システム約定結果,最高落札価格（TSO別）[円/kW・30分],7.57,16.47,0,19.51,7.95,18.56,7.9,13.53,19.51,19.51
20250724B07,システム約定結果,最低落札価格（TSO別）[円/kW・30分],4,1.9,0,10,4.78,5.68,5.03,4.78,3.45,1.9
20250724B07,システム約定結果,平均落札価格（TSO別）[円/kW・30分],7.35,5.3,0,11.31,6.73,7.69,6.75,9.64,6.1,7.13
20250724B07,システム約定結果,落札量合計（TSO別）[MW],45.5,41.069,0,13.968,89,228.344,244,52,120.749,834.63
20250724B07,システム約定結果,（内訳）自エリアからの落札量[MW],45.5,41.069,0,13.968,35,184.743,244,52,113.139,729.419
20250724B07,追加調達結果,募集量（TSO別）[MW],-,-,-,-,-,-,-,-,-,-
20250724B07,追加調達結果,応札量合計（電源属地別）[MW],0,0,0,0,0,0,0,0,0,0
20250724B07,追加調達結果,約定量合計（電源属地別）[MW],0,0,0,0,0,0,0,0,0,0
20250724B07,追加調達結果,応札件数（電源属地別）[件],0,0,0,0,0,0,0,0,0,0
20250724B07,追加調達結果,約定件数（電源属地別）[件],0,0,0,0,0,0,0,0,0,0
20250724B07,追加調達結果,最高約定価格（電源属地別）[円/kW・30分],0,0,0,0,0,0,0,0,0,0
20250724B07,追加調達結果,最低約定価格（電源属地別）[円/kW・30分],0,0,0,0,0,0,0,0,0,0
20250724B07,追加調達結果,平均約定価格（電源属地別）[円/kW・30分],0,0,0,0,0,0,0,0,0,0
20250724B07,追加調達結果,最高約定価格（TSO別）[円/kW・30分],0,0,0,0,0,0,0,0,0,0
20250724B07,追加調達結果,最低約定価格（TSO別）[円/kW・30分],0,0,0,0,0,0,0,0,0,0
20250724B07,追加調達結果,平均約定価格（TSO別）[円/kW・30分],0,0,0,0,0,0,0,0,0,0
20250724B07,追加調達結果,約定量合計（TSO別）[MW],0,0,0,0,0,0,0,0,0,0
20250724B07,追加調達結果,（内訳）自エリアからの約定量[MW],0,0,0,0,0,0,0,0,0,0
20250724B07,合計（確報値）,募集量（TSO別）[MW],12,161,629,50,102,242,244,52,242,1734
20250724B07,合計（確報値）,応札量合計（電源属地別）[MW],95.79,41.069,0,13.968,70,194.743,323.211,68,113.139,919.92
20250724B07,合計（確報値）,約定量合計（電源属地別）[MW],45.5,41.069,0,13.968,35,194.743,323.211,68,113.139,834.63
20250724B07,合計（確報値）,応札件数（電源属地別）[件],5,3,0,2,2,6,12,3,10,43
20250724B07,合計（確報値）,約定件数（電源属地別）[件],3,3,0,2,1,6,12,3,10,40
20250724B07,合計（確報値）,最高約定価格（電源属地別）[円/kW・30分],7.57,16.47,0,19.51,6.14,18.56,19.51,13.53,19.51,19.51
20250724B07,合計（確報値）,最低約定価格（電源属地別）[円/kW・30分],4,1.9,0,10,6.14,5.68,5.03,4.78,3.45,1.9
20250724B07,合計（確報値）,平均約定価格（電源属地別）[円/kW・30分],7.35,5.3,0,11.31,6.14,7.68,7.09,8.5,5.79,7.12
20250724B07,合計（確報値）,最高約定価格（TSO別）[円/kW・30分],7.57,16.47,0,19.51,7.95,18.56,7.9,13.53,19.51,19.51
20250724B07,合計（確報値）,最低約定価格（TSO別）[円/kW・30分],4,1.9,0,10,4.78,5.68,5.03,4.78,3.45,1.9
20250724B07,合計（確報値）,平均約定価格（TSO別）[円/kW・30分],7.35,5.3,0,11.31,6.65,7.69,6.75,9.64,6.1,7.12
20250724B07,合計（確報値）,約定量合計（TSO別）[MW],45.5,41.069,0,13.968,89,228.344,244,52,120.749,834.63
20250724B07,合計（確報値）,（内訳）自エリアからの約定量[MW],45.5,41.069,0,13.968,35,184.743,244,52,113.139,729.419
20250724B08,システム約定結果,募集量（TSO別）[MW],19,105,601,0,92,215,194,56,235,1517
20250724B08,システム約定結果,応札量合計（電源属地別）[MW],95.79,20,35.3,26.016,35,192.893,285.03,68,86.208,844.237
20250724B08,システム約定結果,落札量合計（電源属地別）[MW],44,20,35.3,26.016,35,192.893,285.03,68,86.208,792.447
20250724B08,システム約定結果,応札件数（電源属地別）[件],5,1,2,3,1,5,9,3,9,38
20250724B08,システム約定結果,落札件数（電源属地別）[件],2,1,2,3,1,5,9,3,9,35
20250724B08,システム約定結果,最高落札価格（電源属地別）[円/kW・30分],4.02,2.71,3.37,19.51,3.71,9.53,19.51,8.35,19.51,19.51
20250724B08,システム約定結果,最低落札価格（電源属地別）[円/kW・30分],3.57,2.71,3.23,3.66,3.71,1.99,1.44,4.29,1.36,1.36
20250724B08,システム約定結果,平均落札価格（電源属地別）[円/kW・30分],3.92,2.71,3.3,5.28,3.71,4.78,3.79,5.95,5.09,4.36
20250724B08,システム約定結果,最高落札価格（TSO別）[円/kW・30分],4.02,0,3.37,0,4.27,19.51,4.3,8.35,19.51,19.51
20250724B08,システム約定結果,最低落札価格（TSO別）[円/kW・30分],3.57,0,2.71,0,3.71,1.99,1.44,4.29,1.36,1.36
20250724B08,システム約定結果,平均落札価格（TSO別）[円/kW・30分],3.92,0,3.09,0,3.95,4.92,3.43,6.19,4.81,4.36
20250724B08,システム約定結果,落札量合計（TSO別）[MW],44,0,55.3,0,61,204.909,194,56,177.238,792.447
20250724B08,システム約定結果,（内訳）自エリアからの落札量[MW],44,0,35.3,0,35,166.893,194,56,86.208,617.401
20250724B08,追加調達結果,募集量（TSO別）[MW],-,-,-,-,-,-,-,-,-,-
20250724B08,追加調達結果,応札量合計（電源属地別）[MW],0,0,0,0,0,0,0,0,0,0
20250724B08,追加調達結果,約定量合計（電源属地別）[MW],0,0,0,0,0,0,0,0,0,0
20250724B08,追加調達結果,応札件数（電源属地別）[件],0,0,0,0,0,0,0,0,0,0
20250724B08,追加調達結果,約定件数（電源属地別）[件],0,0,0,0,0,0,0,0,0,0
20250724B08,追加調達結果,最高約定価格（電源属地別）[円/kW・30分],0,0,0,0,0,0,0,0,0,0
20250724B08,追加調達結果,最低約定価格（電源属地別）[円/kW・30分],0,0,0,0,0,0,0,0,0,0
20250724B08,追加調達結果,平均約定価格（電源属地別）[円/kW・30分],0,0,0,0,0,0,0,0,0,0
20250724B08,追加調達結果,最高約定価格（TSO別）[円/kW・30分],0,0,0,0,0,0,0,0,0,0
20250724B08,追加調達結果,最低約定価格（TSO別）[円/kW・30分],0,0,0,0,0,0,0,0,0,0
20250724B08,追加調達結果,平均約定価格（TSO別）[円/kW・30分],0,0,0,0,0,0,0,0,0,0
20250724B08,追加調達結果,約定量合計（TSO別）[MW],0,0,0,0,0,0,0,0,0,0
20250724B08,追加調達結果,（内訳）自エリアからの約定量[MW],0,0,0,0,0,0,0,0,0,0
20250724B08,合計（確報値）,募集量（TSO別）[MW],19,105,601,0,92,215,194,56,235,1517
20250724B08,合計（確報値）,応札量合計（電源属地別）[MW],95.79,20,35.3,26.016,70,192.893,285.03,68,86.208,879.237
20250724B08,合計（確報値）,約定量合計（電源属地別）[MW],44,20,35.3,26.016,35,192.893,285.03,68,86.208,792.447
20250724B08,合計（確報値）,応札件数（電源属地別）[件],5,1,2,3,3,5,9,3,9,40
20250724B08,合計（確報値）,約定件数（電源属地別）[件],2,1,2,3,2,5,9,3,9,36
20250724B08,合計（確報値）,最高約定価格（電源属地別）[円/kW・30分],4.02,2.71,3.37,19.51,3.44,9.53,19.51,8.35,19.51,19.51
20250724B08,合計（確報値）,最低約定価格（電源属地別）[円/kW・30分],3.57,2.71,3.23,3.66,3.44,1.99,1.44,4.29,1.36,1.36
20250724B08,合計（確報値）,平均約定価格（電源属地別）[円/kW・30分],3.92,2.71,3.3,5.28,3.44,4.78,3.79,5.95,5.09,4.35
20250724B08,合計（確報値）,最高約定価格（TSO別）[円/kW・30分],4.02,0,3.37,0,4.27,19.51,4.3,8.35,19.51,19.51
20250724B08,合計（確報値）,最低約定価格（TSO別）[円/kW・30分],3.57,0,2.71,0,3.44,1.99,1.44,4.29,1.36,1.36
20250724B08,合計（確報値）,平均約定価格（TSO別）[円/kW・30分],3.92,0,3.09,0,3.79,4.92,3.43,6.19,4.81,4.35
20250724B08,合計（確報値）,約定量合計（TSO別）[MW],44,0,55.3,0,61,204.909,194,56,177.238,792.447
20250724B08,合計（確報値）,（内訳）自エリアからの約定量[MW],44,0,35.3,0,35,166.893,194,56,86.208,617.401
20250725B01,システム約定結果,募集量（TSO別）[MW],6,63,523,0,54,211,221,46,180,1304
20250725B01,システム約定結果,応札量合計（電源属地別）[MW],59.8,41.069,29.8,38.065,35,146.136,238.769,68,51.319,707.958
20250725B01,システム約定結果,落札量合計（電源属地別）[MW],10,41.069,29.8,38.065,35,146.136,238.769,68,51.319,658.158
20250725B01,システム約定結果,応札件数（電源属地別）[件],3,3,4,4,1,4,5,3,7,34
20250725B01,システム約定結果,落札件数（電源属地別）[件],1,3,4,4,1,4,5,3,7,32
20250725B01,システム約定結果,最高落札価格（電源属地別）[円/kW・30分],1.99,16.47,19.51,19.51,2.14,2.27,2.26,5.87,19.51,19.51
20250725B01,システム約定結果,最低落札価格（電源属地別）[円/kW・30分],1.99,2.56,1.75,3.33,2.14,0.36,0.36,1.8,0.36,0.36
20250725B01,システム約定結果,平均落札価格（電源属地別）[円/kW・30分],1.99,6.44,3.92,4.3,2.14,1.39,1.98,4.91,4.14,2.83
20250725B01,システム約定結果,最高落札価格（TSO別）[円/kW・30分],1.99,16.47,19.51,0,2.14,19.51,2.26,5.87,19.51,19.51
20250725B01,システム約定結果,最低落札価格（TSO別）[円/kW・30分],1.99,2.56,1.75,0,2.14,0.36,0.36,1.8,0.36,0.36
20250725B01,システム約定結果,平均落札価格（TSO別）[円/kW・30分],1.99,6.44,3.92,0,2.14,2.34,1.96,4.74,3.66,2.83
20250725B01,システム約定結果,落札量合計（TSO別）[MW],10,41.069,29.8,0,35,206.201,221,46,69.088,658.158
20250725B01,システム約定結果,（内訳）自エリアからの落札量[MW],10,41.069,29.8,0,35,146.136,221,46,51.319,580.324
20250725B01,追加調達結果,募集量（TSO別）[MW],-,-,-,-,-,-,-,-,-,-
20250725B01,追加調達結果,応札量合計（電源属地別）[MW],0,0,0,0,0,0,0,0,0,0
20250725B01,追加調達結果,約定量合計（電源属地別）[MW],0,0,0,0,0,0,0,0,0,0
20250725B01,追加調達結果,応札件数（電源属地別）[件],0,0,0,0,0,0,0,0,0,0
20250725B01,追加調達結果,約定件数（電源属地別）[件],0,0,0,0,0,0,0,0,0,0
20250725B01,追加調達結果,最高約定価格（電源属地別）[円/kW・30分],0,0,0,0,0,0,0,0,0,0
20250725B01,追加調達結果,最低約定価格（電源属地別）[円/kW・30分],0,0,0,0,0,0,0,0,0,0
20250725B01,追加調達結果,平均約定価格（電源属地別）[円/kW・30分],0,0,0,0,0,0,0,0,0,0
20250725B01,追加調達結果,最高約定価格（TSO別）[円/kW・30分],0,0,0,0,0,0,0,0,0,0
20250725B01,追加調達結果,最低約定価格（TSO別）[円/kW・30分],0,0,0,0,0,0,0,0,0,0
20250725B01,追加調達結果,平均約定価格（TSO別）[円/kW・30分],0,0,0,0,0,0,0,0,0,0
20250725B01,追加調達結果,約定量合計（TSO別）[MW],0,0,0,0,0,0,0,0,0,0
20250725B01,追加調達結果,（内訳）自エリアからの約定量[MW],0,0,0,0,0,0,0,0,0,0
20250725B01,合計（確報値）,募集量（TSO別）[MW],6,63,523,0,54,211,221,46,180,1304
20250725B01,合計（確報値）,応札量合計（電源属地別）[MW],59.8,41.069,29.8,74.21,70,146.136,238.769,68,51.319,779.103
20250725B01,合計（確報値）,約定量合計（電源属地別）[MW],10,41.069,29.8,38.065,35,146.136,238.769,68,51.319,658.158
20250725B01,合計（確報値）,応札件数（電源属地別）[件],3,3,4,7,2,4,5,3,7,38
20250725B01,合計（確報値）,約定件数（電源属地別）[件],1,3,4,4,1,4,5,3,7,32
20250725B01,合計（確報値）,最高約定価格（電源属地別）[円/kW・30分],1.99,16.47,19.51,19.51,2.06,2.27,2.26,5.87,19.51,19.51
20250725B01,合計（確報値）,最低約定価格（電源属地別）[円/kW・30分],1.99,2.56,1.75,0.36,2.06,0.36,0.36,1.8,0.36,0.36
20250725B01,合計（確報値）,平均約定価格（電源属地別）[円/kW・30分],1.99,6.44,3.92,1.33,2.06,1.39,1.98,4.91,4.14,2.65
20250725B01,合計（確報値）,最高約定価格（TSO別）[円/kW・30分],1.99,16.47,19.51,0,2.06,19.51,2.26,5.87,19.51,19.51
20250725B01,合計（確報値）,最低約定価格（TSO別）[円/kW・30分],1.99,2.56,1.75,0,2.06,0.36,0.36,1.8,0.36,0.36
20250725B01,合計（確報値）,平均約定価格（TSO別）[円/kW・30分],1.99,6.44,3.92,0,2.06,1.79,1.96,4.74,3.66,2.65
20250725B01,合計（確報値）,約定量合計（TSO別）[MW],10,41.069,29.8,0,35,206.201,221,46,69.088,658.158
20250725B01,合計（確報値）,（内訳）自エリアからの約定量[MW],10,41.069,29.8,0,35,146.136,221,46,51.319,580.324
20250725B02,システム約定結果,募集量（TSO別）[MW],0,83,471,0,68,210,219,47,206,1304
20250725B02,システム約定結果,応札量合計（電源属地別）[MW],60.99,41.069,130.507,38.065,35,192.893,240.569,68,86.208,893.301
20250725B02,システム約定結果,落札量合計（電源属地別）[MW],44,41.069,130.507,38.065,35,192.893,240.569,68,86.208,876.311
20250725B02,システム約定結果,応札件数（電源属地別）[件],5,3,9,4,1,5,6,3,9,45
20250725B02,システム約定結果,落札件数（電源属地別）[件],2,3,9,4,1,5,6,3,9,42
20250725B02,システム約定結果,最高落札価格（電源属地別）[円/kW・30分],2.21,16.47,19.51,19.51,2.01,9.53,19.51,5.67,19.51,19.51
20250725B02,システム約定結果,最低落札価格（電源属地別）[円/kW・30分],1.77,2.69,1.28,3.61,2.01,0.36,0.36,1.61,0.36,0.36
20250725B02,システム約定結果,平均落札価格（電源属地別）[円/kW・30分],2.11,6.56,2.82,6.54,2.01,3.27,2.01,4.83,3.57,3.2
20250725B02,システム約定結果,最高落札価格（TSO別）[円/kW・30分],2.21,16.47,19.51,0,19.51,9.53,2.14,5.67,19.51,19.51
20250725B02,システム約定結果,最低落札価格（TSO別）[円/kW・30分],1.77,2.69,1.28,0,2.01,0.36,0.36,1.61,0.36,0.36
20250725B02,システム約定結果,平均落札価格（TSO別）[円/kW・30分],2.11,6.56,2.82,0,4.8,3.22,1.86,4.78,3.84,3.2
20250725B02,システム約定結果,落札量合計（TSO別）[MW],44,41.069,130.507,0,57.958,210,219,47,126.777,876.311
20250725B02,システム約定結果,（内訳）自エリアからの落札量[MW],44,41.069,130.507,0,35,183.903,219,47,86.208,786.687
20250725B02,追加調達結果,募集量（TSO別）[MW],-,-,-,-,-,-,-,-,-,-
20250725B02,追加調達結果,応札量合計（電源属地別）[MW],0,0,0,0,0,0,0,0,0,0
20250725B02,追加調達結果,約定量合計（電源属地別）[MW],0,0,0,0,0,0,0,0,0,0
20250725B02,追加調達結果,応札件数（電源属地別）[件],0,0,0,0,0,0,0,0,0,0
20250725B02,追加調達結果,約定件数（電源属地別）[件],0,0,0,0,0,0,0,0,0,0
20250725B02,追加調達結果,最高約定価格（電源属地別）[円/kW・30分],0,0,0,0,0,0,0,0,0,0
20250725B02,追加調達結果,最低約定価格（電源属地別）[円/kW・30分],0,0,0,0,0,0,0,0,0,0
20250725B02,追加調達結果,平均約定価格（電源属地別）[円/kW・30分],0,0,0,0,0,0,0,0,0,0
20250725B02,追加調達結果,最高約定価格（TSO別）[円/kW・30分],0,0,0,0,0,0,0,0,0,0
20250725B02,追加調達結果,最低約定価格（TSO別）[円/kW・30分],0,0,0,0,0,0,0,0,0,0
20250725B02,追加調達結果,平均約定価格（TSO別）[円/kW・30分],0,0,0,0,0,0,0,0,0,0
20250725B02,追加調達結果,約定量合計（TSO別）[MW],0,0,0,0,0,0,0,0,0,0
20250725B02,追加調達結果,（内訳）自エリアからの約定量[MW],0,0,0,0,0,0,0,0,0,0
20250725B02,合計（確報値）,募集量（TSO別）[MW],0,83,471,0,68,210,219,47,206,1304
20250725B02,合計（確報値）,応札量合計（電源属地別）[MW],60.99,41.069,130.507,74.21,70,192.893,240.569,68,86.208,964.446
20250725B02,合計（確報値）,約定量合計（電源属地別）[MW],44,41.069,130.507,38.065,35,192.893,240.569,68,86.208,876.311
20250725B02,合計（確報値）,応札件数（電源属地別）[件],5,3,9,7,2,5,6,3,9,49
20250725B02,合計（確報値）,約定件数（電源属地別）[件],2,3,9,4,1,5,6,3,9,42
20250725B02,合計（確報値）,最高約定価格（電源属地別）[円/kW・30分],2.21,16.47,19.51,19.51,1.94,9.53,19.51,5.67,19.51,19.51
20250725B02,合計（確報値）,最低約定価格（電源属地別）[円/kW・30分],1.77,2.69,1.28,0.36,1.94,0.36,0.36,1.61,0.36,0.36
20250725B02,合計（確報値）,平均約定価格（電源属地別）[円/kW・30分],2.11,6.56,2.82,1.33,1.94,3.27,2.01,4.83,3.57,2.97
20250725B02,合計（確報値）,最高約定価格（TSO別）[円/kW・30分],2.21,16.47,19.51,0,19.51,9.53,2.14,5.67,19.51,19.51
20250725B02,合計（確報値）,最低約定価格（TSO別）[円/kW・30分],1.77,2.69,1.28,0,0.36,0.36,0.36,1.61,0.36,0.36
20250725B02,合計（確報値）,平均約定価格（TSO別）[円/kW・30分],2.11,6.56,2.82,0,3.37,2.65,1.86,4.78,3.84,2.97
20250725B02,合計（確報値）,約定量合計（TSO別）[MW],44,41.069,130.507,0,57.958,210,219,47,126.777,876.311
20250725B02,合計（確報値）,（内訳）自エリアからの約定量[MW],44,41.069,130.507,0,35,183.903,219,47,86.208,786.687
20250725B03,システム約定結果,募集量（TSO別）[MW],0,151,571,0,70,259,197,44,240,1532
20250725B03,システム約定結果,応札量合計（電源属地別）[MW],1.5,29.069,8.48,13.968,35,192.893,240.569,102,19.208,642.687
20250725B03,システム約定結果,落札量合計（電源属地別）[MW],0,29.069,8.48,13.968,35,192.893,240.569,102,19.208,641.187
20250725B03,システム約定結果,応札件数（電源属地別）[件],1,2,6,2,1,5,6,4,7,34
20250725B03,システム約定結果,落札件数（電源属地別）[件],0,2,6,2,1,5,6,4,7,33
20250725B03,システム約定結果,最高落札価格（電源属地別）[円/kW・30分],0,16.47,19.51,19.51,1.76,9.53,19.51,5.6,19.51,19.51
20250725B03,システム約定結果,最低落札価格（電源属地別）[円/kW・30分],0,5.31,9.26,1.85,1.76,0.36,0.36,1.53,0.36,0.36
20250725B03,システム約定結果,平均落札価格（電源属地別）[円/kW・30分],0,8.79,15.64,4.28,1.76,3.28,2.29,3.97,9.51,3.56
20250725B03,システム約定結果,最高落札価格（TSO別）[円/kW・30分],0,16.47,19.51,0,2.06,19.51,2.48,5.6,19.51,19.51
20250725B03,システム約定結果,最低落札価格（TSO別）[円/kW・30分],0,5.31,5.31,0,1.76,0.36,0.36,2.3,0.36,0.36
20250725B03,システム約定結果,平均落札価格（TSO別）[円/kW・30分],0,11.61,9.39,0,1.87,3.55,2.12,4.91,4.62,3.56
20250725B03,システム約定結果,落札量合計（TSO別）[MW],0,16.069,21.48,0,55,246.661,197,44,60.977,641.187
20250725B03,システム約定結果,（内訳）自エリアからの落札量[MW],0,16.069,8.48,0,35,172.893,197,44,19.208,492.65
20250725B03,追加調達結果,募集量（TSO別）[MW],-,-,-,-,-,-,-,-,-,-
20250725B03,追加調達結果,応札量合計（電源属地別）[MW],0,0,0,0,0,0,0,0,0,0
20250725B03,追加調達結果,約定量合計（電源属地別）[MW],0,0,0,0,0,0,0,0,0,0
20250725B03,追加調達結果,応札件数（電源属地別）[件],0,0,0,0,0,0,0,0,0,0
20250725B03,追加調達結果,約定件数（電源属地別）[件],0,0,0,0,0,0,0,0,0,0
20250725B03,追加調達結果,最高約定価格（電源属地別）[円/kW・30分],0,0,0,0,0,0,0,0,0,0
20250725B03,追加調達結果,最低約定価格（電源属地別）[円/kW・30分],0,0,0,0,0,0,0,0,0,0
20250725B03,追加調達結果,平均約定価格（電源属地別）[円/kW・30分],0,0,0,0,0,0,0,0,0,0
20250725B03,追加調達結果,最高約定価格（TSO別）[円/kW・30分],0,0,0,0,0,0,0,0,0,0
20250725B03,追加調達結果,最低約定価格（TSO別）[円/kW・30分],0,0,0,0,0,0,0,0,0,0
20250725B03,追加調達結果,平均約定価格（TSO別）[円/kW・30分],0,0,0,0,0,0,0,0,0,0
20250725B03,追加調達結果,約定量合計（TSO別）[MW],0,0,0,0,0,0,0,0,0,0
20250725B03,追加調達結果,（内訳）自エリアからの約定量[MW],0,0,0,0,0,0,0,0,0,0
20250725B03,合計（確報値）,募集量（TSO別）[MW],0,151,571,0,70,259,197,44,240,1532
20250725B03,合計（確報値）,応札量合計（電源属地別）[MW],1.5,29.069,8.48,13.968,85,192.893,240.569,102,19.208,692.687
20250725B03,合計（確報値）,約定量合計（電源属地別）[MW],0,29.069,8.48,13.968,35,192.893,240.569,68,19.208,607.187
20250725B03,合計（確報値）,応札件数（電源属地別）[件],1,2,6,2,4,5,6,4,7,37
20250725B03,合計（確報値）,約定件数（電源属地別）[件],0,2,6,2,2,5,6,3,7,33
20250725B03,合計（確報値）,最高約定価格（電源属地別）[円/kW・30分],0,16.47,19.51,19.51,1.68,9.53,19.51,5.6,19.51,19.51
20250725B03,合計（確報値）,最低約定価格（電源属地別）[円/kW・30分],0,5.31,9.26,1.85,1.57,0.36,0.36,1.53,0.36,0.36
20250725B03,合計（確報値）,平均約定価格（電源属地別）[円/kW・30分],0,8.79,15.64,4.28,1.63,3.28,2.29,4.81,9.51,3.62
20250725B03,合計（確報値）,最高約定価格（TSO別）[円/kW・30分],0,16.47,19.51,0,2.06,19.51,2.48,5.6,19.51,19.51
20250725B03,合計（確報値）,最低約定価格（TSO別）[円/kW・30分],0,5.31,5.31,0,1.57,0.36,0.36,5.33,0.36,0.36
20250725B03,合計（確報値）,平均約定価格（TSO別）[円/kW・30分],0,11.61,9.39,0,1.79,3.69,2.12,5.49,4.62,3.62
20250725B03,合計（確報値）,約定量合計（TSO別）[MW],0,16.069,21.48,0,55,220.661,197,36,60.977,607.187
20250725B03,合計（確報値）,（内訳）自エリアからの約定量[MW],0,16.069,8.48,0,35,172.893,197,36,19.208,484.65
20250725B04,システム約定結果,募集量（TSO別）[MW],24,197,628,25,97,292,209,66,259,1797
20250725B04,システム約定結果,応札量合計（電源属地別）[MW],85.79,29.069,6,1.92,60,194.743,240.569,128,34.445,780.536
20250725B04,システム約定結果,落札量合計（電源属地別）[MW],34,29.069,6,1.92,60,194.743,240.569,128,34.445,728.746
20250725B04,システム約定結果,応札件数（電源属地別）[件],4,2,6,1,2,6,6,5,12,44
20250725B04,システム約定結果,落札件数（電源属地別）[件],1,2,6,1,2,6,6,5,12,41
20250725B04,システム約定結果,最高落札価格（電源属地別）[円/kW・30分],1.27,16.47,19.5,19.51,4.09,18.56,19.51,5.68,19.51,19.51
20250725B04,システム約定結果,最低落札価格（電源属地別）[円/kW・30分],1.27,5.33,19.5,19.51,3.9,1.44,0.52,1.61,0.44,0.44
20250725B04,システム約定結果,平均落札価格（電源属地別）[円/kW・30分],1.27,8.81,19.5,19.51,4.01,4.5,2.94,3.76,10.29,4.27
20250725B04,システム約定結果,最高落札価格（TSO別）[円/kW・30分],1.27,16.47,19.5,19.51,4.09,19.51,3.23,5.68,19.51,19.51
20250725B04,システム約定結果,最低落札価格（TSO別）[円/kW・30分],1.27,5.33,19.5,19.51,3.23,1.44,0.52,1.61,0.44,0.44
20250725B04,システム約定結果,平均落札価格（TSO別）[円/kW・30分],1.27,8.81,19.5,19.51,3.91,4.56,2.75,3.54,10.29,4.27
20250725B04,システム約定結果,落札量合計（TSO別）[MW],34,29.069,6,1.92,82,229.054,209,103.258,34.445,728.746
20250725B04,システム約定結果,（内訳）自エリアからの落札量[MW],34,29.069,6,1.92,60,175.743,209,103.258,34.445,653.435
20250725B04,追加調達結果,募集量（TSO別）[MW],-,-,-,-,-,-,-,-,-,-
20250725B04,追加調達結果,応札量合計（電源属地別）[MW],0,0,0,0,0,0,0,0,0,0
20250725B04,追加調達結果,約定量合計（電源属地別）[MW],0,0,0,0,0,0,0,0,0,0
20250725B04,追加調達結果,応札件数（電源属地別）[件],0,0,0,0,0,0,0,0,0,0
20250725B04,追加調達結果,約定件数（電源属地別）[件],0,0,0,0,0,0,0,0,0,0
20250725B04,追加調達結果,最高約定価格（電源属地別）[円/kW・30分],0,0,0,0,0,0,0,0,0,0
20250725B04,追加調達結果,最低約定価格（電源属地別）[円/kW・30分],0,0,0,0,0,0,0,0,0,0
20250725B04,追加調達結果,平均約定価格（電源属地別）[円/kW・30分],0,0,0,0,0,0,0,0,0,0
20250725B04,追加調達結果,最高約定価格（TSO別）[円/kW・30分],0,0,0,0,0,0,0,0,0,0
20250725B04,追加調達結果,最低約定価格（TSO別）[円/kW・30分],0,0,0,0,0,0,0,0,0,0
20250725B04,追加調達結果,平均約定価格（TSO別）[円/kW・30分],0,0,0,0,0,0,0,0,0,0
20250725B04,追加調達結果,約定量合計（TSO別）[MW],0,0,0,0,0,0,0,0,0,0
20250725B04,追加調達結果,（内訳）自エリアからの約定量[MW],0,0,0,0,0,0,0,0,0,0
20250725B04,合計（確報値）,募集量（TSO別）[MW],24,197,628,25,97,292,209,66,259,1797
20250725B04,合計（確報値）,応札量合計（電源属地別）[MW],85.79,29.069,6,1.92,95,194.743,240.569,128,49.445,830.536
20250725B04,合計（確報値）,約定量合計（電源属地別）[MW],34,29.069,6,1.92,60,194.743,240.569,94,34.445,694.746
20250725B04,合計（確報値）,応札件数（電源属地別）[件],4,2,6,1,3,6,6,5,15,48
20250725B04,合計（確報値）,約定件数（電源属地別）[件],1,2,6,1,2,6,6,4,13,41
20250725B04,合計（確報値）,最高約定価格（電源属地別）[円/kW・30分],1.27,16.47,19.5,19.51,4.01,18.56,19.51,5.68,19.51,19.51
20250725B04,合計（確報値）,最低約定価格（電源属地別）[円/kW・30分],1.27,5.33,19.5,19.51,3.9,1.44,0.52,1.61,0.44,0.44
20250725B04,合計（確報値）,平均約定価格（電源属地別）[円/kW・30分],1.27,8.81,19.5,19.51,3.96,4.5,2.94,4.29,10.16,4.36
20250725B04,合計（確報値）,最高約定価格（TSO別）[円/kW・30分],1.27,16.47,19.5,19.51,4.01,19.51,3.23,5.68,19.51,19.51
20250725B04,合計（確報値）,最低約定価格（TSO別）[円/kW・30分],1.27,5.33,19.5,19.51,3.23,1.44,0.52,1.61,0.44,0.44
20250725B04,合計（確報値）,平均約定価格（TSO別）[円/kW・30分],1.27,8.81,19.5,19.51,3.88,4.61,2.75,4.02,10.16,4.36
20250725B04,合計（確報値）,約定量合計（TSO別）[MW],34,29.069,6,1.92,82,223.901,209,74.411,34.445,694.746
20250725B04,合計（確報値）,（内訳）自エリアからの約定量[MW],34,29.069,6,1.92,60,175.743,209,74.411,34.445,624.588
20250725B05,システム約定結果,募集量（TSO別）[MW],18,191,628,17,96,252,185,77,262,1726
20250725B05,システム約定結果,応札量合計（電源属地別）[MW],85.79,29.069,3,1.92,60,194.743,240.569,133,25.803,773.894
20250725B05,システム約定結果,落札量合計（電源属地別）[MW],34,29.069,3,1.92,60,194.743,240.569,133,25.803,722.104
20250725B05,システム約定結果,応札件数（電源属地別）[件],4,2,3,1,2,6,6,5,7,36
20250725B05,システム約定結果,落札件数（電源属地別）[件],1,2,3,1,2,6,6,5,7,33
20250725B05,システム約定結果,最高落札価格（電源属地別）[円/kW・30分],2.13,16.47,19.5,19.51,6.23,18.56,19.51,5.44,19.5,19.51
20250725B05,システム約定結果,最低落札価格（電源属地別）[円/kW・30分],2.13,4.45,19.5,19.51,6.04,3.59,0.64,1.07,0.36,0.36
20250725B05,システム約定結果,平均落札価格（電源属地別）[円/kW・30分],2.13,8.2,19.5,19.51,6.15,6.12,2.97,3.34,7.37,4.59
20250725B05,システム約定結果,最高落札価格（TSO別）[円/kW・30分],2.13,16.47,19.5,19.51,6.23,18.56,3.23,5.44,19.51,19.51
20250725B05,システム約定結果,最低落札価格（TSO別）[円/kW・30分],2.13,4.45,19.5,19.51,3.12,3.12,0.64,1.07,0.36,0.36
20250725B05,システム約定結果,平均落札価格（TSO別）[円/kW・30分],2.13,8.2,19.5,19.51,5.29,5.74,2.76,2.78,7.23,4.59
20250725B05,システム約定結果,落札量合計（TSO別）[MW],34,29.069,3,1.92,85,246.133,185,103.968,34.014,722.104
20250725B05,システム約定結果,（内訳）自エリアからの落札量[MW],34,29.069,3,1.92,60,193.743,185,103.968,25.803,636.503
20250725B05,追加調達結果,募集量（TSO別）[MW],-,-,-,-,-,-,-,-,-,-
20250725B05,追加調達結果,応札量合計（電源属地別）[MW],0,0,0,0,0,0,0,0,0,0
20250725B05,追加調達結果,約定量合計（電源属地別）[MW],0,0,0,0,0,0,0,0,0,0
20250725B05,追加調達結果,応札件数（電源属地別）[件],0,0,0,0,0,0,0,0,0,0
20250725B05,追加調達結果,約定件数（電源属地別）[件],0,0,0,0,0,0,0,0,0,0
20250725B05,追加調達結果,最高約定価格（電源属地別）[円/kW・30分],0,0,0,0,0,0,0,0,0,0
20250725B05,追加調達結果,最低約定価格（電源属地別）[円/kW・30分],0,0,0,0,0,0,0,0,0,0
20250725B05,追加調達結果,平均約定価格（電源属地別）[円/kW・30分],0,0,0,0,0,0,0,0,0,0
20250725B05,追加調達結果,最高約定価格（TSO別）[円/kW・30分],0,0,0,0,0,0,0,0,0,0
20250725B05,追加調達結果,最低約定価格（TSO別）[円/kW・30分],0,0,0,0,0,0,0,0,0,0
20250725B05,追加調達結果,平均約定価格（TSO別）[円/kW・30分],0,0,0,0,0,0,0,0,0,0
20250725B05,追加調達結果,約定量合計（TSO別）[MW],0,0,0,0,0,0,0,0,0,0
20250725B05,追加調達結果,（内訳）自エリアからの約定量[MW],0,0,0,0,0,0,0,0,0,0
20250725B05,合計（確報値）,募集量（TSO別）[MW],18,191,628,17,96,252,185,77,262,1726
20250725B05,合計（確報値）,応札量合計（電源属地別）[MW],85.79,29.069,3,1.92,95,194.743,240.569,133,40.803,823.894
20250725B05,合計（確報値）,約定量合計（電源属地別）[MW],34,29.069,3,1.92,60,194.743,240.569,76,25.803,665.104
20250725B05,合計（確報値）,応札件数（電源属地別）[件],4,2,3,1,4,6,6,5,10,41
20250725B05,合計（確報値）,約定件数（電源属地別）[件],1,2,3,1,3,6,6,3,8,33
20250725B05,合計（確報値）,最高約定価格（電源属地別）[円/kW・30分],2.13,16.47,19.5,19.51,6.15,18.56,19.51,5.44,19.5,19.51
20250725B05,合計（確報値）,最低約定価格（電源属地別）[円/kW・30分],2.13,4.45,19.5,19.51,6.04,3.59,0.64,1.07,0.36,0.36
20250725B05,合計（確報値）,平均約定価格（電源属地別）[円/kW・30分],2.13,8.2,19.5,19.51,6.1,6.12,2.97,3.2,7.18,4.67
20250725B05,合計（確報値）,最高約定価格（TSO別）[円/kW・30分],2.13,16.47,19.5,19.51,6.15,18.56,3.23,5.44,19.51,19.51
20250725B05,合計（確報値）,最低約定価格（TSO別）[円/kW・30分],2.13,4.45,19.5,19.51,3.12,3.12,0.64,1.07,0.36,0.36
20250725B05,合計（確報値）,平均約定価格（TSO別）[円/kW・30分],2.13,8.2,19.5,19.51,5.26,5.77,2.76,2.45,7.09,4.67
20250725B05,合計（確報値）,約定量合計（TSO別）[MW],34,29.069,3,1.92,85,236.101,185,57,34.014,665.104
20250725B05,合計（確報値）,（内訳）自エリアからの約定量[MW],34,29.069,3,1.92,60,193.743,185,57,25.803,589.535
20250725B06,システム約定結果,募集量（TSO別）[MW],13,191,632,82,103,252,248,64,259,1844
20250725B06,システム約定結果,応札量合計（電源属地別）[MW],83.8,41.069,17.352,1.92,35,116.101,297.757,102,21.545,716.544
20250725B06,システム約定結果,落札量合計（電源属地別）[MW],34,41.069,17.352,1.92,35,116.101,297.757,102,21.545,666.744
20250725B06,システム約定結果,応札件数（電源属地別）[件],3,3,7,1,1,5,10,4,9,43
20250725B06,システム約定結果,落札件数（電源属地別）[件],1,3,7,1,1,5,10,4,9,41
20250725B06,システム約定結果,最高落札価格（電源属地別）[円/kW・30分],7.65,16.47,19.5,19.51,8.97,18.56,19.51,13.24,19.51,19.51
20250725B06,システム約定結果,最低落札価格（電源属地別）[円/kW・30分],7.65,2.04,5.33,19.51,8.97,6.79,3.24,4.78,2.43,2.04
20250725B06,システム約定結果,平均落札価格（電源属地別）[円/kW・30分],7.65,5.36,10.23,19.51,8.97,8.14,5.48,8.76,13.91,7.17
20250725B06,システム約定結果,最高落札価格（TSO別）[円/kW・30分],7.65,16.47,19.5,19.51,13.24,18.56,6.11,13.24,19.51,19.51
20250725B06,システム約定結果,最低落札価格（TSO別）[円/kW・30分],7.65,2.04,5.33,19.51,8.97,4.78,3.24,4.78,2.43,2.04
20250725B06,システム約定結果,平均落札価格（TSO別）[円/kW・30分],7.65,5.36,10.23,19.51,9.08,7.43,5.28,9.64,14.34,7.17
20250725B06,システム約定結果,落札量合計（TSO別）[MW],34,41.069,17.352,1.92,35.957,200.101,248,65,23.345,666.744
20250725B06,システム約定結果,（内訳）自エリアからの落札量[MW],34,41.069,17.352,1.92,35,116.101,248,65,21.545,579.987
20250725B06,追加調達結果,募集量（TSO別）[MW],-,-,-,-,-,-,-,-,-,-
20250725B06,追加調達結果,応札量合計（電源属地別）[MW],0,0,0,0,0,0,0,0,0,0
20250725B06,追加調達結果,約定量合計（電源属地別）[MW],0,0,0,0,0,0,0,0,0,0
20250725B06,追加調達結果,応札件数（電源属地別）[件],0,0,0,0,0,0,0,0,0,0
20250725B06,追加調達結果,約定件数（電源属地別）[件],0,0,0,0,0,0,0,0,0,0
20250725B06,追加調達結果,最高約定価格（電源属地別）[円/kW・30分],0,0,0,0,0,0,0,0,0,0
20250725B06,追加調達結果,最低約定価格（電源属地別）[円/kW・30分],0,0,0,0,0,0,0,0,0,0
20250725B06,追加調達結果,平均約定価格（電源属地別）[円/kW・30分],0,0,0,0,0,0,0,0,0,0
20250725B06,追加調達結果,最高約定価格（TSO別）[円/kW・30分],0,0,0,0,0,0,0,0,0,0
20250725B06,追加調達結果,最低約定価格（TSO別）[円/kW・30分],0,0,0,0,0,0,0,0,0,0
20250725B06,追加調達結果,平均約定価格（TSO別）[円/kW・30分],0,0,0,0,0,0,0,0,0,0
20250725B06,追加調達結果,約定量合計（TSO別）[MW],0,0,0,0,0,0,0,0,0,0
20250725B06,追加調達結果,（内訳）自エリアからの約定量[MW],0,0,0,0,0,0,0,0,0,0
20250725B06,合計（確報値）,募集量（TSO別）[MW],13,191,632,82,103,252,248,64,259,1844
20250725B06,合計（確報値）,応札量合計（電源属地別）[MW],83.8,41.069,17.352,1.92,70,116.101,297.757,102,21.545,751.544
20250725B06,合計（確報値）,約定量合計（電源属地別）[MW],34,41.069,17.352,1.92,35,116.101,297.757,45,21.545,609.744
20250725B06,合計（確報値）,応札件数（電源属地別）[件],3,3,7,1,2,5,10,4,9,44
20250725B06,合計（確報値）,約定件数（電源属地別）[件],1,3,7,1,1,5,10,2,9,39
20250725B06,合計（確報値）,最高約定価格（電源属地別）[円/kW・30分],7.65,16.47,19.5,19.51,8.89,18.56,19.51,9.18,19.51,19.51
20250725B06,合計（確報値）,最低約定価格（電源属地別）[円/kW・30分],7.65,2.04,5.33,19.51,8.89,6.79,3.24,4.78,2.43,2.04
20250725B06,合計（確報値）,平均約定価格（電源属地別）[円/kW・30分],7.65,5.36,10.23,19.51,8.89,8.14,5.48,5.86,13.91,6.8
20250725B06,合計（確報値）,最高約定価格（TSO別）[円/kW・30分],7.65,16.47,19.5,19.51,8.89,18.56,6.11,9.18,19.51,19.51
20250725B06,合計（確報値）,最低約定価格（TSO別）[円/kW・30分],7.65,2.04,5.33,19.51,8.89,4.78,3.24,4.78,2.43,2.04
20250725B06,合計（確報値）,平均約定価格（TSO別）[円/kW・30分],7.65,5.36,10.23,19.51,8.89,7.23,5.28,6.64,14.34,6.8
20250725B06,合計（確報値）,約定量合計（TSO別）[MW],34,41.069,17.352,1.92,35,183.058,248,26,23.345,609.744
20250725B06,合計（確報値）,（内訳）自エリアからの約定量[MW],34,41.069,17.352,1.92,35,116.101,248,26,21.545,540.987
20250725B07,システム約定結果,募集量（TSO別）[MW],12,161,629,50,102,242,244,52,242,1734
20250725B07,システム約定結果,応札量合計（電源属地別）[MW],85.79,41.069,36.998,26.016,35,197.253,323.211,68,144.793,958.13
20250725B07,システム約定結果,落札量合計（電源属地別）[MW],35.5,41.069,36.998,26.016,35,197.253,323.211,68,144.793,907.84
20250725B07,システム約定結果,応札件数（電源属地別）[件],4,3,2,3,1,7,12,3,10,45
20250725B07,システム約定結果,落札件数（電源属地別）[件],2,3,2,3,1,7,12,3,10,43
20250725B07,システム約定結果,最高落札価格（電源属地別）[円/kW・30分],7.57,16.47,6.81,19.51,6.33,18.56,19.51,12.91,19.51,19.51
20250725B07,システム約定結果,最低落札価格（電源属地別）[円/kW・30分],4,2.14,6.77,8.87,6.33,5.68,4.14,4.78,3.45,2.14
20250725B07,システム約定結果,平均落札価格（電源属地別）[円/kW・30分],7.42,5.48,6.79,9.72,6.33,7.73,6.19,8.19,5.68,6.74
20250725B07,システム約定結果,最高落札価格（TSO別）[円/kW・30分],7.57,16.47,6.81,19.51,7.95,19.51,7,12.91,19.51,19.51
20250725B07,システム約定結果,最低落札価格（TSO別）[円/kW・30分],4,2.14,6.77,8.87,6.33,4.78,4.14,4.78,3.45,2.14
20250725B07,システム約定結果,平均落札価格（TSO別）[円/kW・30分],7.42,5.48,6.79,9.72,6.79,7.53,5.89,9.24,5.71,6.74
20250725B07,システム約定結果,落札量合計（TSO別）[MW],35.5,41.069,36.998,26.016,89,230.411,244,52,152.846,907.84
20250725B07,システム約定結果,（内訳）自エリアからの落札量[MW],35.5,41.069,36.998,26.016,35,187.253,244,52,144.793,802.629
20250725B07,追加調達結果,募集量（TSO別）[MW],-,-,-,-,-,-,-,-,-,-
20250725B07,追加調達結果,応札量合計（電源属地別）[MW],0,0,0,0,0,0,0,0,0,0
20250725B07,追加調達結果,約定量合計（電源属地別）[MW],0,0,0,0,0,0,0,0,0,0
20250725B07,追加調達結果,応札件数（電源属地別）[件],0,0,0,0,0,0,0,0,0,0
20250725B07,追加調達結果,約定件数（電源属地別）[件],0,0,0,0,0,0,0,0,0,0
20250725B07,追加調達結果,最高約定価格（電源属地別）[円/kW・30分],0,0,0,0,0,0,0,0,0,0
20250725B07,追加調達結果,最低約定価格（電源属地別）[円/kW・30分],0,0,0,0,0,0,0,0,0,0
20250725B07,追加調達結果,平均約定価格（電源属地別）[円/kW・30分],0,0,0,0,0,0,0,0,0,0
20250725B07,追加調達結果,最高約定価格（TSO別）[円/kW・30分],0,0,0,0,0,0,0,0,0,0
20250725B07,追加調達結果,最低約定価格（TSO別）[円/kW・30分],0,0,0,0,0,0,0,0,0,0
20250725B07,追加調達結果,平均約定価格（TSO別）[円/kW・30分],0,0,0,0,0,0,0,0,0,0
20250725B07,追加調達結果,約定量合計（TSO別）[MW],0,0,0,0,0,0,0,0,0,0
20250725B07,追加調達結果,（内訳）自エリアからの約定量[MW],0,0,0,0,0,0,0,0,0,0
20250725B07,合計（確報値）,募集量（TSO別）[MW],12,161,629,50,102,242,244,52,242,1734
20250725B07,合計（確報値）,応札量合計（電源属地別）[MW],85.79,41.069,36.998,26.016,70,197.253,323.211,68,144.793,993.13
20250725B07,合計（確報値）,約定量合計（電源属地別）[MW],35.5,41.069,36.998,26.016,35,197.253,323.211,68,144.793,907.84
20250725B07,合計（確報値）,応札件数（電源属地別）[件],4,3,2,3,2,7,12,3,10,46
20250725B07,合計（確報値）,約定件数（電源属地別）[件],2,3,2,3,1,7,12,3,10,43
20250725B07,合計（確報値）,最高約定価格（電源属地別）[円/kW・30分],7.57,16.47,6.81,19.51,6.26,18.56,19.51,12.91,19.51,19.51
20250725B07,合計（確報値）,最低約定価格（電源属地別）[円/kW・30分],4,2.14,6.77,8.87,6.26,5.68,4.14,4.78,3.45,2.14
20250725B07,合計（確報値）,平均約定価格（電源属地別）[円/kW・30分],7.42,5.48,6.79,9.72,6.26,7.73,6.19,8.19,5.68,6.74
20250725B07,合計（確報値）,最高約定価格（TSO別）[円/kW・30分],7.57,16.47,6.81,19.51,7.95,19.51,7,12.91,19.51,19.51
20250725B07,合計（確報値）,最低約定価格（TSO別）[円/kW・30分],4,2.14,6.77,8.87,6.26,4.78,4.14,4.78,3.45,2.14
20250725B07,合計（確報値）,平均約定価格（TSO別）[円/kW・30分],7.42,5.48,6.79,9.72,6.76,7.53,5.89,9.24,5.71,6.74
20250725B07,合計（確報値）,約定量合計（TSO別）[MW],35.5,41.069,36.998,26.016,89,230.411,244,52,152.846,907.84
20250725B07,合計（確報値）,（内訳）自エリアからの約定量[MW],35.5,41.069,36.998,26.016,35,187.253,244,52,144.793,802.629
20250725B08,システム約定結果,募集量（TSO別）[MW],19,105,601,0,92,215,194,56,235,1517
20250725B08,システム約定結果,応札量合計（電源属地別）[MW],85.79,33.069,77.778,26.016,35,195.403,285.03,68,84.308,890.394
20250725B08,システム約定結果,落札量合計（電源属地別）[MW],85.1,33.069,77.778,26.016,35,195.403,285.03,68,84.308,889.704
20250725B08,システム約定結果,応札件数（電源属地別）[件],4,3,7,3,1,6,9,3,8,44
20250725B08,システム約定結果,落札件数（電源属地別）[件],4,3,7,3,1,6,9,3,8,44
20250725B08,システム約定結果,最高落札価格（電源属地別）[円/kW・30分],19.5,16.47,19.51,19.51,3.71,9.53,19.51,7.8,19.51,19.51
20250725B08,システム約定結果,最低落札価格（電源属地別）[円/kW・30分],4.02,1.36,3.2,4.2,3.71,1.99,0.83,3.74,1.36,0.83
20250725B08,システム約定結果,平均落札価格（電源属地別）[円/kW・30分],13.22,5.5,4.09,5.4,3.71,4.81,3.11,5.69,4.76,5.07
20250725B08,システム約定結果,最高落札価格（TSO別）[円/kW・30分],19.5,16.47,19.51,0,4.27,19.51,3.6,7.8,19.51,19.51
20250725B08,システム約定結果,最低落札価格（TSO別）[円/kW・30分],4.02,16.47,1.36,0,3.71,1.99,0.83,3.74,0.93,0.83
20250725B08,システム約定結果,平均落札価格（TSO別）[円/kW・30分],13.22,16.47,3.44,0,3.95,4.91,2.82,5.86,4.26,5.07
20250725B08,システム約定結果,落札量合計（TSO別）[MW],85.1,9.069,101.778,0,61,215,194,56,167.757,889.704
20250725B08,システム約定結果,（内訳）自エリアからの落札量[MW],85.1,9.069,77.778,0,35,169.403,194,56,84.308,710.658
20250725B08,追加調達結果,募集量（TSO別）[MW],-,-,-,-,-,-,-,-,-,-
20250725B08,追加調達結果,応札量合計（電源属地別）[MW],0,0,0,0,0,0,0,0,0,0
20250725B08,追加調達結果,約定量合計（電源属地別）[MW],0,0,0,0,0,0,0,0,0,0
20250725B08,追加調達結果,応札件数（電源属地別）[件],0,0,0,0,0,0,0,0,0,0
20250725B08,追加調達結果,約定件数（電源属地別）[件],0,0,0,0,0,0,0,0,0,0
20250725B08,追加調達結果,最高約定価格（電源属地別）[円/kW・30分],0,0,0,0,0,0,0,0,0,0
20250725B08,追加調達結果,最低約定価格（電源属地別）[円/kW・30分],0,0,0,0,0,0,0,0,0,0
20250725B08,追加調達結果,平均約定価格（電源属地別）[円/kW・30分],0,0,0,0,0,0,0,0,0,0
20250725B08,追加調達結果,最高約定価格（TSO別）[円/kW・30分],0,0,0,0,0,0,0,0,0,0
20250725B08,追加調達結果,最低約定価格（TSO別）[円/kW・30分],0,0,0,0,0,0,0,0,0,0
20250725B08,追加調達結果,平均約定価格（TSO別）[円/kW・30分],0,0,0,0,0,0,0,0,0,0
20250725B08,追加調達結果,約定量合計（TSO別）[MW],0,0,0,0,0,0,0,0,0,0
20250725B08,追加調達結果,（内訳）自エリアからの約定量[MW],0,0,0,0,0,0,0,0,0,0
20250725B08,合計（確報値）,募集量（TSO別）[MW],19,105,601,0,92,215,194,56,235,1517
20250725B08,合計（確報値）,応札量合計（電源属地別）[MW],85.79,57.069,77.778,26.016,70,195.403,285.03,68,84.308,949.394
20250725B08,合計（確報値）,約定量合計（電源属地別）[MW],85.1,33.069,77.778,26.016,35,195.403,285.03,68,84.308,889.704
20250725B08,合計（確報値）,応札件数（電源属地別）[件],4,5,7,3,3,6,9,3,8,48
20250725B08,合計（確報値）,約定件数（電源属地別）[件],4,3,7,3,2,6,9,3,8,45
20250725B08,合計（確報値）,最高約定価格（電源属地別）[円/kW・30分],19.5,16.47,19.51,19.51,3.63,9.53,19.51,7.8,19.51,19.51
20250725B08,合計（確報値）,最低約定価格（電源属地別）[円/kW・30分],4.02,1.36,3.2,4.2,3.63,1.99,0.83,3.74,1.36,0.83
20250725B08,合計（確報値）,平均約定価格（電源属地別）[円/kW・30分],13.22,5.5,4.09,5.4,3.63,4.81,3.11,5.69,4.76,5.07
20250725B08,合計（確報値）,最高約定価格（TSO別）[円/kW・30分],19.5,16.47,19.51,0,4.27,19.51,3.6,7.8,19.51,19.51
20250725B08,合計（確報値）,最低約定価格（TSO別）[円/kW・30分],4.02,16.47,1.36,0,3.63,1.99,0.83,3.74,0.93,0.83
20250725B08,合計（確報値）,平均約定価格（TSO別）[円/kW・30分],13.22,16.47,3.44,0,3.9,4.91,2.82,5.86,4.26,5.07
20250725B08,合計（確報値）,約定量合計（TSO別）[MW],85.1,9.069,101.778,0,61,215,194,56,167.757,889.704
20250725B08,合計（確報値）,（内訳）自エリアからの約定量[MW],85.1,9.069,77.778,0,35,169.403,194,56,84.308,710.658
20250726B01,システム約定結果,募集量（TSO別）[MW],6,63,523,0,54,211,221,46,180,1304
20250726B01,システム約定結果,応札量合計（電源属地別）[MW],88.04,45.069,42.38,0,35,70.004,235.629,94,82.419,692.541
20250726B01,システム約定結果,落札量合計（電源属地別）[MW],34,45.069,42.38,0,35,70.004,235.629,94,82.419,638.501
20250726B01,システム約定結果,応札件数（電源属地別）[件],4,4,5,0,1,4,5,5,7,35
20250726B01,システム約定結果,落札件数（電源属地別）[件],1,4,5,0,1,4,5,5,7,32
20250726B01,システム約定結果,最高落札価格（電源属地別）[円/kW・30分],2.05,16.47,19.51,0,1.38,6.38,2.22,5.66,19.51,19.51
20250726B01,システム約定結果,最低落札価格（電源属地別）[円/kW・30分],2.05,2.09,2.2,0,1.38,0.36,0.36,0.36,0.36,0.36
20250726B01,システム約定結果,平均落札価格（電源属地別）[円/kW・30分],2.05,5.79,4.47,0,1.38,0.58,1.86,3.28,2.14,2.4
20250726B01,システム約定結果,最高落札価格（TSO別）[円/kW・30分],2.05,16.47,19.51,0,1.38,6.38,2.22,5.66,19.51,19.51
20250726B01,システム約定結果,最低落札価格（TSO別）[円/kW・30分],2.05,2.09,2.2,0,1.38,0.36,0.36,0.36,0.36,0.36
20250726B01,システム約定結果,平均落札価格（TSO別）[円/kW・30分],2.05,5.79,4.47,0,1.38,2.43,1.85,1.33,2.13,2.4
20250726B01,システム約定結果,落札量合計（TSO別）[MW],34,45.069,42.38,0,35,118.004,221,46,97.048,638.501
20250726B01,システム約定結果,（内訳）自エリアからの落札量[MW],34,45.069,42.38,0,35,70.004,221,46,82.419,575.872
20250726B01,追加調達結果,募集量（TSO別）[MW],-,-,-,-,-,-,-,-,-,-
20250726B01,追加調達結果,応札量合計（電源属地別）[MW],0,0,0,0,0,0,0,0,0,0
20250726B01,追加調達結果,約定量合計（電源属地別）[MW],0,0,0,0,0,0,0,0,0,0
20250726B01,追加調達結果,応札件数（電源属地別）[件],0,0,0,0,0,0,0,0,0,0
20250726B01,追加調達結果,約定件数（電源属地別）[件],0,0,0,0,0,0,0,0,0,0
20250726B01,追加調達結果,最高約定価格（電源属地別）[円/kW・30分],0,0,0,0,0,0,0,0,0,0
20250726B01,追加調達結果,最低約定価格（電源属地別）[円/kW・30分],0,0,0,0,0,0,0,0,0,0
20250726B01,追加調達結果,平均約定価格（電源属地別）[円/kW・30分],0,0,0,0,0,0,0,0,0,0
20250726B01,追加調達結果,最高約定価格（TSO別）[円/kW・30分],0,0,0,0,0,0,0,0,0,0
20250726B01,追加調達結果,最低約定価格（TSO別）[円/kW・30分],0,0,0,0,0,0,0,0,0,0
20250726B01,追加調達結果,平均約定価格（TSO別）[円/kW・30分],0,0,0,0,0,0,0,0,0,0
20250726B01,追加調達結果,約定量合計（TSO別）[MW],0,0,0,0,0,0,0,0,0,0
20250726B01,追加調達結果,（内訳）自エリアからの約定量[MW],0,0,0,0,0,0,0,0,0,0
20250726B01,合計（確報値）,募集量（TSO別）[MW],6,63,523,0,54,211,221,46,180,1304
20250726B01,合計（確報値）,応札量合計（電源属地別）[MW],88.04,45.069,42.38,0,70,70.004,235.629,94,82.419,727.541
20250726B01,合計（確報値）,約定量合計（電源属地別）[MW],34,45.069,42.38,0,35,46.058,235.629,94,82.419,614.555
20250726B01,合計（確報値）,応札件数（電源属地別）[件],4,4,5,0,2,4,5,5,7,36
20250726B01,合計（確報値）,約定件数（電源属地別）[件],1,4,5,0,1,3,5,5,7,31
20250726B01,合計（確報値）,最高約定価格（電源属地別）[円/kW・30分],2.05,16.47,19.51,0,0.86,6.38,2.22,5.66,19.51,19.51
20250726B01,合計（確報値）,最低約定価格（電源属地別）[円/kW・30分],2.05,2.09,2.2,0,0.86,0.36,0.36,0.36,0.36,0.36
20250726B01,合計（確報値）,平均約定価格（電源属地別）[円/kW・30分],2.05,5.79,4.47,0,0.86,0.69,1.86,3.28,2.14,2.45
20250726B01,合計（確報値）,最高約定価格（TSO別）[円/kW・30分],2.05,16.47,19.51,0,0.86,6.38,2.22,5.66,19.51,19.51
20250726B01,合計（確報値）,最低約定価格（TSO別）[円/kW・30分],2.05,2.09,2.2,0,0.86,0.36,0.36,0.36,0.36,0.36
20250726B01,合計（確報値）,平均約定価格（TSO別）[円/kW・30分],2.05,5.79,4.47,0,0.86,2.96,1.85,1.33,2.13,2.45
20250726B01,合計（確報値）,約定量合計（TSO別）[MW],34,45.069,42.38,0,35,94.058,221,46,97.048,614.555
20250726B01,合計（確報値）,（内訳）自エリアからの約定量[MW],34,45.069,42.38,0,35,46.058,221,46,82.419,551.926
20250726B02,システム約定結果,募集量（TSO別）[MW],0,83,471,0,68,210,219,47,206,1304
20250726B02,システム約定結果,応札量合計（電源属地別）[MW],58.44,45.069,54.01,23,35,116.761,237.429,99,82.419,751.128
20250726B02,システム約定結果,落札量合計（電源属地別）[MW],34,45.069,54.01,23,35,116.761,237.429,99,82.419,726.688
20250726B02,システム約定結果,応札件数（電源属地別）[件],4,4,5,2,1,5,6,5,7,39
20250726B02,システム約定結果,落札件数（電源属地別）[件],1,4,5,2,1,5,6,5,7,36
20250726B02,システム約定結果,最高落札価格（電源属地別）[円/kW・30分],1.67,16.47,19.51,1.81,1.09,9.53,19.51,5.67,19.51,19.51
20250726B02,システム約定結果,最低落札価格（電源属地別）[円/kW・30分],1.67,2.25,1.44,1.72,1.09,0.36,0.36,0.37,0.36,0.36
20250726B02,システム約定結果,平均落札価格（電源属地別）[円/kW・30分],1.67,5.94,3.03,1.76,1.09,4.18,1.65,3.14,2.09,2.65
20250726B02,システム約定結果,最高落札価格（TSO別）[円/kW・30分],1.67,16.47,19.51,0,1.09,19.51,1.8,4.33,19.51,19.51
20250726B02,システム約定結果,最低落札価格（TSO別）[円/kW・30分],1.67,2.25,1.44,0,1.09,0.36,0.36,0.37,0.36,0.36
20250726B02,システム約定結果,平均落札価格（TSO別）[円/kW・30分],1.67,5.94,3.03,0,1.09,3.78,1.49,2.33,2.09,2.65
20250726B02,システム約定結果,落札量合計（TSO別）[MW],34,45.069,54.01,0,35,210,219,47,82.609,726.688
20250726B02,システム約定結果,（内訳）自エリアからの落札量[MW],34,45.069,54.01,0,35,116.761,219,47,82.419,633.259
20250726B02,追加調達結果,募集量（TSO別）[MW],-,-,-,-,-,-,-,-,-,-
20250726B02,追加調達結果,応札量合計（電源属地別）[MW],0,0,0,0,0,0,0,0,0,0
20250726B02,追加調達結果,約定量合計（電源属地別）[MW],0,0,0,0,0,0,0,0,0,0
20250726B02,追加調達結果,応札件数（電源属地別）[件],0,0,0,0,0,0,0,0,0,0
20250726B02,追加調達結果,約定件数（電源属地別）[件],0,0,0,0,0,0,0,0,0,0
20250726B02,追加調達結果,最高約定価格（電源属地別）[円/kW・30分],0,0,0,0,0,0,0,0,0,0
20250726B02,追加調達結果,最低約定価格（電源属地別）[円/kW・30分],0,0,0,0,0,0,0,0,0,0
20250726B02,追加調達結果,平均約定価格（電源属地別）[円/kW・30分],0,0,0,0,0,0,0,0,0,0
20250726B02,追加調達結果,最高約定価格（TSO別）[円/kW・30分],0,0,0,0,0,0,0,0,0,0
20250726B02,追加調達結果,最低約定価格（TSO別）[円/kW・30分],0,0,0,0,0,0,0,0,0,0
20250726B02,追加調達結果,平均約定価格（TSO別）[円/kW・30分],0,0,0,0,0,0,0,0,0,0
20250726B02,追加調達結果,約定量合計（TSO別）[MW],0,0,0,0,0,0,0,0,0,0
20250726B02,追加調達結果,（内訳）自エリアからの約定量[MW],0,0,0,0,0,0,0,0,0,0
20250726B02,合計（確報値）,募集量（TSO別）[MW],0,83,471,0,68,210,219,47,206,1304
20250726B02,合計（確報値）,応札量合計（電源属地別）[MW],58.44,45.069,54.01,46,70,116.761,237.429,99,82.419,809.128
20250726B02,合計（確報値）,約定量合計（電源属地別）[MW],34,45.069,54.01,23,35,92.815,237.429,99,82.419,702.742
20250726B02,合計（確報値）,応札件数（電源属地別）[件],4,4,5,4,2,5,6,5,7,42
20250726B02,合計（確報値）,約定件数（電源属地別）[件],1,4,5,2,1,4,6,5,7,35
20250726B02,合計（確報値）,最高約定価格（電源属地別）[円/kW・30分],1.67,16.47,19.51,0.36,0.5,9.53,19.51,5.67,19.51,19.51
20250726B02,合計（確報値）,最低約定価格（電源属地別）[円/kW・30分],1.67,2.25,1.44,0.36,0.5,0.36,0.36,0.37,0.36,0.36
20250726B02,合計（確報値）,平均約定価格（電源属地別）[円/kW・30分],1.67,5.94,3.03,0.36,0.5,5.17,1.65,3.14,2.09,2.66
20250726B02,合計（確報値）,最高約定価格（TSO別）[円/kW・30分],1.67,16.47,19.51,0,0.5,19.51,1.8,4.33,19.51,19.51
20250726B02,合計（確報値）,最低約定価格（TSO別）[円/kW・30分],1.67,2.25,1.44,0,0.5,0.36,0.36,0.37,0.36,0.36
20250726B02,合計（確報値）,平均約定価格（TSO別）[円/kW・30分],1.67,5.94,3.03,0,0.5,4.05,1.49,2.33,2.09,2.66
20250726B02,合計（確報値）,約定量合計（TSO別）[MW],34,45.069,54.01,0,35,186.054,219,47,82.609,702.742
20250726B02,合計（確報値）,（内訳）自エリアからの約定量[MW],34,45.069,54.01,0,35,92.815,219,47,82.419,609.313
20250726B03,システム約定結果,募集量（TSO別）[MW],0,151,571,0,70,259,197,44,240,1532
20250726B03,システム約定結果,応札量合計（電源属地別）[MW],3.75,12,81.506,188.736,19,116.761,237.429,112,15.419,786.601
20250726B03,システム約定結果,落札量合計（電源属地別）[MW],0,12,81.506,152.97,19,116.761,237.429,112,15.419,747.085
20250726B03,システム約定結果,応札件数（電源属地別）[件],1,1,6,6,1,5,6,6,5,37
20250726B03,システム約定結果,落札件数（電源属地別）[件],0,1,6,5,1,5,6,6,5,35
20250726B03,システム約定結果,最高落札価格（電源属地別）[円/kW・30分],0,5.4,19.5,2.02,0.35,9.53,19.51,9.79,19.51,19.51
20250726B03,システム約定結果,最低落札価格（電源属地別）[円/kW・30分],0,5.4,1.39,1.89,0.35,0.36,0.36,0.71,0.36,0.35
20250726B03,システム約定結果,平均落札価格（電源属地別）[円/kW・30分],0,5.4,1.9,1.96,0.35,4.21,0.84,5.23,7.02,2.56
20250726B03,システム約定結果,最高落札価格（TSO別）[円/kW・30分],0,5.4,19.5,0,9.79,9.53,0.82,9.79,19.51,19.51
20250726B03,システム約定結果,最低落札価格（TSO別）[円/kW・30分],0,5.4,1.39,0,0.35,0.36,0.36,0.71,0.36,0.35
20250726B03,システム約定結果,平均落札価格（TSO別）[円/kW・30分],0,5.4,2.1,0,4,3,0.69,4.5,3.07,2.56
20250726B03,システム約定結果,落札量合計（TSO別）[MW],0,7,86.506,0,61.731,259,197,80,55.848,747.085
20250726B03,システム約定結果,（内訳）自エリアからの落札量[MW],0,7,81.506,0,19,106.922,197,80,15.419,506.847
20250726B03,追加調達結果,募集量（TSO別）[MW],-,-,-,-,-,-,-,-,-,-
20250726B03,追加調達結果,応札量合計（電源属地別）[MW],0,0,0,0,0,0,0,0,0,0
20250726B03,追加調達結果,約定量合計（電源属地別）[MW],0,0,0,0,0,0,0,0,0,0
20250726B03,追加調達結果,応札件数（電源属地別）[件],0,0,0,0,0,0,0,0,0,0
20250726B03,追加調達結果,約定件数（電源属地別）[件],0,0,0,0,0,0,0,0,0,0
20250726B03,追加調達結果,最高約定価格（電源属地別）[円/kW・30分],0,0,0,0,0,0,0,0,0,0
20250726B03,追加調達結果,最低約定価格（電源属地別）[円/kW・30分],0,0,0,0,0,0,0,0,0,0
20250726B03,追加調達結果,平均約定価格（電源属地別）[円/kW・30分],0,0,0,0,0,0,0,0,0,0
20250726B03,追加調達結果,最高約定価格（TSO別）[円/kW・30分],0,0,0,0,0,0,0,0,0,0
20250726B03,追加調達結果,最低約定価格（TSO別）[円/kW・30分],0,0,0,0,0,0,0,0,0,0
20250726B03,追加調達結果,平均約定価格（TSO別）[円/kW・30分],0,0,0,0,0,0,0,0,0,0
20250726B03,追加調達結果,約定量合計（TSO別）[MW],0,0,0,0,0,0,0,0,0,0
20250726B03,追加調達結果,（内訳）自エリアからの約定量[MW],0,0,0,0,0,0,0,0,0,0
20250726B03,合計（確報値）,募集量（TSO別）[MW],0,151,571,0,70,259,197,44,240,1532
20250726B03,合計（確報値）,応札量合計（電源属地別）[MW],3.75,12,105.147,262.928,19,116.761,237.429,112,15.419,884.434
20250726B03,合計（確報値）,約定量合計（電源属地別）[MW],0,12,81.506,152.97,19,92.815,237.429,102,15.419,713.139
20250726B03,合計（確報値）,応札件数（電源属地別）[件],1,1,8,8,1,5,6,6,5,41
20250726B03,合計（確報値）,約定件数（電源属地別）[件],0,1,6,5,1,4,6,5,5,33
20250726B03,合計（確報値）,最高約定価格（電源属地別）[円/kW・30分],0,5.4,19.5,1.96,0.35,9.53,19.51,9.79,19.51,19.51
20250726B03,合計（確報値）,最低約定価格（電源属地別）[円/kW・30分],0,5.4,0.36,0.36,0.35,0.36,0.36,0.71,0.36,0.35
20250726B03,合計（確報値）,平均約定価格（電源属地別）[円/kW・30分],0,5.4,1.55,1.17,0.35,5.2,0.84,5.51,7.02,2.43
20250726B03,合計（確報値）,最高約定価格（TSO別）[円/kW・30分],0,5.4,19.5,0,9.79,9.53,0.82,9.79,19.51,19.51
20250726B03,合計（確報値）,最低約定価格（TSO別）[円/kW・30分],0,5.4,0.36,0,0.35,0.36,0.36,0.71,0.36,0.35
20250726B03,合計（確報値）,平均約定価格（TSO別）[円/kW・30分],0,5.4,1.78,0,4,2.75,0.69,4.81,3.07,2.43
20250726B03,合計（確報値）,約定量合計（TSO別）[MW],0,7,86.506,0,61.731,235.054,197,70,55.848,713.139
20250726B03,合計（確報値）,（内訳）自エリアからの約定量[MW],0,7,81.506,0,19,82.976,197,70,15.419,472.901
20250726B04,システム約定結果,募集量（TSO別）[MW],24,197,628,25,97,292,209,66,259,1797
20250726B04,システム約定結果,応札量合計（電源属地別）[MW],58.44,33.069,13.448,1.92,19,114.251,237.429,102,17.343,596.9
20250726B04,システム約定結果,落札量合計（電源属地別）[MW],34,33.069,13.448,1.92,19,114.251,237.429,102,17.343,572.46
20250726B04,システム約定結果,応札件数（電源属地別）[件],4,3,10,1,1,4,6,5,6,40
20250726B04,システム約定結果,落札件数（電源属地別）[件],1,3,10,1,1,4,6,5,6,37
20250726B04,システム約定結果,最高落札価格（電源属地別）[円/kW・30分],0.36,16.47,19.51,19.51,0.35,9.53,19.51,6.77,19.51,19.51
20250726B04,システム約定結果,最低落札価格（電源属地別）[円/kW・30分],0.36,6.47,9.26,19.51,0.35,0.36,0.36,1.63,0.36,0.35
20250726B04,システム約定結果,平均落札価格（電源属地別）[円/kW・30分],0.36,9.21,17.06,19.51,0.35,4.11,0.82,4.51,8.41,3.25
20250726B04,システム約定結果,最高落札価格（TSO別）[円/kW・30分],0.36,16.47,19.51,19.51,5.87,9.53,19.51,6.77,19.51,19.51
20250726B04,システム約定結果,最低落札価格（TSO別）[円/kW・30分],0.36,6.47,9.26,19.51,0.35,0.36,0.36,1.63,0.36,0.35
20250726B04,システム約定結果,平均落札価格（TSO別）[円/kW・30分],0.36,9.21,17.06,19.51,1.2,2.63,0.9,4.94,8.41,3.25
20250726B04,システム約定結果,落札量合計（TSO別）[MW],34,33.069,13.448,1.92,43,220.251,132.171,77.258,17.343,572.46
20250726B04,システム約定結果,（内訳）自エリアからの落札量[MW],34,33.069,13.448,1.92,19,114.251,132.171,77.258,17.343,442.46
20250726B04,追加調達結果,募集量（TSO別）[MW],-,-,-,-,-,-,-,-,-,-
20250726B04,追加調達結果,応札量合計（電源属地別）[MW],0,0,0,0,0,0,0,0,0,0
20250726B04,追加調達結果,約定量合計（電源属地別）[MW],0,0,0,0,0,0,0,0,0,0
20250726B04,追加調達結果,応札件数（電源属地別）[件],0,0,0,0,0,0,0,0,0,0
20250726B04,追加調達結果,約定件数（電源属地別）[件],0,0,0,0,0,0,0,0,0,0
20250726B04,追加調達結果,最高約定価格（電源属地別）[円/kW・30分],0,0,0,0,0,0,0,0,0,0
20250726B04,追加調達結果,最低約定価格（電源属地別）[円/kW・30分],0,0,0,0,0,0,0,0,0,0
20250726B04,追加調達結果,平均約定価格（電源属地別）[円/kW・30分],0,0,0,0,0,0,0,0,0,0
20250726B04,追加調達結果,最高約定価格（TSO別）[円/kW・30分],0,0,0,0,0,0,0,0,0,0
20250726B04,追加調達結果,最低約定価格（TSO別）[円/kW・30分],0,0,0,0,0,0,0,0,0,0
20250726B04,追加調達結果,平均約定価格（TSO別）[円/kW・30分],0,0,0,0,0,0,0,0,0,0
20250726B04,追加調達結果,約定量合計（TSO別）[MW],0,0,0,0,0,0,0,0,0,0
20250726B04,追加調達結果,（内訳）自エリアからの約定量[MW],0,0,0,0,0,0,0,0,0,0
20250726B04,合計（確報値）,募集量（TSO別）[MW],24,197,628,25,97,292,209,66,259,1797
20250726B04,合計（確報値）,応札量合計（電源属地別）[MW],58.44,33.069,13.448,1.92,19,114.251,237.429,102,24.343,603.9
20250726B04,合計（確報値）,約定量合計（電源属地別）[MW],34,33.069,13.448,1.92,19,90.305,237.429,102,17.343,548.514
20250726B04,合計（確報値）,応札件数（電源属地別）[件],4,3,10,1,1,4,6,5,7,41
20250726B04,合計（確報値）,約定件数（電源属地別）[件],1,3,10,1,1,3,6,5,6,36
20250726B04,合計（確報値）,最高約定価格（電源属地別）[円/kW・30分],0.36,16.47,19.51,19.51,0.35,9.53,19.51,6.77,19.51,19.51
20250726B04,合計（確報値）,最低約定価格（電源属地別）[円/kW・30分],0.36,6.47,9.26,19.51,0.35,0.36,0.36,1.63,0.36,0.35
20250726B04,合計（確報値）,平均約定価格（電源属地別）[円/kW・30分],0.36,9.21,17.06,19.51,0.35,5.11,0.82,4.51,8.41,3.38
20250726B04,合計（確報値）,最高約定価格（TSO別）[円/kW・30分],0.36,16.47,19.51,19.51,5.87,9.53,19.51,6.77,19.51,19.51
20250726B04,合計（確報値）,最低約定価格（TSO別）[円/kW・30分],0.36,6.47,9.26,19.51,0.35,0.36,0.36,1.63,0.36,0.35
20250726B04,合計（確報値）,平均約定価格（TSO別）[円/kW・30分],0.36,9.21,17.06,19.51,1.2,2.91,0.9,4.94,8.41,3.38
20250726B04,合計（確報値）,約定量合計（TSO別）[MW],34,33.069,13.448,1.92,43,196.305,132.171,77.258,17.343,548.514
20250726B04,合計（確報値）,（内訳）自エリアからの約定量[MW],34,33.069,13.448,1.92,19,90.305,132.171,77.258,17.343,418.514
20250726B05,システム約定結果,募集量（TSO別）[MW],18,191,628,17,96,252,185,77,262,1726
20250726B05,システム約定結果,応札量合計（電源属地別）[MW],39.74,33.069,10.448,1.92,44,114.251,237.429,121,17.741,619.598
20250726B05,システム約定結果,落札量合計（電源属地別）[MW],34,33.069,10.448,1.92,44,114.251,237.429,121,17.741,613.858
20250726B05,システム約定結果,応札件数（電源属地別）[件],3,3,7,1,2,4,6,6,6,38
20250726B05,システム約定結果,落札件数（電源属地別）[件],1,3,7,1,2,4,6,6,6,36
20250726B05,システム約定結果,最高落札価格（電源属地別）[円/kW・30分],0.36,16.47,19.51,19.51,0.59,9.53,19.51,5.79,19.51,19.51
20250726B05,システム約定結果,最低落札価格（電源属地別）[円/kW・30分],0.36,5.41,9.26,19.51,0.35,0.36,0.36,0.46,0.36,0.35
20250726B05,システム約定結果,平均落札価格（電源属地別）[円/kW・30分],0.36,8.44,16.37,19.51,0.49,4.11,1.09,3.19,8.66,2.91
20250726B05,システム約定結果,最高落札価格（TSO別）[円/kW・30分],0.36,16.47,19.51,19.51,5.64,9.53,19.51,5.79,19.51,19.51
20250726B05,システム約定結果,最低落札価格（TSO別）[円/kW・30分],0.36,5.41,9.26,19.51,0.35,0.36,0.36,0.46,0.36,0.35
20250726B05,システム約定結果,平均落札価格（TSO別）[円/kW・30分],0.36,8.44,16.37,19.51,0.99,3.13,1.13,2.56,8.66,2.91
20250726B05,システム約定結果,落札量合計（TSO別）[MW],34,33.069,10.448,1.92,85,215.251,124.461,91.968,17.741,613.858
20250726B05,システム約定結果,（内訳）自エリアからの落札量[MW],34,33.069,10.448,1.92,44,114.251,124.461,91.968,17.741,471.858
20250726B05,追加調達結果,募集量（TSO別）[MW],-,-,-,-,-,-,-,-,-,-
20250726B05,追加調達結果,応札量合計（電源属地別）[MW],0,0,0,0,0,0,0,0,0,0
20250726B05,追加調達結果,約定量合計（電源属地別）[MW],0,0,0,0,0,0,0,0,0,0
20250726B05,追加調達結果,応札件数（電源属地別）[件],0,0,0,0,0,0,0,0,0,0
20250726B05,追加調達結果,約定件数（電源属地別）[件],0,0,0,0,0,0,0,0,0,0
20250726B05,追加調達結果,最高約定価格（電源属地別）[円/kW・30分],0,0,0,0,0,0,0,0,0,0
20250726B05,追加調達結果,最低約定価格（電源属地別）[円/kW・30分],0,0,0,0,0,0,0,0,0,0
20250726B05,追加調達結果,平均約定価格（電源属地別）[円/kW・30分],0,0,0,0,0,0,0,0,0,0
20250726B05,追加調達結果,最高約定価格（TSO別）[円/kW・30分],0,0,0,0,0,0,0,0,0,0
20250726B05,追加調達結果,最低約定価格（TSO別）[円/kW・30分],0,0,0,0,0,0,0,0,0,0
20250726B05,追加調達結果,平均約定価格（TSO別）[円/kW・30分],0,0,0,0,0,0,0,0,0,0
20250726B05,追加調達結果,約定量合計（TSO別）[MW],0,0,0,0,0,0,0,0,0,0
20250726B05,追加調達結果,（内訳）自エリアからの約定量[MW],0,0,0,0,0,0,0,0,0,0
20250726B05,合計（確報値）,募集量（TSO別）[MW],18,191,628,17,96,252,185,77,262,1726
20250726B05,合計（確報値）,応札量合計（電源属地別）[MW],39.74,45.069,10.448,1.92,44,114.251,237.429,121,24.741,638.598
20250726B05,合計（確報値）,約定量合計（電源属地別）[MW],34,33.069,10.448,1.92,44,90.305,237.429,121,17.741,589.912
20250726B05,合計（確報値）,応札件数（電源属地別）[件],3,4,7,1,2,4,6,6,7,40
20250726B05,合計（確報値）,約定件数（電源属地別）[件],1,3,7,1,2,3,6,6,6,35
20250726B05,合計（確報値）,最高約定価格（電源属地別）[円/kW・30分],0.36,16.47,19.51,19.51,0.59,9.53,19.51,5.79,19.51,19.51
20250726B05,合計（確報値）,最低約定価格（電源属地別）[円/kW・30分],0.36,2.49,9.26,19.51,0.35,0.36,0.36,0.46,0.36,0.35
20250726B05,合計（確報値）,平均約定価格（電源属地別）[円/kW・30分],0.36,7.38,16.37,19.51,0.49,5.11,1.09,3.19,8.66,2.96
20250726B05,合計（確報値）,最高約定価格（TSO別）[円/kW・30分],0.36,16.47,19.51,19.51,5.64,9.53,19.51,5.79,19.51,19.51
20250726B05,合計（確報値）,最低約定価格（TSO別）[円/kW・30分],0.36,2.49,9.26,19.51,0.35,0.36,0.36,0.46,0.36,0.35
20250726B05,合計（確報値）,平均約定価格（TSO別）[円/kW・30分],0.36,7.38,16.37,19.51,0.99,3.48,1.13,2.56,8.66,2.96
20250726B05,合計（確報値）,約定量合計（TSO別）[MW],34,33.069,10.448,1.92,85,191.305,124.461,91.968,17.741,589.912
20250726B05,合計（確報値）,（内訳）自エリアからの約定量[MW],34,33.069,10.448,1.92,44,90.305,124.461,91.968,17.741,447.912
20250726B06,システム約定結果,募集量（TSO別）[MW],13,191,632,82,103,252,248,64,259,1844
20250726B06,システム約定結果,応札量合計（電源属地別）[MW],52.05,45.069,31.098,11.92,44,114.251,237.429,132,21.171,688.988
20250726B06,システム約定結果,落札量合計（電源属地別）[MW],52.05,45.069,31.098,11.92,44,114.251,237.429,132,21.171,688.988
20250726B06,システム約定結果,応札件数（電源属地別）[件],2,4,11,2,2,4,6,6,8,45
20250726B06,システム約定結果,落札件数（電源属地別）[件],2,4,11,2,2,4,6,6,8,45
20250726B06,システム約定結果,最高落札価格（電源属地別）[円/kW・30分],19.35,16.47,19.51,19.51,1.74,9.53,19.51,5.73,19.51,19.51
20250726B06,システム約定結果,最低落札価格（電源属地別）[円/kW・30分],4,2.01,5.89,2.64,0.71,0.36,0.42,0.42,0.45,0.36
20250726B06,システム約定結果,平均落札価格（電源属地別）[円/kW・30分],18.24,5.71,10.72,5.36,1.3,4.11,2.31,2.71,10.47,4.73
20250726B06,システム約定結果,最高落札価格（TSO別）[円/kW・30分],19.35,16.47,19.51,19.51,1.74,9.53,19.51,5.73,19.51,19.51
20250726B06,システム約定結果,最低落札価格（TSO別）[円/kW・30分],4,2.01,5.89,2.64,0.71,0.36,0.42,0.42,0.45,0.36
20250726B06,システム約定結果,平均落札価格（TSO別）[円/kW・30分],18.24,5.71,10.72,5.36,1.3,4.08,2.33,2.08,10.47,4.73
20250726B06,システム約定結果,落札量合計（TSO別）[MW],52.05,45.069,31.098,11.92,44,155.406,237.274,91,21.171,688.988
20250726B06,システム約定結果,（内訳）自エリアからの落札量[MW],52.05,45.069,31.098,11.92,44,114.251,235.274,91,21.171,645.833
20250726B06,追加調達結果,募集量（TSO別）[MW],-,-,-,-,-,-,-,-,-,-
20250726B06,追加調達結果,応札量合計（電源属地別）[MW],0,0,0,0,0,0,0,0,0,0
20250726B06,追加調達結果,約定量合計（電源属地別）[MW],0,0,0,0,0,0,0,0,0,0
20250726B06,追加調達結果,応札件数（電源属地別）[件],0,0,0,0,0,0,0,0,0,0
20250726B06,追加調達結果,約定件数（電源属地別）[件],0,0,0,0,0,0,0,0,0,0
20250726B06,追加調達結果,最高約定価格（電源属地別）[円/kW・30分],0,0,0,0,0,0,0,0,0,0
20250726B06,追加調達結果,最低約定価格（電源属地別）[円/kW・30分],0,0,0,0,0,0,0,0,0,0
20250726B06,追加調達結果,平均約定価格（電源属地別）[円/kW・30分],0,0,0,0,0,0,0,0,0,0
20250726B06,追加調達結果,最高約定価格（TSO別）[円/kW・30分],0,0,0,0,0,0,0,0,0,0
20250726B06,追加調達結果,最低約定価格（TSO別）[円/kW・30分],0,0,0,0,0,0,0,0,0,0
20250726B06,追加調達結果,平均約定価格（TSO別）[円/kW・30分],0,0,0,0,0,0,0,0,0,0
20250726B06,追加調達結果,約定量合計（TSO別）[MW],0,0,0,0,0,0,0,0,0,0
20250726B06,追加調達結果,（内訳）自エリアからの約定量[MW],0,0,0,0,0,0,0,0,0,0
20250726B06,合計（確報値）,募集量（TSO別）[MW],13,191,632,82,103,252,248,64,259,1844
20250726B06,合計（確報値）,応札量合計（電源属地別）[MW],52.05,69.069,31.098,11.92,44,114.251,237.429,132,21.171,712.988
20250726B06,合計（確報値）,約定量合計（電源属地別）[MW],52.05,45.069,31.098,11.92,44,90.305,237.429,132,21.171,665.042
20250726B06,合計（確報値）,応札件数（電源属地別）[件],2,7,11,2,2,4,6,6,8,48
20250726B06,合計（確報値）,約定件数（電源属地別）[件],2,5,11,2,2,3,6,6,8,45
20250726B06,合計（確報値）,最高約定価格（電源属地別）[円/kW・30分],19.35,16.47,19.51,19.51,1.74,9.53,19.51,5.73,19.51,19.51
20250726B06,合計（確報値）,最低約定価格（電源属地別）[円/kW・30分],4,2.01,5.89,2.64,0.71,0.36,0.42,0.42,0.45,0.36
20250726B06,合計（確報値）,平均約定価格（電源属地別）[円/kW・30分],18.24,5.19,10.72,5.36,1.3,5.11,2.31,2.71,10.47,4.85
20250726B06,合計（確報値）,最高約定価格（TSO別）[円/kW・30分],19.35,16.47,19.51,19.51,1.74,9.53,19.51,5.73,19.51,19.51
20250726B06,合計（確報値）,最低約定価格（TSO別）[円/kW・30分],4,2.01,5.89,2.64,0.71,0.36,0.42,0.42,0.45,0.36
20250726B06,合計（確報値）,平均約定価格（TSO別）[円/kW・30分],18.24,5.19,10.72,5.36,1.3,4.76,2.33,2.08,10.47,4.85
20250726B06,合計（確報値）,約定量合計（TSO別）[MW],52.05,45.069,31.098,11.92,44,131.46,237.274,91,21.171,665.042
20250726B06,合計（確報値）,（内訳）自エリアからの約定量[MW],52.05,45.069,31.098,11.92,44,90.305,235.274,91,21.171,621.887
20250726B07,システム約定結果,募集量（TSO別）[MW],12,161,629,50,102,242,244,52,242,1734
20250726B07,システム約定結果,応札量合計（電源属地別）[MW],54.04,57.069,63.128,38.065,25,116.761,262.883,102,176.419,895.365
20250726B07,システム約定結果,落札量合計（電源属地別）[MW],49.6,57.069,63.128,38.065,25,116.761,262.883,102,176.419,890.925
20250726B07,システム約定結果,応札件数（電源属地別）[件],3,5,9,4,1,5,8,5,8,48
20250726B07,システム約定結果,落札件数（電源属地別）[件],2,5,9,4,1,5,8,5,8,47
20250726B07,システム約定結果,最高落札価格（電源属地別）[円/kW・30分],19.35,16.47,19.51,19.51,3.02,9.53,19.51,5.65,19.51,19.51
20250726B07,システム約定結果,最低落札価格（電源属地別）[円/kW・30分],1.95,1.42,6.17,5.17,3.02,1.76,1.21,0.36,1.38,0.36
20250726B07,システム約定結果,平均落札価格（電源属地別）[円/kW・30分],18.89,4.17,7.6,6,3.02,5.06,3.47,3.02,3.04,4.83
20250726B07,システム約定結果,最高落札価格（TSO別）[円/kW・30分],19.35,16.47,19.51,19.51,5.38,9.53,19.51,4.33,19.51,19.51
20250726B07,システム約定結果,最低落札価格（TSO別）[円/kW・30分],1.95,1.42,6.17,5.17,0.4,0.36,1.21,0.36,1.38,0.36
20250726B07,システム約定結果,平均落札価格（TSO別）[円/kW・30分],18.89,4.17,7.6,8.6,3.68,4.71,3.22,1.95,3.04,4.83
20250726B07,システム約定結果,落札量合計（TSO別）[MW],49.6,57.069,63.128,8.148,79,226.761,185.8,45,176.419,890.925
20250726B07,システム約定結果,（内訳）自エリアからの落札量[MW],49.6,57.069,63.128,8.148,25,116.761,185.8,45,176.419,726.925
20250726B07,追加調達結果,募集量（TSO別）[MW],-,-,-,-,-,-,-,-,-,-
20250726B07,追加調達結果,応札量合計（電源属地別）[MW],0,0,0,0,0,0,0,0,0,0
20250726B07,追加調達結果,約定量合計（電源属地別）[MW],0,0,0,0,0,0,0,0,0,0
20250726B07,追加調達結果,応札件数（電源属地別）[件],0,0,0,0,0,0,0,0,0,0
20250726B07,追加調達結果,約定件数（電源属地別）[件],0,0,0,0,0,0,0,0,0,0
20250726B07,追加調達結果,最高約定価格（電源属地別）[円/kW・30分],0,0,0,0,0,0,0,0,0,0
20250726B07,追加調達結果,最低約定価格（電源属地別）[円/kW・30分],0,0,0,0,0,0,0,0,0,0
20250726B07,追加調達結果,平均約定価格（電源属地別）[円/kW・30分],0,0,0,0,0,0,0,0,0,0
20250726B07,追加調達結果,最高約定価格（TSO別）[円/kW・30分],0,0,0,0,0,0,0,0,0,0
20250726B07,追加調達結果,最低約定価格（TSO別）[円/kW・30分],0,0,0,0,0,0,0,0,0,0
20250726B07,追加調達結果,平均約定価格（TSO別）[円/kW・30分],0,0,0,0,0,0,0,0,0,0
20250726B07,追加調達結果,約定量合計（TSO別）[MW],0,0,0,0,0,0,0,0,0,0
20250726B07,追加調達結果,（内訳）自エリアからの約定量[MW],0,0,0,0,0,0,0,0,0,0
20250726B07,合計（確報値）,募集量（TSO別）[MW],12,161,629,50,102,242,244,52,242,1734
20250726B07,合計（確報値）,応札量合計（電源属地別）[MW],54.04,81.069,63.128,50.113,25,116.761,262.883,102,176.419,931.413
20250726B07,合計（確報値）,約定量合計（電源属地別）[MW],49.6,57.069,63.128,38.065,25,92.815,262.883,102,176.419,866.979
20250726B07,合計（確報値）,応札件数（電源属地別）[件],3,7,9,5,1,5,8,5,8,51
20250726B07,合計（確報値）,約定件数（電源属地別）[件],2,5,9,4,1,4,8,5,8,46
20250726B07,合計（確報値）,最高約定価格（電源属地別）[円/kW・30分],19.35,16.47,19.51,19.51,3.02,9.53,19.51,5.65,19.51,19.51
20250726B07,合計（確報値）,最低約定価格（電源属地別）[円/kW・30分],1.95,1.27,6.17,0.36,3.02,1.76,1.21,0.36,1.38,0.36
20250726B07,合計（確報値）,平均約定価格（電源属地別）[円/kW・30分],18.89,4.11,7.6,4.44,3.02,5.88,3.47,3.02,3.04,4.84
20250726B07,合計（確報値）,最高約定価格（TSO別）[円/kW・30分],19.35,16.47,19.51,19.51,5.38,9.53,19.51,4.33,19.51,19.51
20250726B07,合計（確報値）,最低約定価格（TSO別）[円/kW・30分],1.95,1.27,6.17,5.17,0.36,0.36,1.21,0.36,1.38,0.36
20250726B07,合計（確報値）,平均約定価格（TSO別）[円/kW・30分],18.89,4.11,7.6,8.6,2.93,5.05,3.22,1.95,3.04,4.84
20250726B07,合計（確報値）,約定量合計（TSO別）[MW],49.6,57.069,63.128,8.148,79,202.815,185.8,45,176.419,866.979
20250726B07,合計（確報値）,（内訳）自エリアからの約定量[MW],49.6,57.069,63.128,8.148,25,92.815,185.8,45,176.419,702.979
20250726B08,システム約定結果,募集量（TSO別）[MW],19,105,601,0,92,215,194,56,235,1517
20250726B08,システム約定結果,応札量合計（電源属地別）[MW],54.04,33.069,96.277,110.209,25,116.761,152.417,102,82.419,772.192
20250726B08,システム約定結果,落札量合計（電源属地別）[MW],53.35,33.069,96.277,110.209,25,116.761,152.417,102,82.419,771.502
20250726B08,システム約定結果,応札件数（電源属地別）[件],3,3,8,9,1,5,6,5,7,47
20250726B08,システム約定結果,落札件数（電源属地別）[件],3,3,8,9,1,5,6,5,7,47
20250726B08,システム約定結果,最高落札価格（電源属地別）[円/kW・30分],19.35,16.47,19.51,19.51,1.95,9.53,19.51,5.66,19.51,19.51
20250726B08,システム約定結果,最低落札価格（電源属地別）[円/kW・30分],3.5,3.01,2.96,2.92,1.95,0.38,0.36,0.37,0.46,0.36
20250726B08,システム約定結果,平均落札価格（電源属地別）[円/kW・30分],17.85,6.7,4.09,4.18,1.95,4.22,2.09,3.04,3.32,4.5
20250726B08,システム約定結果,最高落札価格（TSO別）[円/kW・30分],19.35,16.47,19.51,0,4.43,19.51,19.51,5.66,19.51,19.51
20250726B08,システム約定結果,最低落札価格（TSO別）[円/kW・30分],3.5,3.01,2.96,0,1.95,0.38,0.36,0.37,0.46,0.36
20250726B08,システム約定結果,平均落札価格（TSO別）[円/kW・30分],17.85,6.7,4.09,0,2.77,4.24,2.12,3.43,3.32,4.5
20250726B08,システム約定結果,落札量合計（TSO別）[MW],53.35,33.069,96.277,0,41.387,215,194,56,82.419,771.502
20250726B08,システム約定結果,（内訳）自エリアからの落札量[MW],53.35,33.069,96.277,0,25,116.761,152.417,56,82.419,615.293
20250726B08,追加調達結果,募集量（TSO別）[MW],-,-,-,-,-,-,-,-,-,-
20250726B08,追加調達結果,応札量合計（電源属地別）[MW],0,0,0,0,0,0,0,0,0,0
20250726B08,追加調達結果,約定量合計（電源属地別）[MW],0,0,0,0,0,0,0,0,0,0
20250726B08,追加調達結果,応札件数（電源属地別）[件],0,0,0,0,0,0,0,0,0,0
20250726B08,追加調達結果,約定件数（電源属地別）[件],0,0,0,0,0,0,0,0,0,0
20250726B08,追加調達結果,最高約定価格（電源属地別）[円/kW・30分],0,0,0,0,0,0,0,0,0,0
20250726B08,追加調達結果,最低約定価格（電源属地別）[円/kW・30分],0,0,0,0,0,0,0,0,0,0
20250726B08,追加調達結果,平均約定価格（電源属地別）[円/kW・30分],0,0,0,0,0,0,0,0,0,0
20250726B08,追加調達結果,最高約定価格（TSO別）[円/kW・30分],0,0,0,0,0,0,0,0,0,0
20250726B08,追加調達結果,最低約定価格（TSO別）[円/kW・30分],0,0,0,0,0,0,0,0,0,0
20250726B08,追加調達結果,平均約定価格（TSO別）[円/kW・30分],0,0,0,0,0,0,0,0,0,0
20250726B08,追加調達結果,約定量合計（TSO別）[MW],0,0,0,0,0,0,0,0,0,0
20250726B08,追加調達結果,（内訳）自エリアからの約定量[MW],0,0,0,0,0,0,0,0,0,0
20250726B08,合計（確報値）,募集量（TSO別）[MW],19,105,601,0,92,215,194,56,235,1517
20250726B08,合計（確報値）,応札量合計（電源属地別）[MW],54.04,33.069,96.277,182.353,25,116.761,152.417,102,82.419,844.336
20250726B08,合計（確報値）,約定量合計（電源属地別）[MW],53.35,33.069,96.277,110.209,25,92.815,152.417,102,82.419,747.556
20250726B08,合計（確報値）,応札件数（電源属地別）[件],3,3,8,15,1,5,6,5,7,53
20250726B08,合計（確報値）,約定件数（電源属地別）[件],3,3,8,10,1,4,6,5,7,47
20250726B08,合計（確報値）,最高約定価格（電源属地別）[円/kW・30分],19.35,16.47,19.51,19.51,1.95,9.53,19.51,5.66,19.51,19.51
20250726B08,合計（確報値）,最低約定価格（電源属地別）[円/kW・30分],3.5,3.01,2.96,0.36,1.95,0.38,0.36,0.37,0.46,0.36
20250726B08,合計（確報値）,平均約定価格（電源属地別）[円/kW・30分],17.85,6.7,4.09,1.66,1.95,5.18,2.09,3.04,3.32,4.26
20250726B08,合計（確報値）,最高約定価格（TSO別）[円/kW・30分],19.35,16.47,19.51,0,2.92,19.51,19.51,5.66,19.51,19.51
20250726B08,合計（確報値）,最低約定価格（TSO別）[円/kW・30分],3.5,3.01,2.96,0,0.36,0.36,0.36,0.37,0.46,0.36
20250726B08,合計（確報値）,平均約定価格（TSO別）[円/kW・30分],17.85,6.7,4.09,0,1.59,3.52,2.12,3.43,3.32,4.26
20250726B08,合計（確報値）,約定量合計（TSO別）[MW],53.35,33.069,96.277,0,41.387,191.054,194,56,82.419,747.556
20250726B08,合計（確報値）,（内訳）自エリアからの約定量[MW],53.35,33.069,96.277,0,25,92.815,152.417,56,82.419,591.347
20250727B01,システム約定結果,募集量（TSO別）[MW],6,63,523,0,54,211,221,46,180,1304
20250727B01,システム約定結果,応札量合計（電源属地別）[MW],88.04,45.069,5.48,81.521,35,70.004,235.629,94,82.419,737.162
20250727B01,システム約定結果,落札量合計（電源属地別）[MW],34,45.069,5.48,81.521,35,70.004,235.629,94,82.419,683.122
20250727B01,システム約定結果,応札件数（電源属地別）[件],4,4,3,5,1,4,5,5,7,38
20250727B01,システム約定結果,落札件数（電源属地別）[件],1,4,3,5,1,4,5,5,7,35
20250727B01,システム約定結果,最高落札価格（電源属地別）[円/kW・30分],1.07,16.47,19.51,19.51,0.8,6.9,1.74,5.68,19.51,19.51
20250727B01,システム約定結果,最低落札価格（電源属地別）[円/kW・30分],1.07,2.28,9.26,1.92,0.8,0.36,0.36,0.37,0.36,0.36
20250727B01,システム約定結果,平均落札価格（電源属地別）[円/kW・30分],1.07,5.97,13.52,2.54,0.8,0.59,1.46,3.31,2.14,2.18
20250727B01,システム約定結果,最高落札価格（TSO別）[円/kW・30分],1.07,16.47,19.51,0,0.8,19.51,1.74,5.68,19.51,19.51
20250727B01,システム約定結果,最低落札価格（TSO別）[円/kW・30分],1.07,2.28,9.26,0,0.8,0.36,0.36,0.37,0.36,0.36
20250727B01,システム約定結果,平均落札価格（TSO別）[円/kW・30分],1.07,5.97,13.52,0,0.8,2.23,1.44,2.51,2.08,2.18
20250727B01,システム約定結果,落札量合計（TSO別）[MW],34,45.069,5.48,0,35,199.525,221,46,97.048,683.122
20250727B01,システム約定結果,（内訳）自エリアからの落札量[MW],34,45.069,5.48,0,35,70.004,221,46,82.419,538.972
20250727B01,追加調達結果,募集量（TSO別）[MW],-,-,-,-,-,-,-,-,-,-
20250727B01,追加調達結果,応札量合計（電源属地別）[MW],0,0,0,0,0,0,0,0,0,0
20250727B01,追加調達結果,約定量合計（電源属地別）[MW],0,0,0,0,0,0,0,0,0,0
20250727B01,追加調達結果,応札件数（電源属地別）[件],0,0,0,0,0,0,0,0,0,0
20250727B01,追加調達結果,約定件数（電源属地別）[件],0,0,0,0,0,0,0,0,0,0
20250727B01,追加調達結果,最高約定価格（電源属地別）[円/kW・30分],0,0,0,0,0,0,0,0,0,0
20250727B01,追加調達結果,最低約定価格（電源属地別）[円/kW・30分],0,0,0,0,0,0,0,0,0,0
20250727B01,追加調達結果,平均約定価格（電源属地別）[円/kW・30分],0,0,0,0,0,0,0,0,0,0
20250727B01,追加調達結果,最高約定価格（TSO別）[円/kW・30分],0,0,0,0,0,0,0,0,0,0
20250727B01,追加調達結果,最低約定価格（TSO別）[円/kW・30分],0,0,0,0,0,0,0,0,0,0
20250727B01,追加調達結果,平均約定価格（TSO別）[円/kW・30分],0,0,0,0,0,0,0,0,0,0
20250727B01,追加調達結果,約定量合計（TSO別）[MW],0,0,0,0,0,0,0,0,0,0
20250727B01,追加調達結果,（内訳）自エリアからの約定量[MW],0,0,0,0,0,0,0,0,0,0
20250727B01,合計（確報値）,募集量（TSO別）[MW],6,63,523,0,54,211,221,46,180,1304
20250727B01,合計（確報値）,応札量合計（電源属地別）[MW],88.04,45.069,5.48,141.219,70,70.004,235.629,94,82.419,831.86
20250727B01,合計（確報値）,約定量合計（電源属地別）[MW],34,45.069,5.48,81.521,35,46.058,235.629,94,82.419,659.176
20250727B01,合計（確報値）,応札件数（電源属地別）[件],4,4,3,8,3,4,5,5,7,43
20250727B01,合計（確報値）,約定件数（電源属地別）[件],1,4,3,5,2,3,5,5,7,35
20250727B01,合計（確報値）,最高約定価格（電源属地別）[円/kW・30分],1.07,16.47,19.51,19.51,0.35,6.9,1.74,5.68,19.51,19.51
20250727B01,合計（確報値）,最低約定価格（電源属地別）[円/kW・30分],1.07,2.28,9.26,0.36,0.35,0.36,0.36,0.37,0.36,0.35
20250727B01,合計（確報値）,平均約定価格（電源属地別）[円/kW・30分],1.07,5.97,13.52,1.28,0.35,0.72,1.46,3.31,2.14,2.07
20250727B01,合計（確報値）,最高約定価格（TSO別）[円/kW・30分],1.07,16.47,19.51,0,0.35,19.51,1.74,5.68,19.51,19.51
20250727B01,合計（確報値）,最低約定価格（TSO別）[円/kW・30分],1.07,2.28,9.26,0,0.35,0.36,0.36,0.37,0.36,0.35
20250727B01,合計（確報値）,平均約定価格（TSO別）[円/kW・30分],1.07,5.97,13.52,0,0.35,1.9,1.44,2.51,2.08,2.07
20250727B01,合計（確報値）,約定量合計（TSO別）[MW],34,45.069,5.48,0,35,175.579,221,46,97.048,659.176
20250727B01,合計（確報値）,（内訳）自エリアからの約定量[MW],34,45.069,5.48,0,35,46.058,221,46,82.419,515.026
20250727B02,システム約定結果,募集量（TSO別）[MW],0,83,471,0,68,210,219,47,206,1304
20250727B02,システム約定結果,応札量合計（電源属地別）[MW],58.44,45.069,150.437,161.521,35,114.251,237.429,99,82.419,983.566
20250727B02,システム約定結果,落札量合計（電源属地別）[MW],34,45.069,150.437,161.521,35,114.251,237.429,99,82.419,959.126
20250727B02,システム約定結果,応札件数（電源属地別）[件],4,4,11,9,1,4,6,5,7,51
20250727B02,システム約定結果,落札件数（電源属地別）[件],1,4,11,9,1,4,6,5,7,48
20250727B02,システム約定結果,最高落札価格（電源属地別）[円/kW・30分],0.75,16.47,19.51,19.51,0.72,9.53,19.51,5.67,19.51,19.51
20250727B02,システム約定結果,最低落札価格（電源属地別）[円/kW・30分],0.75,2.28,1.21,1.5,0.72,0.36,0.36,0.37,0.36,0.36
20250727B02,システム約定結果,平均落札価格（電源属地別）[円/kW・30分],0.75,5.98,2.12,4.42,0.72,4.11,1.32,3.14,2.09,2.73
20250727B02,システム約定結果,最高落札価格（TSO別）[円/kW・30分],0.75,16.47,19.51,0,8.36,19.51,1.4,5.67,19.51,19.51
20250727B02,システム約定結果,最低落札価格（TSO別）[円/kW・30分],0.75,2.28,1.21,0,0.72,0.36,0.36,0.37,0.36,0.36
20250727B02,システム約定結果,平均落札価格（TSO別）[円/kW・30分],0.75,5.98,2.12,0,3.56,4.14,1.17,3.75,2.49,2.73
20250727B02,システム約定結果,落札量合計（TSO別）[MW],34,45.069,150.437,0,68,210,219,47,185.62,959.126
20250727B02,システム約定結果,（内訳）自エリアからの落札量[MW],34,45.069,150.437,0,35,114.251,219,47,82.419,727.176
20250727B02,追加調達結果,募集量（TSO別）[MW],-,-,-,-,-,-,-,-,-,-
20250727B02,追加調達結果,応札量合計（電源属地別）[MW],0,0,0,0,0,0,0,0,0,0
20250727B02,追加調達結果,約定量合計（電源属地別）[MW],0,0,0,0,0,0,0,0,0,0
20250727B02,追加調達結果,応札件数（電源属地別）[件],0,0,0,0,0,0,0,0,0,0
20250727B02,追加調達結果,約定件数（電源属地別）[件],0,0,0,0,0,0,0,0,0,0
20250727B02,追加調達結果,最高約定価格（電源属地別）[円/kW・30分],0,0,0,0,0,0,0,0,0,0
20250727B02,追加調達結果,最低約定価格（電源属地別）[円/kW・30分],0,0,0,0,0,0,0,0,0,0
20250727B02,追加調達結果,平均約定価格（電源属地別）[円/kW・30分],0,0,0,0,0,0,0,0,0,0
20250727B02,追加調達結果,最高約定価格（TSO別）[円/kW・30分],0,0,0,0,0,0,0,0,0,0
20250727B02,追加調達結果,最低約定価格（TSO別）[円/kW・30分],0,0,0,0,0,0,0,0,0,0
20250727B02,追加調達結果,平均約定価格（TSO別）[円/kW・30分],0,0,0,0,0,0,0,0,0,0
20250727B02,追加調達結果,約定量合計（TSO別）[MW],0,0,0,0,0,0,0,0,0,0
20250727B02,追加調達結果,（内訳）自エリアからの約定量[MW],0,0,0,0,0,0,0,0,0,0
20250727B02,合計（確報値）,募集量（TSO別）[MW],0,83,471,0,68,210,219,47,206,1304
20250727B02,合計（確報値）,応札量合計（電源属地別）[MW],58.44,45.069,150.437,298.128,70,114.251,237.429,99,82.419,1155.173
20250727B02,合計（確報値）,約定量合計（電源属地別）[MW],34,45.069,150.437,161.521,35,90.305,237.429,99,82.419,935.18
20250727B02,合計（確報値）,応札件数（電源属地別）[件],4,4,11,21,3,4,6,5,7,65
20250727B02,合計（確報値）,約定件数（電源属地別）[件],1,4,11,12,2,3,6,5,7,51
20250727B02,合計（確報値）,最高約定価格（電源属地別）[円/kW・30分],0.75,16.47,19.51,19.51,0.35,9.53,19.51,5.67,19.51,19.51
20250727B02,合計（確報値）,最低約定価格（電源属地別）[円/kW・30分],0.75,2.28,1.21,0.36,0.35,0.36,0.36,0.37,0.36,0.35
20250727B02,合計（確報値）,平均約定価格（電源属地別）[円/kW・30分],0.75,5.98,2.12,1.86,0.35,5.11,1.32,3.14,2.09,2.34
20250727B02,合計（確報値）,最高約定価格（TSO別）[円/kW・30分],0.75,16.47,19.51,0,0.36,19.51,1.4,5.67,19.51,19.51
20250727B02,合計（確報値）,最低約定価格（TSO別）[円/kW・30分],0.75,2.28,1.21,0,0.35,0.36,0.36,0.37,0.36,0.35
20250727B02,合計（確報値）,平均約定価格（TSO別）[円/kW・30分],0.75,5.98,2.12,0,0.35,3.8,1.17,3.75,2.19,2.34
20250727B02,合計（確報値）,約定量合計（TSO別）[MW],34,45.069,150.437,0,68,186.054,219,47,185.62,935.18
20250727B02,合計（確報値）,（内訳）自エリアからの約定量[MW],34,45.069,150.437,0,35,90.305,219,47,82.419,703.23
20250727B03,システム約定結果,募集量（TSO別）[MW],0,151,571,0,70,259,197,44,240,1532
20250727B03,システム約定結果,応札量合計（電源属地別）[MW],3.75,12,77.881,1.92,19,114.251,237.429,112,15.419,593.65
20250727B03,システム約定結果,落札量合計（電源属地別）[MW],0,12,77.881,1.92,19,114.251,237.429,112,15.419,589.9
20250727B03,システム約定結果,応札件数（電源属地別）[件],1,1,6,1,1,4,6,6,5,31
20250727B03,システム約定結果,落札件数（電源属地別）[件],0,1,6,1,1,4,6,6,5,30
20250727B03,システム約定結果,最高落札価格（電源属地別）[円/kW・30分],0,5.3,19.5,19.51,0.35,9.53,19.51,11.19,19.51,19.51
20250727B03,システム約定結果,最低落札価格（電源属地別）[円/kW・30分],0,5.3,0.99,19.51,0.35,0.36,0.36,0.77,0.36,0.35
20250727B03,システム約定結果,平均落札価格（電源属地別）[円/kW・30分],0,5.3,1.53,19.51,0.35,4.11,0.55,5.69,7.02,2.66
20250727B03,システム約定結果,最高落札価格（TSO別）[円/kW・30分],0,5.3,19.5,0,10.86,19.51,0.43,11.19,19.51,19.51
20250727B03,システム約定結果,最低落札価格（TSO別）[円/kW・30分],0,5.3,0.99,0,0.35,0.36,0.36,0.77,0.36,0.35
20250727B03,システム約定結果,平均落札価格（TSO別）[円/kW・30分],0,5.3,1.75,0,0.93,4.55,0.4,6.52,3.46,2.66
20250727B03,システム約定結果,落札量合計（TSO別）[MW],0,7,82.881,0,48.95,129.221,197,80,44.848,589.9
20250727B03,システム約定結果,（内訳）自エリアからの落札量[MW],0,7,77.881,0,19,114.251,197,80,15.419,510.551
20250727B03,追加調達結果,募集量（TSO別）[MW],-,-,-,-,-,-,-,-,-,-
20250727B03,追加調達結果,応札量合計（電源属地別）[MW],0,0,0,0,0,0,0,0,0,0
20250727B03,追加調達結果,約定量合計（電源属地別）[MW],0,0,0,0,0,0,0,0,0,0
20250727B03,追加調達結果,応札件数（電源属地別）[件],0,0,0,0,0,0,0,0,0,0
20250727B03,追加調達結果,約定件数（電源属地別）[件],0,0,0,0,0,0,0,0,0,0
20250727B03,追加調達結果,最高約定価格（電源属地別）[円/kW・30分],0,0,0,0,0,0,0,0,0,0
20250727B03,追加調達結果,最低約定価格（電源属地別）[円/kW・30分],0,0,0,0,0,0,0,0,0,0
20250727B03,追加調達結果,平均約定価格（電源属地別）[円/kW・30分],0,0,0,0,0,0,0,0,0,0
20250727B03,追加調達結果,最高約定価格（TSO別）[円/kW・30分],0,0,0,0,0,0,0,0,0,0
20250727B03,追加調達結果,最低約定価格（TSO別）[円/kW・30分],0,0,0,0,0,0,0,0,0,0
20250727B03,追加調達結果,平均約定価格（TSO別）[円/kW・30分],0,0,0,0,0,0,0,0,0,0
20250727B03,追加調達結果,約定量合計（TSO別）[MW],0,0,0,0,0,0,0,0,0,0
20250727B03,追加調達結果,（内訳）自エリアからの約定量[MW],0,0,0,0,0,0,0,0,0,0
20250727B03,合計（確報値）,募集量（TSO別）[MW],0,151,571,0,70,259,197,44,240,1532
20250727B03,合計（確報値）,応札量合計（電源属地別）[MW],3.75,12,77.881,1.92,19,114.251,237.429,112,15.419,593.65
20250727B03,合計（確報値）,約定量合計（電源属地別）[MW],0,12,77.881,1.92,19,90.305,237.429,112,15.419,565.954
20250727B03,合計（確報値）,応札件数（電源属地別）[件],1,1,6,1,1,4,6,6,5,31
20250727B03,合計（確報値）,約定件数（電源属地別）[件],0,1,6,1,1,3,6,6,5,29
20250727B03,合計（確報値）,最高約定価格（電源属地別）[円/kW・30分],0,5.3,19.5,19.51,0.35,9.53,19.51,11.19,19.51,19.51
20250727B03,合計（確報値）,最低約定価格（電源属地別）[円/kW・30分],0,5.3,0.99,19.51,0.35,0.36,0.36,0.77,0.36,0.35
20250727B03,合計（確報値）,平均約定価格（電源属地別）[円/kW・30分],0,5.3,1.53,19.51,0.35,5.11,0.55,5.69,7.02,2.76
20250727B03,合計（確報値）,最高約定価格（TSO別）[円/kW・30分],0,5.3,19.5,0,10.86,19.51,0.43,11.19,19.51,19.51
20250727B03,合計（確報値）,最低約定価格（TSO別）[円/kW・30分],0,5.3,0.99,0,0.35,0.36,0.36,0.77,0.36,0.35
20250727B03,合計（確報値）,平均約定価格（TSO別）[円/kW・30分],0,5.3,1.75,0,0.93,5.51,0.4,6.52,3.46,2.76
20250727B03,合計（確報値）,約定量合計（TSO別）[MW],0,7,82.881,0,48.95,105.275,197,80,44.848,565.954
20250727B03,合計（確報値）,（内訳）自エリアからの約定量[MW],0,7,77.881,0,19,90.305,197,80,15.419,486.605
20250727B04,システム約定結果,募集量（TSO別）[MW],24,197,628,25,97,292,209,66,259,1797
20250727B04,システム約定結果,応札量合計（電源属地別）[MW],58.44,33.069,13.448,1.92,19,114.251,237.429,102,17.343,596.9
20250727B04,システム約定結果,落札量合計（電源属地別）[MW],34,33.069,13.448,1.92,19,114.251,237.429,102,17.343,572.46
20250727B04,システム約定結果,応札件数（電源属地別）[件],4,3,10,1,1,4,6,5,6,40
20250727B04,システム約定結果,落札件数（電源属地別）[件],1,3,10,1,1,4,6,5,6,37
20250727B04,システム約定結果,最高落札価格（電源属地別）[円/kW・30分],0.36,16.47,19.51,19.51,0.35,9.53,19.51,11.69,19.51,19.51
20250727B04,システム約定結果,最低落札価格（電源属地別）[円/kW・30分],0.36,6.45,9.26,19.51,0.35,0.36,0.36,0.79,0.36,0.35
20250727B04,システム約定結果,平均落札価格（電源属地別）[円/kW・30分],0.36,9.2,17.06,19.51,0.35,4.11,0.51,6.13,8.41,3.41
20250727B04,システム約定結果,最高落札価格（TSO別）[円/kW・30分],0.36,16.47,19.51,19.51,11.69,9.53,19.51,11.17,19.51,19.51
20250727B04,システム約定結果,最低落札価格（TSO別）[円/kW・30分],0.36,6.45,9.26,19.51,0.35,0.36,0.36,0.79,0.36,0.35
20250727B04,システム約定結果,平均落札価格（TSO別）[円/kW・30分],0.36,9.2,17.06,19.51,3.69,2.59,0.62,5.31,8.41,3.41
20250727B04,システム約定結果,落札量合計（TSO別）[MW],34,33.069,13.448,1.92,43,220.251,132.171,77.258,17.343,572.46
20250727B04,システム約定結果,（内訳）自エリアからの落札量[MW],34,33.069,13.448,1.92,19,114.251,132.171,77.258,17.343,442.46
20250727B04,追加調達結果,募集量（TSO別）[MW],-,-,-,-,-,-,-,-,-,-
20250727B04,追加調達結果,応札量合計（電源属地別）[MW],0,0,0,0,0,0,0,0,0,0
20250727B04,追加調達結果,約定量合計（電源属地別）[MW],0,0,0,0,0,0,0,0,0,0
20250727B04,追加調達結果,応札件数（電源属地別）[件],0,0,0,0,0,0,0,0,0,0
20250727B04,追加調達結果,約定件数（電源属地別）[件],0,0,0,0,0,0,0,0,0,0
20250727B04,追加調達結果,最高約定価格（電源属地別）[円/kW・30分],0,0,0,0,0,0,0,0,0,0
20250727B04,追加調達結果,最低約定価格（電源属地別）[円/kW・30分],0,0,0,0,0,0,0,0,0,0
20250727B04,追加調達結果,平均約定価格（電源属地別）[円/kW・30分],0,0,0,0,0,0,0,0,0,0
20250727B04,追加調達結果,最高約定価格（TSO別）[円/kW・30分],0,0,0,0,0,0,0,0,0,0
20250727B04,追加調達結果,最低約定価格（TSO別）[円/kW・30分],0,0,0,0,0,0,0,0,0,0
20250727B04,追加調達結果,平均約定価格（TSO別）[円/kW・30分],0,0,0,0,0,0,0,0,0,0
20250727B04,追加調達結果,約定量合計（TSO別）[MW],0,0,0,0,0,0,0,0,0,0
20250727B04,追加調達結果,（内訳）自エリアからの約定量[MW],0,0,0,0,0,0,0,0,0,0
20250727B04,合計（確報値）,募集量（TSO別）[MW],24,197,628,25,97,292,209,66,259,1797
20250727B04,合計（確報値）,応札量合計（電源属地別）[MW],58.44,33.069,13.448,1.92,19,114.251,237.429,102,17.343,596.9
20250727B04,合計（確報値）,約定量合計（電源属地別）[MW],34,33.069,13.448,1.92,19,90.305,237.429,102,17.343,548.514
20250727B04,合計（確報値）,応札件数（電源属地別）[件],4,3,10,1,1,4,6,5,6,40
20250727B04,合計（確報値）,約定件数（電源属地別）[件],1,3,10,1,1,3,6,5,6,36
20250727B04,合計（確報値）,最高約定価格（電源属地別）[円/kW・30分],0.36,16.47,19.51,19.51,0.35,9.53,19.51,11.69,19.51,19.51
20250727B04,合計（確報値）,最低約定価格（電源属地別）[円/kW・30分],0.36,6.45,9.26,19.51,0.35,0.36,0.36,0.79,0.36,0.35
20250727B04,合計（確報値）,平均約定価格（電源属地別）[円/kW・30分],0.36,9.2,17.06,19.51,0.35,5.11,0.51,6.13,8.41,3.54
20250727B04,合計（確報値）,最高約定価格（TSO別）[円/kW・30分],0.36,16.47,19.51,19.51,11.69,9.53,19.51,11.17,19.51,19.51
20250727B04,合計（確報値）,最低約定価格（TSO別）[円/kW・30分],0.36,6.45,9.26,19.51,0.35,0.36,0.36,0.79,0.36,0.35
20250727B04,合計（確報値）,平均約定価格（TSO別）[円/kW・30分],0.36,9.2,17.06,19.51,3.69,2.86,0.62,5.31,8.41,3.54
20250727B04,合計（確報値）,約定量合計（TSO別）[MW],34,33.069,13.448,1.92,43,196.305,132.171,77.258,17.343,548.514
20250727B04,合計（確報値）,（内訳）自エリアからの約定量[MW],34,33.069,13.448,1.92,19,90.305,132.171,77.258,17.343,418.514
20250727B05,システム約定結果,募集量（TSO別）[MW],18,191,628,17,96,252,185,77,262,1726
20250727B05,システム約定結果,応札量合計（電源属地別）[MW],39.74,33.069,10.448,1.92,60,114.251,237.429,121,19.731,637.588
20250727B05,システム約定結果,落札量合計（電源属地別）[MW],34,33.069,10.448,1.92,60,114.251,237.429,121,19.731,631.848
20250727B05,システム約定結果,応札件数（電源属地別）[件],3,3,7,1,2,4,6,6,7,39
20250727B05,システム約定結果,落札件数（電源属地別）[件],1,3,7,1,2,4,6,6,7,37
20250727B05,システム約定結果,最高落札価格（電源属地別）[円/kW・30分],0.36,16.47,19.51,19.51,0.58,9.53,19.51,14.18,19.51,19.51
20250727B05,システム約定結果,最低落札価格（電源属地別）[円/kW・30分],0.36,5.84,9.26,19.51,0.39,0.36,0.36,0.88,0.36,0.36
20250727B05,システム約定結果,平均落札価格（電源属地別）[円/kW・30分],0.36,8.76,16.37,19.51,0.5,4.11,0.56,6.05,9.75,3.27
20250727B05,システム約定結果,最高落札価格（TSO別）[円/kW・30分],0.36,16.47,19.51,19.51,14.18,14.18,19.51,14.18,19.51,19.51
20250727B05,システム約定結果,最低落札価格（TSO別）[円/kW・30分],0.36,5.84,9.26,19.51,0.39,0.36,0.36,0.88,0.36,0.36
20250727B05,システム約定結果,平均落札価格（TSO別）[円/kW・30分],0.36,8.76,16.37,19.51,2.29,2.64,0.65,5.55,9.75,3.27
20250727B05,システム約定結果,落札量合計（TSO別）[MW],34,33.069,10.448,1.92,85,215.251,140.461,91.968,19.731,631.848
20250727B05,システム約定結果,（内訳）自エリアからの落札量[MW],34,33.069,10.448,1.92,60,114.251,140.461,91.968,19.731,505.848
20250727B05,追加調達結果,募集量（TSO別）[MW],-,-,-,-,-,-,-,-,-,-
20250727B05,追加調達結果,応札量合計（電源属地別）[MW],0,0,0,0,0,0,0,0,0,0
20250727B05,追加調達結果,約定量合計（電源属地別）[MW],0,0,0,0,0,0,0,0,0,0
20250727B05,追加調達結果,応札件数（電源属地別）[件],0,0,0,0,0,0,0,0,0,0
20250727B05,追加調達結果,約定件数（電源属地別）[件],0,0,0,0,0,0,0,0,0,0
20250727B05,追加調達結果,最高約定価格（電源属地別）[円/kW・30分],0,0,0,0,0,0,0,0,0,0
20250727B05,追加調達結果,最低約定価格（電源属地別）[円/kW・30分],0,0,0,0,0,0,0,0,0,0
20250727B05,追加調達結果,平均約定価格（電源属地別）[円/kW・30分],0,0,0,0,0,0,0,0,0,0
20250727B05,追加調達結果,最高約定価格（TSO別）[円/kW・30分],0,0,0,0,0,0,0,0,0,0
20250727B05,追加調達結果,最低約定価格（TSO別）[円/kW・30分],0,0,0,0,0,0,0,0,0,0
20250727B05,追加調達結果,平均約定価格（TSO別）[円/kW・30分],0,0,0,0,0,0,0,0,0,0
20250727B05,追加調達結果,約定量合計（TSO別）[MW],0,0,0,0,0,0,0,0,0,0
20250727B05,追加調達結果,（内訳）自エリアからの約定量[MW],0,0,0,0,0,0,0,0,0,0
20250727B05,合計（確報値）,募集量（TSO別）[MW],18,191,628,17,96,252,185,77,262,1726
20250727B05,合計（確報値）,応札量合計（電源属地別）[MW],39.74,33.069,10.448,1.92,95,114.251,237.429,121,26.731,679.588
20250727B05,合計（確報値）,約定量合計（電源属地別）[MW],34,33.069,10.448,1.92,60,90.305,237.429,121,19.731,607.902
20250727B05,合計（確報値）,応札件数（電源属地別）[件],3,3,7,1,4,4,6,6,8,42
20250727B05,合計（確報値）,約定件数（電源属地別）[件],1,3,7,1,3,3,6,6,7,37
20250727B05,合計（確報値）,最高約定価格（電源属地別）[円/kW・30分],0.36,16.47,19.51,19.51,0.39,9.53,19.51,14.18,19.51,19.51
20250727B05,合計（確報値）,最低約定価格（電源属地別）[円/kW・30分],0.36,5.84,9.26,19.51,0.35,0.36,0.36,0.88,0.36,0.35
20250727B05,合計（確報値）,平均約定価格（電源属地別）[円/kW・30分],0.36,8.76,16.37,19.51,0.37,5.11,0.56,6.05,9.75,3.37
20250727B05,合計（確報値）,最高約定価格（TSO別）[円/kW・30分],0.36,16.47,19.51,19.51,14.18,14.18,19.51,14.18,19.51,19.51
20250727B05,合計（確報値）,最低約定価格（TSO別）[円/kW・30分],0.36,5.84,9.26,19.51,0.35,0.36,0.36,0.88,0.36,0.35
20250727B05,合計（確報値）,平均約定価格（TSO別）[円/kW・30分],0.36,8.76,16.37,19.51,2.19,2.93,0.65,5.55,9.75,3.37
20250727B05,合計（確報値）,約定量合計（TSO別）[MW],34,33.069,10.448,1.92,85,191.305,140.461,91.968,19.731,607.902
20250727B05,合計（確報値）,（内訳）自エリアからの約定量[MW],34,33.069,10.448,1.92,60,90.305,140.461,91.968,19.731,481.902
20250727B06,システム約定結果,募集量（TSO別）[MW],13,191,632,82,103,252,248,64,259,1844
20250727B06,システム約定結果,応札量合計（電源属地別）[MW],86.05,45.069,49.597,1.92,35,116.761,237.429,132,21.171,724.997
20250727B06,システム約定結果,落札量合計（電源属地別）[MW],34,45.069,49.597,1.92,35,116.761,237.429,132,21.171,672.947
20250727B06,システム約定結果,応札件数（電源属地別）[件],3,4,12,1,1,5,6,6,8,46
20250727B06,システム約定結果,落札件数（電源属地別）[件],1,4,12,1,1,5,6,6,8,44
20250727B06,システム約定結果,最高落札価格（電源属地別）[円/kW・30分],0.73,16.47,19.51,19.51,1.71,9.53,19.51,6.26,19.51,19.51
20250727B06,システム約定結果,最低落札価格（電源属地別）[円/kW・30分],0.73,2.19,5.52,19.51,1.71,0.36,0.36,0.48,0.45,0.36
20250727B06,システム約定結果,平均落札価格（電源属地別）[円/kW・30分],0.73,5.89,8.72,19.51,1.71,4.15,1.71,3.15,10.5,3.49
20250727B06,システム約定結果,最高落札価格（TSO別）[円/kW・30分],0.73,16.47,19.51,19.51,1.71,9.53,19.51,6.26,19.51,19.51
20250727B06,システム約定結果,最低落札価格（TSO別）[円/kW・30分],0.73,2.19,5.52,19.51,1.71,0.36,0.36,0.48,0.45,0.36
20250727B06,システム約定結果,平均落札価格（TSO別）[円/kW・30分],0.73,5.89,8.72,19.51,1.71,4.09,1.74,2.7,10.5,3.49
20250727B06,システム約定結果,落札量合計（TSO別）[MW],34,45.069,49.597,1.92,35,157.916,237.274,91,21.171,672.947
20250727B06,システム約定結果,（内訳）自エリアからの落札量[MW],34,45.069,49.597,1.92,35,116.761,235.274,91,21.171,629.792
20250727B06,追加調達結果,募集量（TSO別）[MW],-,-,-,-,-,-,-,-,-,-
20250727B06,追加調達結果,応札量合計（電源属地別）[MW],0,0,0,0,0,0,0,0,0,0
20250727B06,追加調達結果,約定量合計（電源属地別）[MW],0,0,0,0,0,0,0,0,0,0
20250727B06,追加調達結果,応札件数（電源属地別）[件],0,0,0,0,0,0,0,0,0,0
20250727B06,追加調達結果,約定件数（電源属地別）[件],0,0,0,0,0,0,0,0,0,0
20250727B06,追加調達結果,最高約定価格（電源属地別）[円/kW・30分],0,0,0,0,0,0,0,0,0,0
20250727B06,追加調達結果,最低約定価格（電源属地別）[円/kW・30分],0,0,0,0,0,0,0,0,0,0
20250727B06,追加調達結果,平均約定価格（電源属地別）[円/kW・30分],0,0,0,0,0,0,0,0,0,0
20250727B06,追加調達結果,最高約定価格（TSO別）[円/kW・30分],0,0,0,0,0,0,0,0,0,0
20250727B06,追加調達結果,最低約定価格（TSO別）[円/kW・30分],0,0,0,0,0,0,0,0,0,0
20250727B06,追加調達結果,平均約定価格（TSO別）[円/kW・30分],0,0,0,0,0,0,0,0,0,0
20250727B06,追加調達結果,約定量合計（TSO別）[MW],0,0,0,0,0,0,0,0,0,0
20250727B06,追加調達結果,（内訳）自エリアからの約定量[MW],0,0,0,0,0,0,0,0,0,0
20250727B06,合計（確報値）,募集量（TSO別）[MW],13,191,632,82,103,252,248,64,259,1844
20250727B06,合計（確報値）,応札量合計（電源属地別）[MW],86.05,45.069,49.597,1.92,70,116.761,237.429,132,21.171,759.997
20250727B06,合計（確報値）,約定量合計（電源属地別）[MW],34,45.069,49.597,1.92,35,90.305,237.429,132,21.171,646.491
20250727B06,合計（確報値）,応札件数（電源属地別）[件],3,4,12,1,2,5,6,6,8,47
20250727B06,合計（確報値）,約定件数（電源属地別）[件],1,4,12,1,1,3,6,6,8,42
20250727B06,合計（確報値）,最高約定価格（電源属地別）[円/kW・30分],0.73,16.47,19.51,19.51,1.14,9.53,19.51,6.26,19.51,19.51
20250727B06,合計（確報値）,最低約定価格（電源属地別）[円/kW・30分],0.73,2.19,5.52,19.51,1.14,0.36,0.36,0.48,0.45,0.36
20250727B06,合計（確報値）,平均約定価格（電源属地別）[円/kW・30分],0.73,5.89,8.72,19.51,1.14,5.12,1.71,3.15,10.5,3.57
20250727B06,合計（確報値）,最高約定価格（TSO別）[円/kW・30分],0.73,16.47,19.51,19.51,1.14,9.53,19.51,6.26,19.51,19.51
20250727B06,合計（確報値）,最低約定価格（TSO別）[円/kW・30分],0.73,2.19,5.52,19.51,1.14,0.36,0.36,0.48,0.45,0.36
20250727B06,合計（確報値）,平均約定価格（TSO別）[円/kW・30分],0.73,5.89,8.72,19.51,1.14,4.75,1.74,2.7,10.5,3.57
20250727B06,合計（確報値）,約定量合計（TSO別）[MW],34,45.069,49.597,1.92,35,131.46,237.274,91,21.171,646.491
20250727B06,合計（確報値）,（内訳）自エリアからの約定量[MW],34,45.069,49.597,1.92,35,90.305,235.274,91,21.171,603.336
20250727B07,システム約定結果,募集量（TSO別）[MW],12,161,629,50,102,242,244,52,242,1734
20250727B07,システム約定結果,応札量合計（電源属地別）[MW],54.04,57.069,63.128,38.065,35,116.761,262.883,102,176.419,905.365
20250727B07,システム約定結果,落札量合計（電源属地別）[MW],49.6,57.069,63.128,38.065,35,116.761,262.883,102,176.419,900.925
20250727B07,システム約定結果,応札件数（電源属地別）[件],3,5,9,4,1,5,8,5,8,48
20250727B07,システム約定結果,落札件数（電源属地別）[件],2,5,9,4,1,5,8,5,8,47
20250727B07,システム約定結果,最高落札価格（電源属地別）[円/kW・30分],19.35,16.47,19.51,19.51,3.28,9.53,19.51,5.65,19.51,19.51
20250727B07,システム約定結果,最低落札価格（電源属地別）[円/kW・30分],1.95,1.61,5.23,5.05,3.28,2.04,1.15,0.36,1.38,0.36
20250727B07,システム約定結果,平均落札価格（電源属地別）[円/kW・30分],18.89,4.18,7.11,5.88,3.28,5.21,3.41,3.02,3.04,4.79
20250727B07,システム約定結果,最高落札価格（TSO別）[円/kW・30分],19.35,16.47,19.51,19.51,5.65,9.53,19.51,5.65,19.51,19.51
20250727B07,システム約定結果,最低落札価格（TSO別）[円/kW・30分],1.95,1.61,5.23,5.24,0.4,0.36,1.15,0.36,1.38,0.36
20250727B07,システム約定結果,平均落札価格（TSO別）[円/kW・30分],18.89,4.18,7.11,8.6,3.73,4.52,3.17,3.01,3.04,4.79
20250727B07,システム約定結果,落札量合計（TSO別）[MW],49.6,57.069,63.128,8.148,89,226.761,185.8,45,176.419,900.925
20250727B07,システム約定結果,（内訳）自エリアからの落札量[MW],49.6,57.069,63.128,8.148,35,116.761,185.8,45,176.419,736.925
20250727B07,追加調達結果,募集量（TSO別）[MW],-,-,-,-,-,-,-,-,-,-
20250727B07,追加調達結果,応札量合計（電源属地別）[MW],0,0,0,0,0,0,0,0,0,0
20250727B07,追加調達結果,約定量合計（電源属地別）[MW],0,0,0,0,0,0,0,0,0,0
20250727B07,追加調達結果,応札件数（電源属地別）[件],0,0,0,0,0,0,0,0,0,0
20250727B07,追加調達結果,約定件数（電源属地別）[件],0,0,0,0,0,0,0,0,0,0
20250727B07,追加調達結果,最高約定価格（電源属地別）[円/kW・30分],0,0,0,0,0,0,0,0,0,0
20250727B07,追加調達結果,最低約定価格（電源属地別）[円/kW・30分],0,0,0,0,0,0,0,0,0,0
20250727B07,追加調達結果,平均約定価格（電源属地別）[円/kW・30分],0,0,0,0,0,0,0,0,0,0
20250727B07,追加調達結果,最高約定価格（TSO別）[円/kW・30分],0,0,0,0,0,0,0,0,0,0
20250727B07,追加調達結果,最低約定価格（TSO別）[円/kW・30分],0,0,0,0,0,0,0,0,0,0
20250727B07,追加調達結果,平均約定価格（TSO別）[円/kW・30分],0,0,0,0,0,0,0,0,0,0
20250727B07,追加調達結果,約定量合計（TSO別）[MW],0,0,0,0,0,0,0,0,0,0
20250727B07,追加調達結果,（内訳）自エリアからの約定量[MW],0,0,0,0,0,0,0,0,0,0
20250727B07,合計（確報値）,募集量（TSO別）[MW],12,161,629,50,102,242,244,52,242,1734
20250727B07,合計（確報値）,応札量合計（電源属地別）[MW],54.04,57.069,63.128,86.259,70,116.761,262.883,102,176.419,988.559
20250727B07,合計（確報値）,約定量合計（電源属地別）[MW],49.6,57.069,63.128,38.065,35,90.305,262.883,102,176.419,874.469
20250727B07,合計（確報値）,応札件数（電源属地別）[件],3,5,9,10,2,5,8,5,8,55
20250727B07,合計（確報値）,約定件数（電源属地別）[件],2,5,9,5,1,3,8,5,8,46
20250727B07,合計（確報値）,最高約定価格（電源属地別）[円/kW・30分],19.35,16.47,19.51,19.51,2.51,9.53,19.51,5.65,19.51,19.51
20250727B07,合計（確報値）,最低約定価格（電源属地別）[円/kW・30分],1.95,1.61,5.23,0.36,2.51,2.04,1.15,0.36,1.38,0.36
20250727B07,合計（確報値）,平均約定価格（電源属地別）[円/kW・30分],18.89,4.18,7.11,1.33,2.51,5.96,3.41,3.02,3.04,4.62
20250727B07,合計（確報値）,最高約定価格（TSO別）[円/kW・30分],19.35,16.47,19.51,19.51,5.65,9.53,19.51,5.65,19.51,19.51
20250727B07,合計（確報値）,最低約定価格（TSO別）[円/kW・30分],1.95,1.61,5.23,0.36,0.36,0.36,1.15,0.36,1.38,0.36
20250727B07,合計（確報値）,平均約定価格（TSO別）[円/kW・30分],18.89,4.18,7.11,4.87,2.14,4.63,3.17,3.01,3.04,4.62
20250727B07,合計（確報値）,約定量合計（TSO別）[MW],49.6,57.069,63.128,8.148,89,200.305,185.8,45,176.419,874.469
20250727B07,合計（確報値）,（内訳）自エリアからの約定量[MW],49.6,57.069,63.128,8.148,35,90.305,185.8,45,176.419,710.469
20250727B08,システム約定結果,募集量（TSO別）[MW],19,105,601,0,92,215,194,56,235,1517
20250727B08,システム約定結果,応札量合計（電源属地別）[MW],54.04,33.069,76.094,74.209,35,116.761,250.156,102,82.419,823.748
20250727B08,システム約定結果,落札量合計（電源属地別）[MW],53.35,33.069,76.094,74.209,35,116.761,250.156,102,82.419,823.058
20250727B08,システム約定結果,応札件数（電源属地別）[件],3,3,7,7,1,5,7,5,7,45
20250727B08,システム約定結果,落札件数（電源属地別）[件],3,3,7,7,1,5,7,5,7,45
20250727B08,システム約定結果,最高落札価格（電源属地別）[円/kW・30分],19.35,16.47,19.51,19.51,1.85,9.53,19.51,5.66,19.51,19.51
20250727B08,システム約定結果,最低落札価格（電源属地別）[円/kW・30分],3.5,3.05,3.41,3.36,1.85,0.36,0.36,0.36,0.46,0.36
20250727B08,システム約定結果,平均落札価格（電源属地別）[円/kW・30分],17.85,6.73,4.34,4.35,1.85,4.15,2.22,3.03,3.32,4.27
20250727B08,システム約定結果,最高落札価格（TSO別）[円/kW・30分],19.35,16.47,19.51,0,4.4,19.51,2.61,4.33,19.51,19.51
20250727B08,システム約定結果,最低落札価格（TSO別）[円/kW・30分],3.5,3.05,3.41,0,0.36,0.36,0.36,0.36,0.46,0.36
20250727B08,システム約定結果,平均落札価格（TSO別）[円/kW・30分],17.85,6.73,4.34,0,2.48,4.45,1.98,1.51,3.21,4.27
20250727B08,システム約定結果,落札量合計（TSO別）[MW],53.35,33.069,76.094,0,56.97,215,194,56,138.575,823.058
20250727B08,システム約定結果,（内訳）自エリアからの落札量[MW],53.35,33.069,76.094,0,35,116.761,194,56,82.419,646.693
20250727B08,追加調達結果,募集量（TSO別）[MW],-,-,-,-,-,-,-,-,-,-
20250727B08,追加調達結果,応札量合計（電源属地別）[MW],0,0,0,0,0,0,0,0,0,0
20250727B08,追加調達結果,約定量合計（電源属地別）[MW],0,0,0,0,0,0,0,0,0,0
20250727B08,追加調達結果,応札件数（電源属地別）[件],0,0,0,0,0,0,0,0,0,0
20250727B08,追加調達結果,約定件数（電源属地別）[件],0,0,0,0,0,0,0,0,0,0
20250727B08,追加調達結果,最高約定価格（電源属地別）[円/kW・30分],0,0,0,0,0,0,0,0,0,0
20250727B08,追加調達結果,最低約定価格（電源属地別）[円/kW・30分],0,0,0,0,0,0,0,0,0,0
20250727B08,追加調達結果,平均約定価格（電源属地別）[円/kW・30分],0,0,0,0,0,0,0,0,0,0
20250727B08,追加調達結果,最高約定価格（TSO別）[円/kW・30分],0,0,0,0,0,0,0,0,0,0
20250727B08,追加調達結果,最低約定価格（TSO別）[円/kW・30分],0,0,0,0,0,0,0,0,0,0
20250727B08,追加調達結果,平均約定価格（TSO別）[円/kW・30分],0,0,0,0,0,0,0,0,0,0
20250727B08,追加調達結果,約定量合計（TSO別）[MW],0,0,0,0,0,0,0,0,0,0
20250727B08,追加調達結果,（内訳）自エリアからの約定量[MW],0,0,0,0,0,0,0,0,0,0
20250727B08,合計（確報値）,募集量（TSO別）[MW],19,105,601,0,92,215,194,56,235,1517
20250727B08,合計（確報値）,応札量合計（電源属地別）[MW],54.04,33.069,76.094,122.402,70,116.761,250.156,102,82.419,906.941
20250727B08,合計（確報値）,約定量合計（電源属地別）[MW],53.35,33.069,76.094,74.209,35,90.305,250.156,102,82.419,796.602
20250727B08,合計（確報値）,応札件数（電源属地別）[件],3,3,7,12,3,5,7,5,7,52
20250727B08,合計（確報値）,約定件数（電源属地別）[件],3,3,7,8,2,3,7,5,7,45
20250727B08,合計（確報値）,最高約定価格（電源属地別）[円/kW・30分],19.35,16.47,19.51,19.51,1.55,9.53,19.51,5.66,19.51,19.51
20250727B08,合計（確報値）,最低約定価格（電源属地別）[円/kW・30分],3.5,3.05,3.41,0.36,1.55,0.36,0.36,0.36,0.46,0.36
20250727B08,合計（確報値）,平均約定価格（電源属地別）[円/kW・30分],17.85,6.73,4.34,2.16,1.55,5.11,2.22,3.03,3.32,4.17
20250727B08,合計（確報値）,最高約定価格（TSO別）[円/kW・30分],19.35,16.47,19.51,0,4.4,19.51,2.61,4.33,19.51,19.51
20250727B08,合計（確報値）,最低約定価格（TSO別）[円/kW・30分],3.5,3.05,3.41,0,0.36,0.36,0.36,0.36,0.46,0.36
20250727B08,合計（確報値）,平均約定価格（TSO別）[円/kW・30分],17.85,6.73,4.34,0,1.37,4.36,1.98,1.51,3.21,4.17
20250727B08,合計（確報値）,約定量合計（TSO別）[MW],53.35,33.069,76.094,0,56.97,188.544,194,56,138.575,796.602
20250727B08,合計（確報値）,（内訳）自エリアからの約定量[MW],53.35,33.069,76.094,0,35,90.305,194,56,82.419,620.237
20250728B01,システム約定結果,募集量（TSO別）[MW],6,63,523,0,54,211,221,46,180,1304
20250728B01,システム約定結果,応札量合計（電源属地別）[MW],88.04,45.069,5.48,216.483,35,70.004,251.496,94,84.308,889.88
20250728B01,システム約定結果,落札量合計（電源属地別）[MW],34,45.069,5.48,194.671,35,67.494,251.496,86.339,77,796.549
20250728B01,システム約定結果,応札件数（電源属地別）[件],4,4,3,10,1,4,6,5,8,45
20250728B01,システム約定結果,落札件数（電源属地別）[件],1,4,3,8,1,3,6,5,4,35
20250728B01,システム約定結果,最高落札価格（電源属地別）[円/kW・30分],1.11,16.47,19.51,2.23,1.33,0.36,1.94,5.66,1.16,19.51
20250728B01,システム約定結果,最低落札価格（電源属地別）[円/kW・30分],1.11,2.19,9.26,2.07,1.33,0.36,0.36,0.36,0.36,0.36
20250728B01,システム約定結果,平均落札価格（電源属地別）[円/kW・30分],1.11,5.62,13.52,2.14,1.33,0.36,1.49,3.05,1.01,1.97
20250728B01,システム約定結果,最高落札価格（TSO別）[円/kW・30分],1.11,16.47,19.51,0,2.21,2.23,1.94,4.33,5.66,19.51
20250728B01,システム約定結果,最低落札価格（TSO別）[円/kW・30分],1.11,2.19,9.26,0,1.33,0.36,0.36,0.36,0.36,0.36
20250728B01,システム約定結果,平均落札価格（TSO別）[円/kW・30分],1.11,5.62,13.52,0,1.64,1.56,1.47,2.35,1.95,1.97
20250728B01,システム約定結果,落札量合計（TSO別）[MW],34,45.069,5.48,0,54,211,221,46,180,796.549
20250728B01,システム約定結果,（内訳）自エリアからの落札量[MW],34,45.069,5.48,0,35,67.494,221,46,77,531.043
20250728B01,追加調達結果,募集量（TSO別）[MW],-,-,-,-,-,-,-,-,-,-
20250728B01,追加調達結果,応札量合計（電源属地別）[MW],0,0,0,0,0,0,0,0,0,0
20250728B01,追加調達結果,約定量合計（電源属地別）[MW],0,0,0,0,0,0,0,0,0,0
20250728B01,追加調達結果,応札件数（電源属地別）[件],0,0,0,0,0,0,0,0,0,0
20250728B01,追加調達結果,約定件数（電源属地別）[件],0,0,0,0,0,0,0,0,0,0
20250728B01,追加調達結果,最高約定価格（電源属地別）[円/kW・30分],0,0,0,0,0,0,0,0,0,0
20250728B01,追加調達結果,最低約定価格（電源属地別）[円/kW・30分],0,0,0,0,0,0,0,0,0,0
20250728B01,追加調達結果,平均約定価格（電源属地別）[円/kW・30分],0,0,0,0,0,0,0,0,0,0
20250728B01,追加調達結果,最高約定価格（TSO別）[円/kW・30分],0,0,0,0,0,0,0,0,0,0
20250728B01,追加調達結果,最低約定価格（TSO別）[円/kW・30分],0,0,0,0,0,0,0,0,0,0
20250728B01,追加調達結果,平均約定価格（TSO別）[円/kW・30分],0,0,0,0,0,0,0,0,0,0
20250728B01,追加調達結果,約定量合計（TSO別）[MW],0,0,0,0,0,0,0,0,0,0
20250728B01,追加調達結果,（内訳）自エリアからの約定量[MW],0,0,0,0,0,0,0,0,0,0
20250728B01,合計（確報値）,募集量（TSO別）[MW],6,63,523,0,54,211,221,46,180,1304
20250728B01,合計（確報値）,応札量合計（電源属地別）[MW],88.04,45.069,5.48,251.386,35,70.004,251.496,94,84.308,924.783
20250728B01,合計（確報値）,約定量合計（電源属地別）[MW],34,45.069,5.48,194.671,0,43.548,251.496,86.339,77,737.603
20250728B01,合計（確報値）,応札件数（電源属地別）[件],4,4,3,12,1,4,6,5,8,47
20250728B01,合計（確報値）,約定件数（電源属地別）[件],1,4,3,8,0,2,6,5,4,33
20250728B01,合計（確報値）,最高約定価格（電源属地別）[円/kW・30分],1.11,16.47,19.51,2.21,0,0.36,1.94,5.66,1.16,19.51
20250728B01,合計（確報値）,最低約定価格（電源属地別）[円/kW・30分],1.11,2.19,9.26,0.36,0,0.36,0.36,0.36,0.36,0.36
20250728B01,合計（確報値）,平均約定価格（電源属地別）[円/kW・30分],1.11,5.62,13.52,1.81,0,0.36,1.49,3.05,1.01,1.97
20250728B01,合計（確報値）,最高約定価格（TSO別）[円/kW・30分],1.11,16.47,19.51,0,2.21,2.14,1.94,4.33,5.66,19.51
20250728B01,合計（確報値）,最低約定価格（TSO別）[円/kW・30分],1.11,2.19,9.26,0,2.21,0.36,0.36,0.36,0.36,0.36
20250728B01,合計（確報値）,平均約定価格（TSO別）[円/kW・30分],1.11,5.62,13.52,0,2.21,1.57,1.47,2.35,1.76,1.97
20250728B01,合計（確報値）,約定量合計（TSO別）[MW],34,45.069,5.48,0,19,187.054,221,46,180,737.603
20250728B01,合計（確報値）,（内訳）自エリアからの約定量[MW],34,45.069,5.48,0,0,43.548,221,46,77,472.097
20250728B02,システム約定結果,募集量（TSO別）[MW],0,83,471,0,68,210,219,47,206,1304
20250728B02,システム約定結果,応札量合計（電源属地別）[MW],58.44,45.069,104.739,180.472,35,116.761,253.296,99,84.308,977.085
20250728B02,システム約定結果,落札量合計（電源属地別）[MW],34,45.069,104.739,178.552,35,114.251,251.496,99,83.701,945.808
20250728B02,システム約定結果,応札件数（電源属地別）[件],4,4,8,10,1,5,7,5,8,52
20250728B02,システム約定結果,落札件数（電源属地別）[件],1,4,8,9,1,4,6,5,8,46
20250728B02,システム約定結果,最高落札価格（電源属地別）[円/kW・30分],1.53,16.47,19.51,9.01,1.08,9.53,1.94,5.7,19.51,19.51
20250728B02,システム約定結果,最低落札価格（電源属地別）[円/kW・30分],1.53,2.16,1.3,1.74,1.08,0.36,0.36,0.59,0.36,0.36
20250728B02,システム約定結果,平均落札価格（電源属地別）[円/kW・30分],1.53,5.61,2.02,4.24,1.08,4.11,1.37,3.38,2.44,2.82
20250728B02,システム約定結果,最高落札価格（TSO別）[円/kW・30分],1.53,16.47,19.51,0,2.01,9.53,1.94,5.7,19.51,19.51
20250728B02,システム約定結果,最低落札価格（TSO別）[円/kW・30分],1.53,2.16,1.3,0,1.08,0.36,0.36,0.59,0.36,0.36
20250728B02,システム約定結果,平均落札価格（TSO別）[円/kW・30分],1.53,5.61,2.02,0,1.47,3.93,1.34,2.16,3.89,2.82
20250728B02,システム約定結果,落札量合計（TSO別）[MW],34,45.069,104.739,0,68,210,219,59,206,945.808
20250728B02,システム約定結果,（内訳）自エリアからの落札量[MW],34,45.069,104.739,0,35,114.251,219,59,83.701,694.76
20250728B02,追加調達結果,募集量（TSO別）[MW],-,-,-,-,-,-,-,-,-,-
20250728B02,追加調達結果,応札量合計（電源属地別）[MW],0,0,0,0,0,0,0,0,0,0
20250728B02,追加調達結果,約定量合計（電源属地別）[MW],0,0,0,0,0,0,0,0,0,0
20250728B02,追加調達結果,応札件数（電源属地別）[件],0,0,0,0,0,0,0,0,0,0
20250728B02,追加調達結果,約定件数（電源属地別）[件],0,0,0,0,0,0,0,0,0,0
20250728B02,追加調達結果,最高約定価格（電源属地別）[円/kW・30分],0,0,0,0,0,0,0,0,0,0
20250728B02,追加調達結果,最低約定価格（電源属地別）[円/kW・30分],0,0,0,0,0,0,0,0,0,0
20250728B02,追加調達結果,平均約定価格（電源属地別）[円/kW・30分],0,0,0,0,0,0,0,0,0,0
20250728B02,追加調達結果,最高約定価格（TSO別）[円/kW・30分],0,0,0,0,0,0,0,0,0,0
20250728B02,追加調達結果,最低約定価格（TSO別）[円/kW・30分],0,0,0,0,0,0,0,0,0,0
20250728B02,追加調達結果,平均約定価格（TSO別）[円/kW・30分],0,0,0,0,0,0,0,0,0,0
20250728B02,追加調達結果,約定量合計（TSO別）[MW],0,0,0,0,0,0,0,0,0,0
20250728B02,追加調達結果,（内訳）自エリアからの約定量[MW],0,0,0,0,0,0,0,0,0,0
20250728B02,合計（確報値）,募集量（TSO別）[MW],0,83,471,0,68,210,219,47,206,1304
20250728B02,合計（確報値）,応札量合計（電源属地別）[MW],58.44,45.069,104.739,240.17,70,116.761,253.296,99,84.308,1071.783
20250728B02,合計（確報値）,約定量合計（電源属地別）[MW],34,45.069,104.739,178.552,35,90.305,251.496,99,83.701,921.862
20250728B02,合計（確報値）,応札件数（電源属地別）[件],4,4,8,14,2,5,7,5,8,57
20250728B02,合計（確報値）,約定件数（電源属地別）[件],1,4,8,10,1,3,6,5,8,46
20250728B02,合計（確報値）,最高約定価格（電源属地別）[円/kW・30分],1.53,16.47,19.51,7.71,1.08,9.53,1.94,5.7,19.51,19.51
20250728B02,合計（確報値）,最低約定価格（電源属地別）[円/kW・30分],1.53,2.16,1.3,0.36,1.08,0.36,0.36,0.59,0.36,0.36
20250728B02,合計（確報値）,平均約定価格（電源属地別）[円/kW・30分],1.53,5.61,2.02,2.06,1.08,5.11,1.37,3.38,2.44,2.46
20250728B02,合計（確報値）,最高約定価格（TSO別）[円/kW・30分],1.53,16.47,19.51,0,2.01,9.53,1.94,5.7,19.51,19.51
20250728B02,合計（確報値）,最低約定価格（TSO別）[円/kW・30分],1.53,2.16,1.3,0,1.08,0.36,0.36,0.59,0.36,0.36
20250728B02,合計（確報値）,平均約定価格（TSO別）[円/kW・30分],1.53,5.61,2.02,0,1.47,3.22,1.34,2.16,3.06,2.46
20250728B02,合計（確報値）,約定量合計（TSO別）[MW],34,45.069,104.739,0,68,186.054,219,59,206,921.862
20250728B02,合計（確報値）,（内訳）自エリアからの約定量[MW],34,45.069,104.739,0,35,90.305,219,59,83.701,670.814
20250728B03,システム約定結果,募集量（TSO別）[MW],0,151,571,0,70,259,197,44,240,1532
20250728B03,システム約定結果,応札量合計（電源属地別）[MW],3.75,12,7.448,1.92,35,116.761,253.296,112,15.419,557.594
20250728B03,システム約定結果,落札量合計（電源属地別）[MW],0,12,7.448,1.92,35,116.761,253.296,112,15.419,553.844
20250728B03,システム約定結果,応札件数（電源属地別）[件],1,1,4,1,1,5,7,6,5,31
20250728B03,システム約定結果,落札件数（電源属地別）[件],0,1,4,1,1,5,7,6,5,30
20250728B03,システム約定結果,最高落札価格（電源属地別）[円/kW・30分],0,3.26,19.51,19.51,1.13,9.53,19.51,5.69,19.51,19.51
20250728B03,システム約定結果,最低落札価格（電源属地別）[円/kW・30分],0,3.26,9.26,19.51,1.13,0.36,0.36,0.36,0.36,0.36
20250728B03,システム約定結果,平均落札価格（電源属地別）[円/kW・30分],0,3.26,15.1,19.51,1.13,4.16,1.58,2.94,7.02,2.8
20250728B03,システム約定結果,最高落札価格（TSO別）[円/kW・30分],0,3.26,19.51,0,1.94,19.51,1.94,5.69,19.51,19.51
20250728B03,システム約定結果,最低落札価格（TSO別）[円/kW・30分],0,3.26,3.26,0,0.36,0.36,0.36,0.36,0.36,0.36
20250728B03,システム約定結果,平均落札価格（TSO別）[円/kW・30分],0,3.26,10.35,0,1.03,4.75,1.4,2.94,2.87,2.8
20250728B03,システム約定結果,落札量合計（TSO別）[MW],0,7,12.448,0,55,134.903,197,80,67.493,553.844
20250728B03,システム約定結果,（内訳）自エリアからの落札量[MW],0,7,7.448,0,35,116.761,197,80,15.419,458.628
20250728B03,追加調達結果,募集量（TSO別）[MW],-,-,-,-,-,-,-,-,-,-
20250728B03,追加調達結果,応札量合計（電源属地別）[MW],0,0,0,0,0,0,0,0,0,0
20250728B03,追加調達結果,約定量合計（電源属地別）[MW],0,0,0,0,0,0,0,0,0,0
20250728B03,追加調達結果,応札件数（電源属地別）[件],0,0,0,0,0,0,0,0,0,0
20250728B03,追加調達結果,約定件数（電源属地別）[件],0,0,0,0,0,0,0,0,0,0
20250728B03,追加調達結果,最高約定価格（電源属地別）[円/kW・30分],0,0,0,0,0,0,0,0,0,0
20250728B03,追加調達結果,最低約定価格（電源属地別）[円/kW・30分],0,0,0,0,0,0,0,0,0,0
20250728B03,追加調達結果,平均約定価格（電源属地別）[円/kW・30分],0,0,0,0,0,0,0,0,0,0
20250728B03,追加調達結果,最高約定価格（TSO別）[円/kW・30分],0,0,0,0,0,0,0,0,0,0
20250728B03,追加調達結果,最低約定価格（TSO別）[円/kW・30分],0,0,0,0,0,0,0,0,0,0
20250728B03,追加調達結果,平均約定価格（TSO別）[円/kW・30分],0,0,0,0,0,0,0,0,0,0
20250728B03,追加調達結果,約定量合計（TSO別）[MW],0,0,0,0,0,0,0,0,0,0
20250728B03,追加調達結果,（内訳）自エリアからの約定量[MW],0,0,0,0,0,0,0,0,0,0
20250728B03,合計（確報値）,募集量（TSO別）[MW],0,151,571,0,70,259,197,44,240,1532
20250728B03,合計（確報値）,応札量合計（電源属地別）[MW],3.75,12,7.448,1.92,70,116.761,253.296,112,15.419,592.594
20250728B03,合計（確報値）,約定量合計（電源属地別）[MW],0,12,7.448,1.92,35,92.815,253.296,112,15.419,529.898
20250728B03,合計（確報値）,応札件数（電源属地別）[件],1,1,4,1,3,5,7,6,5,33
20250728B03,合計（確報値）,約定件数（電源属地別）[件],0,1,4,1,2,4,7,6,5,30
20250728B03,合計（確報値）,最高約定価格（電源属地別）[円/kW・30分],0,3.26,19.51,19.51,1.13,9.53,19.51,5.69,19.51,19.51
20250728B03,合計（確報値）,最低約定価格（電源属地別）[円/kW・30分],0,3.26,9.26,19.51,1.13,0.36,0.36,0.36,0.36,0.36
20250728B03,合計（確報値）,平均約定価格（電源属地別）[円/kW・30分],0,3.26,15.1,19.51,1.13,5.14,1.58,2.94,7.02,2.92
20250728B03,合計（確報値）,最高約定価格（TSO別）[円/kW・30分],0,3.26,19.51,0,1.94,19.51,1.94,5.69,19.51,19.51
20250728B03,合計（確報値）,最低約定価格（TSO別）[円/kW・30分],0,3.26,3.26,0,0.36,0.36,0.36,0.36,0.36,0.36
20250728B03,合計（確報値）,平均約定価格（TSO別）[円/kW・30分],0,3.26,10.35,0,1.03,5.7,1.4,2.94,2.87,2.92
20250728B03,合計（確報値）,約定量合計（TSO別）[MW],0,7,12.448,0,55,110.957,197,80,67.493,529.898
20250728B03,合計（確報値）,（内訳）自エリアからの約定量[MW],0,7,7.448,0,35,92.815,197,80,15.419,434.682
20250728B04,システム約定結果,募集量（TSO別）[MW],24,197,628,25,97,292,209,66,259,1797
20250728B04,システム約定結果,応札量合計（電源属地別）[MW],58.44,29.069,8.968,12.92,60,118.611,223.317,102,29.082,642.407
20250728B04,システム約定結果,落札量合計（電源属地別）[MW],52.7,29.069,8.968,12.92,60,118.611,223.317,102,29.082,636.667
20250728B04,システム約定結果,応札件数（電源属地別）[件],4,2,8,2,2,6,5,5,9,43
20250728B04,システム約定結果,落札件数（電源属地別）[件],2,2,8,2,2,6,5,5,9,41
20250728B04,システム約定結果,最高落札価格（電源属地別）[円/kW・30分],3.18,16.47,19.5,19.51,2.71,18.56,19.51,8.86,19.51,19.51
20250728B04,システム約定結果,最低落札価格（電源属地別）[円/kW・30分],1.08,6.42,8.2,2.59,2.52,1.19,0.36,0.85,0.36,0.36
20250728B04,システム約定結果,平均落札価格（電源属地別）[円/kW・30分],2.43,9.56,18.24,5.1,2.63,4.91,2.16,5.16,9.41,4.18
20250728B04,システム約定結果,最高落札価格（TSO別）[円/kW・30分],3.18,16.47,19.5,19.51,8,18.56,19.51,8.86,19.51,19.51
20250728B04,システム約定結果,最低落札価格（TSO別）[円/kW・30分],1.08,6.42,8.2,2.59,2.52,1.19,0.36,0.85,0.36,0.36
20250728B04,システム約定結果,平均落札価格（TSO別）[円/kW・30分],2.43,9.56,18.24,5.97,3.43,3.75,2.1,4.86,9.41,4.18
20250728B04,システム約定結果,落札量合計（TSO別）[MW],52.7,29.069,8.968,9.605,82,224.611,123.374,77.258,29.082,636.667
20250728B04,システム約定結果,（内訳）自エリアからの落札量[MW],52.7,29.069,8.968,9.605,60,118.611,123.374,77.258,29.082,508.667
20250728B04,追加調達結果,募集量（TSO別）[MW],-,-,-,-,-,-,-,-,-,-
20250728B04,追加調達結果,応札量合計（電源属地別）[MW],0,0,0,0,0,0,0,0,0,0
20250728B04,追加調達結果,約定量合計（電源属地別）[MW],0,0,0,0,0,0,0,0,0,0
20250728B04,追加調達結果,応札件数（電源属地別）[件],0,0,0,0,0,0,0,0,0,0
20250728B04,追加調達結果,約定件数（電源属地別）[件],0,0,0,0,0,0,0,0,0,0
20250728B04,追加調達結果,最高約定価格（電源属地別）[円/kW・30分],0,0,0,0,0,0,0,0,0,0
20250728B04,追加調達結果,最低約定価格（電源属地別）[円/kW・30分],0,0,0,0,0,0,0,0,0,0
20250728B04,追加調達結果,平均約定価格（電源属地別）[円/kW・30分],0,0,0,0,0,0,0,0,0,0
20250728B04,追加調達結果,最高約定価格（TSO別）[円/kW・30分],0,0,0,0,0,0,0,0,0,0
20250728B04,追加調達結果,最低約定価格（TSO別）[円/kW・30分],0,0,0,0,0,0,0,0,0,0
20250728B04,追加調達結果,平均約定価格（TSO別）[円/kW・30分],0,0,0,0,0,0,0,0,0,0
20250728B04,追加調達結果,約定量合計（TSO別）[MW],0,0,0,0,0,0,0,0,0,0
20250728B04,追加調達結果,（内訳）自エリアからの約定量[MW],0,0,0,0,0,0,0,0,0,0
20250728B04,合計（確報値）,募集量（TSO別）[MW],24,197,628,25,97,292,209,66,259,1797
20250728B04,合計（確報値）,応札量合計（電源属地別）[MW],58.44,29.069,8.968,12.92,95,118.611,223.317,102,29.082,677.407
20250728B04,合計（確報値）,約定量合計（電源属地別）[MW],52.7,29.069,8.968,12.92,60,94.665,223.317,102,29.082,612.721
20250728B04,合計（確報値）,応札件数（電源属地別）[件],4,2,8,2,3,6,5,5,9,44
20250728B04,合計（確報値）,約定件数（電源属地別）[件],2,2,8,2,2,5,5,5,9,40
20250728B04,合計（確報値）,最高約定価格（電源属地別）[円/kW・30分],3.18,16.47,19.5,19.51,2.52,18.56,19.51,8.86,19.51,19.51
20250728B04,合計（確報値）,最低約定価格（電源属地別）[円/kW・30分],1.08,6.42,8.2,2.59,1.89,1.19,0.36,0.85,0.36,0.36
20250728B04,合計（確報値）,平均約定価格（電源属地別）[円/kW・30分],2.43,9.56,18.24,5.1,2.15,5.81,2.16,5.16,9.41,4.24
20250728B04,合計（確報値）,最高約定価格（TSO別）[円/kW・30分],3.18,16.47,19.5,19.51,8,18.56,19.51,8.86,19.51,19.51
20250728B04,合計（確報値）,最低約定価格（TSO別）[円/kW・30分],1.08,6.42,8.2,2.59,1.89,1.19,0.36,0.85,0.36,0.36
20250728B04,合計（確報値）,平均約定価格（TSO別）[円/kW・30分],2.43,9.56,18.24,5.97,3.08,4.04,2.1,4.86,9.41,4.24
20250728B04,合計（確報値）,約定量合計（TSO別）[MW],52.7,29.069,8.968,9.605,82,200.665,123.374,77.258,29.082,612.721
20250728B04,合計（確報値）,（内訳）自エリアからの約定量[MW],52.7,29.069,8.968,9.605,60,94.665,123.374,77.258,29.082,484.721
20250728B05,システム約定結果,募集量（TSO別）[MW],18,191,628,17,96,252,185,77,262,1726
20250728B05,システム約定結果,応札量合計（電源属地別）[MW],39.74,29.069,5.968,1.92,60,118.611,225.702,121,21.824,623.834
20250728B05,システム約定結果,落札量合計（電源属地別）[MW],34,29.069,5.968,1.92,60,118.611,225.702,121,21.824,618.094
20250728B05,システム約定結果,応札件数（電源属地別）[件],3,2,5,1,2,6,6,6,5,36
20250728B05,システム約定結果,落札件数（電源属地別）[件],1,2,5,1,2,6,6,6,5,34
20250728B05,システム約定結果,最高落札価格（電源属地別）[円/kW・30分],4.22,16.47,19.5,19.51,2.77,18.56,19.51,7.06,19.5,19.51
20250728B05,システム約定結果,最低落札価格（電源属地別）[円/kW・30分],4.22,5.7,8.2,19.51,2.58,1.44,0.58,0.73,0.36,0.36
20250728B05,システム約定結果,平均落札価格（電源属地別）[円/kW・30分],4.22,9.06,17.61,19.51,2.69,5.06,2.79,3.89,5.97,4.11
20250728B05,システム約定結果,最高落札価格（TSO別）[円/kW・30分],4.22,16.47,19.5,19.51,7.06,18.56,19.51,7.06,19.5,19.51
20250728B05,システム約定結果,最低落札価格（TSO別）[円/kW・30分],4.22,5.7,8.2,19.51,2.58,0.63,0.58,0.73,0.36,0.36
20250728B05,システム約定結果,平均落札価格（TSO別）[円/kW・30分],4.22,9.06,17.61,19.51,3.7,4.05,2.8,3.23,5.97,4.11
20250728B05,システム約定結果,落札量合計（TSO別）[MW],34,29.069,5.968,1.92,85,219.611,128.734,91.968,21.824,618.094
20250728B05,システム約定結果,（内訳）自エリアからの落札量[MW],34,29.069,5.968,1.92,60,118.611,128.734,91.968,21.824,492.094
20250728B05,追加調達結果,募集量（TSO別）[MW],-,-,-,-,-,-,-,-,-,-
20250728B05,追加調達結果,応札量合計（電源属地別）[MW],0,0,0,0,0,0,0,0,0,0
20250728B05,追加調達結果,約定量合計（電源属地別）[MW],0,0,0,0,0,0,0,0,0,0
20250728B05,追加調達結果,応札件数（電源属地別）[件],0,0,0,0,0,0,0,0,0,0
20250728B05,追加調達結果,約定件数（電源属地別）[件],0,0,0,0,0,0,0,0,0,0
20250728B05,追加調達結果,最高約定価格（電源属地別）[円/kW・30分],0,0,0,0,0,0,0,0,0,0
20250728B05,追加調達結果,最低約定価格（電源属地別）[円/kW・30分],0,0,0,0,0,0,0,0,0,0
20250728B05,追加調達結果,平均約定価格（電源属地別）[円/kW・30分],0,0,0,0,0,0,0,0,0,0
20250728B05,追加調達結果,最高約定価格（TSO別）[円/kW・30分],0,0,0,0,0,0,0,0,0,0
20250728B05,追加調達結果,最低約定価格（TSO別）[円/kW・30分],0,0,0,0,0,0,0,0,0,0
20250728B05,追加調達結果,平均約定価格（TSO別）[円/kW・30分],0,0,0,0,0,0,0,0,0,0
20250728B05,追加調達結果,約定量合計（TSO別）[MW],0,0,0,0,0,0,0,0,0,0
20250728B05,追加調達結果,（内訳）自エリアからの約定量[MW],0,0,0,0,0,0,0,0,0,0
20250728B05,合計（確報値）,募集量（TSO別）[MW],18,191,628,17,96,252,185,77,262,1726
20250728B05,合計（確報値）,応札量合計（電源属地別）[MW],39.74,29.069,5.968,1.92,95,118.611,225.702,121,21.824,658.834
20250728B05,合計（確報値）,約定量合計（電源属地別）[MW],34,29.069,5.968,1.92,60,94.665,225.702,121,21.824,594.148
20250728B05,合計（確報値）,応札件数（電源属地別）[件],3,2,5,1,4,6,6,6,5,38
20250728B05,合計（確報値）,約定件数（電源属地別）[件],1,2,5,1,3,5,6,6,5,34
20250728B05,合計（確報値）,最高約定価格（電源属地別）[円/kW・30分],4.22,16.47,19.5,19.51,2.77,18.56,19.51,7.06,19.5,19.51
20250728B05,合計（確報値）,最低約定価格（電源属地別）[円/kW・30分],4.22,5.7,8.2,19.51,2.58,1.44,0.58,0.73,0.36,0.36
20250728B05,合計（確報値）,平均約定価格（電源属地別）[円/kW・30分],4.22,9.06,17.61,19.51,2.69,5.94,2.79,3.89,5.97,4.22
20250728B05,合計（確報値）,最高約定価格（TSO別）[円/kW・30分],4.22,16.47,19.5,19.51,7.06,18.56,19.51,7.06,19.5,19.51
20250728B05,合計（確報値）,最低約定価格（TSO別）[円/kW・30分],4.22,5.7,8.2,19.51,2.58,0.63,0.58,0.73,0.36,0.36
20250728B05,合計（確報値）,平均約定価格（TSO別）[円/kW・30分],4.22,9.06,17.61,19.51,3.7,4.36,2.8,3.23,5.97,4.22
20250728B05,合計（確報値）,約定量合計（TSO別）[MW],34,29.069,5.968,1.92,85,195.665,128.734,91.968,21.824,594.148
20250728B05,合計（確報値）,（内訳）自エリアからの約定量[MW],34,29.069,5.968,1.92,60,94.665,128.734,91.968,21.824,468.148
20250728B06,システム約定結果,募集量（TSO別）[MW],13,191,632,82,103,252,248,64,259,1844
20250728B06,システム約定結果,応札量合計（電源属地別）[MW],52.05,41.069,26.467,1.92,35,118.611,220.986,121,26.567,643.67
20250728B06,システム約定結果,落札量合計（電源属地別）[MW],52.05,41.069,26.467,1.92,35,118.611,220.986,121,26.567,643.67
20250728B06,システム約定結果,応札件数（電源属地別）[件],2,3,8,1,1,6,9,5,10,45
20250728B06,システム約定結果,落札件数（電源属地別）[件],2,3,8,1,1,6,9,5,10,45
20250728B06,システム約定結果,最高落札価格（電源属地別）[円/kW・30分],19.35,16.47,19.5,19.51,5.04,18.56,19.51,5.46,19.51,19.51
20250728B06,システム約定結果,最低落札価格（電源属地別）[円/kW・30分],4,5.47,10.59,19.51,5.04,4,2.36,1.17,1.36,1.17
20250728B06,システム約定結果,平均落札価格（電源属地別）[円/kW・30分],18.24,7.93,13.27,19.51,5.04,6.65,6.8,3.13,10.11,7.43
20250728B06,システム約定結果,最高落札価格（TSO別）[円/kW・30分],19.35,16.47,19.5,19.51,5.04,18.56,19.51,5.08,19.51,19.51
20250728B06,システム約定結果,最低落札価格（TSO別）[円/kW・30分],4,5.47,10.59,19.51,5.04,1.23,2.36,1.17,1.36,1.17
20250728B06,システム約定結果,平均落札価格（TSO別）[円/kW・30分],18.24,7.93,13.27,19.51,5.04,6.16,6.8,2.31,10.11,7.43
20250728B06,システム約定結果,落札量合計（TSO別）[MW],52.05,41.069,26.467,1.92,35,159.611,220.986,80,26.567,643.67
20250728B06,システム約定結果,（内訳）自エリアからの落札量[MW],52.05,41.069,26.467,1.92,35,118.611,220.986,80,26.567,602.67
20250728B06,追加調達結果,募集量（TSO別）[MW],-,-,-,-,-,-,-,-,-,-
20250728B06,追加調達結果,応札量合計（電源属地別）[MW],0,0,0,0,0,0,0,0,0,0
20250728B06,追加調達結果,約定量合計（電源属地別）[MW],0,0,0,0,0,0,0,0,0,0
20250728B06,追加調達結果,応札件数（電源属地別）[件],0,0,0,0,0,0,0,0,0,0
20250728B06,追加調達結果,約定件数（電源属地別）[件],0,0,0,0,0,0,0,0,0,0
20250728B06,追加調達結果,最高約定価格（電源属地別）[円/kW・30分],0,0,0,0,0,0,0,0,0,0
20250728B06,追加調達結果,最低約定価格（電源属地別）[円/kW・30分],0,0,0,0,0,0,0,0,0,0
20250728B06,追加調達結果,平均約定価格（電源属地別）[円/kW・30分],0,0,0,0,0,0,0,0,0,0
20250728B06,追加調達結果,最高約定価格（TSO別）[円/kW・30分],0,0,0,0,0,0,0,0,0,0
20250728B06,追加調達結果,最低約定価格（TSO別）[円/kW・30分],0,0,0,0,0,0,0,0,0,0
20250728B06,追加調達結果,平均約定価格（TSO別）[円/kW・30分],0,0,0,0,0,0,0,0,0,0
20250728B06,追加調達結果,約定量合計（TSO別）[MW],0,0,0,0,0,0,0,0,0,0
20250728B06,追加調達結果,（内訳）自エリアからの約定量[MW],0,0,0,0,0,0,0,0,0,0
20250728B06,合計（確報値）,募集量（TSO別）[MW],13,191,632,82,103,252,248,64,259,1844
20250728B06,合計（確報値）,応札量合計（電源属地別）[MW],52.05,41.069,44.966,1.92,70,118.611,220.986,121,26.567,697.169
20250728B06,合計（確報値）,約定量合計（電源属地別）[MW],52.05,41.069,26.467,1.92,35,94.665,220.986,121,26.567,619.724
20250728B06,合計（確報値）,応札件数（電源属地別）[件],2,3,10,1,2,6,9,5,10,48
20250728B06,合計（確報値）,約定件数（電源属地別）[件],2,3,9,1,1,5,9,5,10,45
20250728B06,合計（確報値）,最高約定価格（電源属地別）[円/kW・30分],19.35,16.47,19.5,19.51,5.04,18.56,19.51,5.46,19.51,19.51
20250728B06,合計（確報値）,最低約定価格（電源属地別）[円/kW・30分],4,5.47,0.36,19.51,5.04,4,2.36,1.17,1.36,0.36
20250728B06,合計（確報値）,平均約定価格（電源属地別）[円/kW・30分],18.24,7.93,6.12,19.51,5.04,7.29,6.8,3.13,10.11,7.25
20250728B06,合計（確報値）,最高約定価格（TSO別）[円/kW・30分],19.35,16.47,19.5,19.51,5.04,18.56,19.51,5.08,19.51,19.51
20250728B06,合計（確報値）,最低約定価格（TSO別）[円/kW・30分],4,5.47,0.36,19.51,5.04,1.23,2.36,1.17,1.36,0.36
20250728B06,合計（確報値）,平均約定価格（TSO別）[円/kW・30分],18.24,7.93,6.12,19.51,5.04,6.52,6.8,2.31,10.11,7.25
20250728B06,合計（確報値）,約定量合計（TSO別）[MW],52.05,41.069,26.467,1.92,35,135.665,220.986,80,26.567,619.724
20250728B06,合計（確報値）,（内訳）自エリアからの約定量[MW],52.05,41.069,26.467,1.92,35,94.665,220.986,80,26.567,578.724
20250728B07,システム約定結果,募集量（TSO別）[MW],12,161,629,50,102,242,244,52,242,1734
20250728B07,システム約定結果,応札量合計（電源属地別）[MW],54.04,41.069,39.998,1.92,25,118.611,344.179,102,146.415,873.232
20250728B07,システム約定結果,落札量合計（電源属地別）[MW],49.6,41.069,39.998,1.92,25,118.611,344.179,102,146.415,868.792
20250728B07,システム約定結果,応札件数（電源属地別）[件],3,3,5,1,1,6,12,5,10,46
20250728B07,システム約定結果,落札件数（電源属地別）[件],2,3,5,1,1,6,12,5,10,45
20250728B07,システム約定結果,最高落札価格（電源属地別）[円/kW・30分],19.35,16.47,19.5,19.51,4.45,18.56,19.51,5.49,19.51,19.51
20250728B07,システム約定結果,最低落札価格（電源属地別）[円/kW・30分],1.95,4.43,9.37,19.51,4.45,2.58,2.9,0.36,2.45,0.36
20250728B07,システム約定結果,平均落札価格（電源属地別）[円/kW・30分],18.89,7.23,10.16,19.51,4.45,5.83,6.49,3.3,4.75,6.61
20250728B07,システム約定結果,最高落札価格（TSO別）[円/kW・30分],19.35,16.47,19.5,19.51,19.51,18.56,19.51,5.49,19.51,19.51
20250728B07,システム約定結果,最低落札価格（TSO別）[円/kW・30分],1.95,4.43,9.37,19.51,1.42,2.58,2.9,0.36,2.45,0.36
20250728B07,システム約定結果,平均落札価格（TSO別）[円/kW・30分],18.89,7.23,10.16,19.51,6.48,5.69,6.32,2.06,4.75,6.61
20250728B07,システム約定結果,落札量合計（TSO別）[MW],49.6,41.069,39.998,1.92,79,228.611,230.179,52,146.415,868.792
20250728B07,システム約定結果,（内訳）自エリアからの落札量[MW],49.6,41.069,39.998,1.92,25,118.611,230.179,52,146.415,704.792
20250728B07,追加調達結果,募集量（TSO別）[MW],-,-,-,-,-,-,-,-,-,-
20250728B07,追加調達結果,応札量合計（電源属地別）[MW],0,0,0,0,0,0,0,0,0,0
20250728B07,追加調達結果,約定量合計（電源属地別）[MW],0,0,0,0,0,0,0,0,0,0
20250728B07,追加調達結果,応札件数（電源属地別）[件],0,0,0,0,0,0,0,0,0,0
20250728B07,追加調達結果,約定件数（電源属地別）[件],0,0,0,0,0,0,0,0,0,0
20250728B07,追加調達結果,最高約定価格（電源属地別）[円/kW・30分],0,0,0,0,0,0,0,0,0,0
20250728B07,追加調達結果,最低約定価格（電源属地別）[円/kW・30分],0,0,0,0,0,0,0,0,0,0
20250728B07,追加調達結果,平均約定価格（電源属地別）[円/kW・30分],0,0,0,0,0,0,0,0,0,0
20250728B07,追加調達結果,最高約定価格（TSO別）[円/kW・30分],0,0,0,0,0,0,0,0,0,0
20250728B07,追加調達結果,最低約定価格（TSO別）[円/kW・30分],0,0,0,0,0,0,0,0,0,0
20250728B07,追加調達結果,平均約定価格（TSO別）[円/kW・30分],0,0,0,0,0,0,0,0,0,0
20250728B07,追加調達結果,約定量合計（TSO別）[MW],0,0,0,0,0,0,0,0,0,0
20250728B07,追加調達結果,（内訳）自エリアからの約定量[MW],0,0,0,0,0,0,0,0,0,0
20250728B07,合計（確報値）,募集量（TSO別）[MW],12,161,629,50,102,242,244,52,242,1734
20250728B07,合計（確報値）,応札量合計（電源属地別）[MW],54.04,41.069,39.998,1.92,25,118.611,344.179,102,205.415,932.232
20250728B07,合計（確報値）,約定量合計（電源属地別）[MW],49.6,41.069,39.998,1.92,25,94.665,344.179,102,146.415,844.846
20250728B07,合計（確報値）,応札件数（電源属地別）[件],3,3,5,1,1,6,12,5,11,47
20250728B07,合計（確報値）,約定件数（電源属地別）[件],2,3,5,1,1,5,12,5,10,44
20250728B07,合計（確報値）,最高約定価格（電源属地別）[円/kW・30分],19.35,16.47,19.5,19.51,4.45,18.56,19.51,5.49,19.51,19.51
20250728B07,合計（確報値）,最低約定価格（電源属地別）[円/kW・30分],1.95,4.43,9.37,19.51,4.45,2.58,2.9,0.36,2.45,0.36
20250728B07,合計（確報値）,平均約定価格（電源属地別）[円/kW・30分],18.89,7.23,10.16,19.51,4.45,6.62,6.49,3.3,4.75,6.73
20250728B07,合計（確報値）,最高約定価格（TSO別）[円/kW・30分],19.35,16.47,19.5,19.51,19.51,18.56,19.51,5.49,19.51,19.51
20250728B07,合計（確報値）,最低約定価格（TSO別）[円/kW・30分],1.95,4.43,9.37,19.51,1.42,2.58,2.9,0.36,2.45,0.36
20250728B07,合計（確報値）,平均約定価格（TSO別）[円/kW・30分],18.89,7.23,10.16,19.51,6.48,6.03,6.32,2.06,4.75,6.73
20250728B07,合計（確報値）,約定量合計（TSO別）[MW],49.6,41.069,39.998,1.92,79,204.665,230.179,52,146.415,844.846
20250728B07,合計（確報値）,（内訳）自エリアからの約定量[MW],49.6,41.069,39.998,1.92,25,94.665,230.179,52,146.415,680.846
20250728B08,システム約定結果,募集量（TSO別）[MW],19,105,601,0,92,215,194,56,235,1517
20250728B08,システム約定結果,応札量合計（電源属地別）[MW],54.04,20,36.1,13.968,25,116.761,285.03,102,82.419,735.318
20250728B08,システム約定結果,落札量合計（電源属地別）[MW],53.35,20,36.1,13.968,25,116.761,285.03,102,82.419,734.628
20250728B08,システム約定結果,応札件数（電源属地別）[件],3,1,2,2,1,5,9,5,7,35
20250728B08,システム約定結果,落札件数（電源属地別）[件],3,1,2,2,1,5,9,5,7,35
20250728B08,システム約定結果,最高落札価格（電源属地別）[円/kW・30分],19.35,2.43,4.1,19.51,2.16,9.53,19.51,5.39,19.51,19.51
20250728B08,システム約定結果,最低落札価格（電源属地別）[円/kW・30分],3.5,2.43,3.95,4.27,2.16,0.36,0.9,0.36,0.72,0.36
20250728B08,システム約定結果,平均落札価格（電源属地別）[円/kW・30分],17.85,2.43,4.03,6.36,2.16,4.21,3.17,3.26,3.67,4.52
20250728B08,システム約定結果,最高落札価格（TSO別）[円/kW・30分],19.35,0,4.1,0,5.39,19.51,3.66,5.39,19.51,19.51
20250728B08,システム約定結果,最低落札価格（TSO別）[円/kW・30分],3.5,0,2.43,0,1.29,0.36,0.9,0.36,0.72,0.36
20250728B08,システム約定結果,平均落札価格（TSO別）[円/kW・30分],17.85,0,3.46,0,3.11,4.35,2.82,2.95,3.63,4.52
20250728B08,システム約定結果,落札量合計（TSO別）[MW],53.35,0,56.1,0,61,181.89,194,56,132.288,734.628
20250728B08,システム約定結果,（内訳）自エリアからの落札量[MW],53.35,0,36.1,0,25,116.761,194,56,82.419,563.63
20250728B08,追加調達結果,募集量（TSO別）[MW],-,-,-,-,-,-,-,-,-,-
20250728B08,追加調達結果,応札量合計（電源属地別）[MW],0,0,0,0,0,0,0,0,0,0
20250728B08,追加調達結果,約定量合計（電源属地別）[MW],0,0,0,0,0,0,0,0,0,0
20250728B08,追加調達結果,応札件数（電源属地別）[件],0,0,0,0,0,0,0,0,0,0
20250728B08,追加調達結果,約定件数（電源属地別）[件],0,0,0,0,0,0,0,0,0,0
20250728B08,追加調達結果,最高約定価格（電源属地別）[円/kW・30分],0,0,0,0,0,0,0,0,0,0
20250728B08,追加調達結果,最低約定価格（電源属地別）[円/kW・30分],0,0,0,0,0,0,0,0,0,0
20250728B08,追加調達結果,平均約定価格（電源属地別）[円/kW・30分],0,0,0,0,0,0,0,0,0,0
20250728B08,追加調達結果,最高約定価格（TSO別）[円/kW・30分],0,0,0,0,0,0,0,0,0,0
20250728B08,追加調達結果,最低約定価格（TSO別）[円/kW・30分],0,0,0,0,0,0,0,0,0,0
20250728B08,追加調達結果,平均約定価格（TSO別）[円/kW・30分],0,0,0,0,0,0,0,0,0,0
20250728B08,追加調達結果,約定量合計（TSO別）[MW],0,0,0,0,0,0,0,0,0,0
20250728B08,追加調達結果,（内訳）自エリアからの約定量[MW],0,0,0,0,0,0,0,0,0,0
20250728B08,合計（確報値）,募集量（TSO別）[MW],19,105,601,0,92,215,194,56,235,1517
20250728B08,合計（確報値）,応札量合計（電源属地別）[MW],54.04,20,36.1,13.968,25,116.761,285.03,102,82.419,735.318
20250728B08,合計（確報値）,約定量合計（電源属地別）[MW],53.35,20,36.1,13.968,25,92.815,285.03,102,82.419,710.682
20250728B08,合計（確報値）,応札件数（電源属地別）[件],3,1,2,2,1,5,9,5,7,35
20250728B08,合計（確報値）,約定件数（電源属地別）[件],3,1,2,2,1,4,9,5,7,34
20250728B08,合計（確報値）,最高約定価格（電源属地別）[円/kW・30分],19.35,2.43,4.1,19.51,2.16,9.53,19.51,5.39,19.51,19.51
20250728B08,合計（確報値）,最低約定価格（電源属地別）[円/kW・30分],3.5,2.43,3.95,4.27,2.16,0.36,0.9,0.36,0.72,0.36
20250728B08,合計（確報値）,平均約定価格（電源属地別）[円/kW・30分],17.85,2.43,4.03,6.36,2.16,5.19,3.17,3.26,3.67,4.66
20250728B08,合計（確報値）,最高約定価格（TSO別）[円/kW・30分],19.35,0,4.1,0,5.39,19.51,3.66,5.39,19.51,19.51
20250728B08,合計（確報値）,最低約定価格（TSO別）[円/kW・30分],3.5,0,2.43,0,1.29,0.36,0.9,0.36,0.72,0.36
20250728B08,合計（確報値）,平均約定価格（TSO別）[円/kW・30分],17.85,0,3.46,0,3.11,4.95,2.82,2.95,3.63,4.66
20250728B08,合計（確報値）,約定量合計（TSO別）[MW],53.35,0,56.1,0,61,157.944,194,56,132.288,710.682
20250728B08,合計（確報値）,（内訳）自エリアからの約定量[MW],53.35,0,36.1,0,25,92.815,194,56,82.419,539.684
20250729B01,システム約定結果,募集量（TSO別）[MW],6,63,523,0,54,211,221,46,180,1304
20250729B01,システム約定結果,応札量合計（電源属地別）[MW],88.04,41.069,29.8,38.017,25,70.004,251.496,94,84.308,721.734
20250729B01,システム約定結果,落札量合計（電源属地別）[MW],34,41.069,29.8,38.017,25,70.004,251.496,94,84.308,667.694
20250729B01,システム約定結果,応札件数（電源属地別）[件],4,3,4,4,1,4,6,5,8,39
20250729B01,システム約定結果,落札件数（電源属地別）[件],1,3,4,4,1,4,6,5,8,36
20250729B01,システム約定結果,最高落札価格（電源属地別）[円/kW・30分],2.08,16.47,19.51,19.51,1.14,5.56,2.32,5.65,19.51,19.51
20250729B01,システム約定結果,最低落札価格（電源属地別）[円/kW・30分],2.08,2.47,1.95,2.78,1.14,0.36,0.36,0.36,0.36,0.36
20250729B01,システム約定結果,平均落札価格（電源属地別）[円/kW・30分],2.08,6.37,4.08,4.21,1.14,0.55,1.94,3.26,2.6,2.54
20250729B01,システム約定結果,最高落札価格（TSO別）[円/kW・30分],2.08,16.47,19.51,0,1.14,19.51,2.32,5.65,19.51,19.51
20250729B01,システム約定結果,最低落札価格（TSO別）[円/kW・30分],2.08,2.47,1.95,0,1.14,0.36,0.36,0.36,0.36,0.36
20250729B01,システム約定結果,平均落札価格（TSO別）[円/kW・30分],2.08,6.37,4.08,0,1.14,2.41,1.94,2.61,2.51,2.54
20250729B01,システム約定結果,落札量合計（TSO別）[MW],34,41.069,29.8,0,25,160.233,221,46,110.592,667.694
20250729B01,システム約定結果,（内訳）自エリアからの落札量[MW],34,41.069,29.8,0,25,70.004,221,46,84.308,551.181
20250729B01,追加調達結果,募集量（TSO別）[MW],-,-,-,-,-,-,-,-,-,-
20250729B01,追加調達結果,応札量合計（電源属地別）[MW],0,0,0,0,0,0,0,0,0,0
20250729B01,追加調達結果,約定量合計（電源属地別）[MW],0,0,0,0,0,0,0,0,0,0
20250729B01,追加調達結果,応札件数（電源属地別）[件],0,0,0,0,0,0,0,0,0,0
20250729B01,追加調達結果,約定件数（電源属地別）[件],0,0,0,0,0,0,0,0,0,0
20250729B01,追加調達結果,最高約定価格（電源属地別）[円/kW・30分],0,0,0,0,0,0,0,0,0,0
20250729B01,追加調達結果,最低約定価格（電源属地別）[円/kW・30分],0,0,0,0,0,0,0,0,0,0
20250729B01,追加調達結果,平均約定価格（電源属地別）[円/kW・30分],0,0,0,0,0,0,0,0,0,0
20250729B01,追加調達結果,最高約定価格（TSO別）[円/kW・30分],0,0,0,0,0,0,0,0,0,0
20250729B01,追加調達結果,最低約定価格（TSO別）[円/kW・30分],0,0,0,0,0,0,0,0,0,0
20250729B01,追加調達結果,平均約定価格（TSO別）[円/kW・30分],0,0,0,0,0,0,0,0,0,0
20250729B01,追加調達結果,約定量合計（TSO別）[MW],0,0,0,0,0,0,0,0,0,0
20250729B01,追加調達結果,（内訳）自エリアからの約定量[MW],0,0,0,0,0,0,0,0,0,0
20250729B01,合計（確報値）,募集量（TSO別）[MW],6,63,523,0,54,211,221,46,180,1304
20250729B01,合計（確報値）,応札量合計（電源属地別）[MW],88.04,41.069,29.8,38.017,25,70.004,251.496,94,84.308,721.734
20250729B01,合計（確報値）,約定量合計（電源属地別）[MW],34,41.069,29.8,38.017,25,46.058,251.496,94,84.308,643.748
20250729B01,合計（確報値）,応札件数（電源属地別）[件],4,3,4,4,1,4,6,5,8,39
20250729B01,合計（確報値）,約定件数（電源属地別）[件],1,3,4,4,1,3,6,5,8,35
20250729B01,合計（確報値）,最高約定価格（電源属地別）[円/kW・30分],2.08,16.47,19.51,19.51,1.14,5.56,2.32,5.65,19.51,19.51
20250729B01,合計（確報値）,最低約定価格（電源属地別）[円/kW・30分],2.08,2.47,1.95,2.78,1.14,0.36,0.36,0.36,0.36,0.36
20250729B01,合計（確報値）,平均約定価格（電源属地別）[円/kW・30分],2.08,6.37,4.08,4.21,1.14,0.64,1.94,3.26,2.6,2.62
20250729B01,合計（確報値）,最高約定価格（TSO別）[円/kW・30分],2.08,16.47,19.51,0,1.14,19.51,2.32,5.65,19.51,19.51
20250729B01,合計（確報値）,最低約定価格（TSO別）[円/kW・30分],2.08,2.47,1.95,0,1.14,0.36,0.36,0.36,0.36,0.36
20250729B01,合計（確報値）,平均約定価格（TSO別）[円/kW・30分],2.08,6.37,4.08,0,1.14,2.77,1.94,2.61,2.51,2.62
20250729B01,合計（確報値）,約定量合計（TSO別）[MW],34,41.069,29.8,0,25,136.287,221,46,110.592,643.748
20250729B01,合計（確報値）,（内訳）自エリアからの約定量[MW],34,41.069,29.8,0,25,46.058,221,46,84.308,527.235
20250729B02,システム約定結果,募集量（TSO別）[MW],0,83,471,0,68,210,219,47,206,1304
20250729B02,システム約定結果,応札量合計（電源属地別）[MW],58.44,41.069,41.629,38.065,25,116.761,253.296,99,84.308,757.568
20250729B02,システム約定結果,落札量合計（電源属地別）[MW],34,41.069,41.629,38.065,25,116.761,253.296,99,84.308,733.128
20250729B02,システム約定結果,応札件数（電源属地別）[件],4,3,5,4,1,5,7,5,8,42
20250729B02,システム約定結果,落札件数（電源属地別）[件],1,3,5,4,1,5,7,5,8,39
20250729B02,システム約定結果,最高落札価格（電源属地別）[円/kW・30分],2.19,16.47,19.51,19.51,0.91,9.53,19.51,5.7,19.51,19.51
20250729B02,システム約定結果,最低落札価格（電源属地別）[円/kW・30分],2.19,2.55,1.49,2.73,0.91,0.36,0.36,0.58,0.36,0.36
20250729B02,システム約定結果,平均落札価格（電源属地別）[円/kW・30分],2.19,6.44,3.09,4.92,0.91,4.15,1.92,3.37,2.56,3
20250729B02,システム約定結果,最高落札価格（TSO別）[円/kW・30分],2.19,16.47,19.51,0,0.91,19.51,2.13,5.7,19.51,19.51
20250729B02,システム約定結果,最低落札価格（TSO別）[円/kW・30分],2.19,2.55,1.49,0,0.91,0.36,0.36,0.58,0.36,0.36
20250729B02,システム約定結果,平均落札価格（TSO別）[円/kW・30分],2.19,6.44,3.09,0,0.91,3.98,1.76,3.89,2.67,3
20250729B02,システム約定結果,落札量合計（TSO別）[MW],34,41.069,41.629,0,25,206.826,219,47,118.604,733.128
20250729B02,システム約定結果,（内訳）自エリアからの落札量[MW],34,41.069,41.629,0,25,116.761,219,47,84.308,608.767
20250729B02,追加調達結果,募集量（TSO別）[MW],-,-,-,-,-,-,-,-,-,-
20250729B02,追加調達結果,応札量合計（電源属地別）[MW],0,0,0,0,0,0,0,0,0,0
20250729B02,追加調達結果,約定量合計（電源属地別）[MW],0,0,0,0,0,0,0,0,0,0
20250729B02,追加調達結果,応札件数（電源属地別）[件],0,0,0,0,0,0,0,0,0,0
20250729B02,追加調達結果,約定件数（電源属地別）[件],0,0,0,0,0,0,0,0,0,0
20250729B02,追加調達結果,最高約定価格（電源属地別）[円/kW・30分],0,0,0,0,0,0,0,0,0,0
20250729B02,追加調達結果,最低約定価格（電源属地別）[円/kW・30分],0,0,0,0,0,0,0,0,0,0
20250729B02,追加調達結果,平均約定価格（電源属地別）[円/kW・30分],0,0,0,0,0,0,0,0,0,0
20250729B02,追加調達結果,最高約定価格（TSO別）[円/kW・30分],0,0,0,0,0,0,0,0,0,0
20250729B02,追加調達結果,最低約定価格（TSO別）[円/kW・30分],0,0,0,0,0,0,0,0,0,0
20250729B02,追加調達結果,平均約定価格（TSO別）[円/kW・30分],0,0,0,0,0,0,0,0,0,0
20250729B02,追加調達結果,約定量合計（TSO別）[MW],0,0,0,0,0,0,0,0,0,0
20250729B02,追加調達結果,（内訳）自エリアからの約定量[MW],0,0,0,0,0,0,0,0,0,0
20250729B02,合計（確報値）,募集量（TSO別）[MW],0,83,471,0,68,210,219,47,206,1304
20250729B02,合計（確報値）,応札量合計（電源属地別）[MW],58.44,41.069,41.629,38.065,25,116.761,253.296,99,84.308,757.568
20250729B02,合計（確報値）,約定量合計（電源属地別）[MW],34,41.069,41.629,38.065,25,92.815,253.296,99,84.308,709.182
20250729B02,合計（確報値）,応札件数（電源属地別）[件],4,3,5,4,1,5,7,5,8,42
20250729B02,合計（確報値）,約定件数（電源属地別）[件],1,3,5,4,1,4,7,5,8,38
20250729B02,合計（確報値）,最高約定価格（電源属地別）[円/kW・30分],2.19,16.47,19.51,19.51,0.91,9.53,19.51,5.7,19.51,19.51
20250729B02,合計（確報値）,最低約定価格（電源属地別）[円/kW・30分],2.19,2.55,1.49,2.73,0.91,0.36,0.36,0.58,0.36,0.36
20250729B02,合計（確報値）,平均約定価格（電源属地別）[円/kW・30分],2.19,6.44,3.09,4.92,0.91,5.13,1.92,3.37,2.56,3.09
20250729B02,合計（確報値）,最高約定価格（TSO別）[円/kW・30分],2.19,16.47,19.51,0,0.91,19.51,2.13,5.7,19.51,19.51
20250729B02,合計（確報値）,最低約定価格（TSO別）[円/kW・30分],2.19,2.55,1.49,0,0.91,0.36,0.36,0.58,0.36,0.36
20250729B02,合計（確報値）,平均約定価格（TSO別）[円/kW・30分],2.19,6.44,3.09,0,0.91,4.45,1.76,3.89,2.67,3.09
20250729B02,合計（確報値）,約定量合計（TSO別）[MW],34,41.069,41.629,0,25,182.88,219,47,118.604,709.182
20250729B02,合計（確報値）,（内訳）自エリアからの約定量[MW],34,41.069,41.629,0,25,92.815,219,47,84.308,584.821
20250729B03,システム約定結果,募集量（TSO別）[MW],0,151,571,0,70,259,197,44,240,1532
20250729B03,システム約定結果,応札量合計（電源属地別）[MW],3.75,29.069,7.448,1.92,35,116.761,253.296,112,15.419,574.663
20250729B03,システム約定結果,落札量合計（電源属地別）[MW],0,29.069,7.448,1.92,35,116.761,253.296,112,15.419,570.913
20250729B03,システム約定結果,応札件数（電源属地別）[件],1,2,4,1,1,5,7,6,5,32
20250729B03,システム約定結果,落札件数（電源属地別）[件],0,2,4,1,1,5,7,6,5,31
20250729B03,システム約定結果,最高落札価格（電源属地別）[円/kW・30分],0,16.47,19.51,19.51,1.13,9.53,19.51,5.7,19.51,19.51
20250729B03,システム約定結果,最低落札価格（電源属地別）[円/kW・30分],0,4.96,9.26,19.51,1.13,0.36,0.36,0.36,0.36,0.36
20250729B03,システム約定結果,平均落札価格（電源属地別）[円/kW・30分],0,8.55,15.1,19.51,1.13,4.15,1.73,3,7.02,3.16
20250729B03,システム約定結果,最高落札価格（TSO別）[円/kW・30分],0,16.47,19.51,0,4.87,19.51,1.94,5.7,19.51,19.51
20250729B03,システム約定結果,最低落札価格（TSO別）[円/kW・30分],0,4.96,4.96,0,0.36,0.36,0.36,0.36,0.36,0.36
20250729B03,システム約定結果,平均落札価格（TSO別）[円/kW・30分],0,11.46,8.65,0,1.5,4.77,1.54,2.48,3.09,3.16
20250729B03,システム約定結果,落札量合計（TSO別）[MW],0,16.069,20.448,0,55,139.481,197,80,62.915,570.913
20250729B03,システム約定結果,（内訳）自エリアからの落札量[MW],0,16.069,7.448,0,35,116.761,197,80,15.419,467.697
20250729B03,追加調達結果,募集量（TSO別）[MW],-,-,-,-,-,-,-,-,-,-
20250729B03,追加調達結果,応札量合計（電源属地別）[MW],0,0,0,0,0,0,0,0,0,0
20250729B03,追加調達結果,約定量合計（電源属地別）[MW],0,0,0,0,0,0,0,0,0,0
20250729B03,追加調達結果,応札件数（電源属地別）[件],0,0,0,0,0,0,0,0,0,0
20250729B03,追加調達結果,約定件数（電源属地別）[件],0,0,0,0,0,0,0,0,0,0
20250729B03,追加調達結果,最高約定価格（電源属地別）[円/kW・30分],0,0,0,0,0,0,0,0,0,0
20250729B03,追加調達結果,最低約定価格（電源属地別）[円/kW・30分],0,0,0,0,0,0,0,0,0,0
20250729B03,追加調達結果,平均約定価格（電源属地別）[円/kW・30分],0,0,0,0,0,0,0,0,0,0
20250729B03,追加調達結果,最高約定価格（TSO別）[円/kW・30分],0,0,0,0,0,0,0,0,0,0
20250729B03,追加調達結果,最低約定価格（TSO別）[円/kW・30分],0,0,0,0,0,0,0,0,0,0
20250729B03,追加調達結果,平均約定価格（TSO別）[円/kW・30分],0,0,0,0,0,0,0,0,0,0
20250729B03,追加調達結果,約定量合計（TSO別）[MW],0,0,0,0,0,0,0,0,0,0
20250729B03,追加調達結果,（内訳）自エリアからの約定量[MW],0,0,0,0,0,0,0,0,0,0
20250729B03,合計（確報値）,募集量（TSO別）[MW],0,151,571,0,70,259,197,44,240,1532
20250729B03,合計（確報値）,応札量合計（電源属地別）[MW],3.75,29.069,7.448,1.92,70,116.761,253.296,112,15.419,609.663
20250729B03,合計（確報値）,約定量合計（電源属地別）[MW],0,29.069,7.448,1.92,35,92.815,253.296,112,15.419,546.967
20250729B03,合計（確報値）,応札件数（電源属地別）[件],1,2,4,1,3,5,7,6,5,34
20250729B03,合計（確報値）,約定件数（電源属地別）[件],0,2,4,1,2,4,7,6,5,31
20250729B03,合計（確報値）,最高約定価格（電源属地別）[円/kW・30分],0,16.47,19.51,19.51,1.13,9.53,19.51,5.7,19.51,19.51
20250729B03,合計（確報値）,最低約定価格（電源属地別）[円/kW・30分],0,4.96,9.26,19.51,1.13,0.36,0.36,0.36,0.36,0.36
20250729B03,合計（確報値）,平均約定価格（電源属地別）[円/kW・30分],0,8.55,15.1,19.51,1.13,5.13,1.73,3,7.02,3.29
20250729B03,合計（確報値）,最高約定価格（TSO別）[円/kW・30分],0,16.47,19.51,0,4.87,19.51,1.94,5.7,19.51,19.51
20250729B03,合計（確報値）,最低約定価格（TSO別）[円/kW・30分],0,4.96,4.96,0,0.36,0.36,0.36,0.36,0.36,0.36
20250729B03,合計（確報値）,平均約定価格（TSO別）[円/kW・30分],0,11.46,8.65,0,1.5,5.69,1.54,2.48,3.09,3.29
20250729B03,合計（確報値）,約定量合計（TSO別）[MW],0,16.069,20.448,0,55,115.535,197,80,62.915,546.967
20250729B03,合計（確報値）,（内訳）自エリアからの約定量[MW],0,16.069,7.448,0,35,92.815,197,80,15.419,443.751
20250729B04,システム約定結果,募集量（TSO別）[MW],24,197,628,25,97,292,209,66,259,1797
20250729B04,システム約定結果,応札量合計（電源属地別）[MW],58.44,29.069,7.968,1.92,60,118.611,253.296,79,30.567,638.871
20250729B04,システム約定結果,落札量合計（電源属地別）[MW],34,29.069,7.968,1.92,60,118.611,253.296,79,30.567,614.431
20250729B04,システム約定結果,応札件数（電源属地別）[件],4,2,7,1,2,6,7,4,10,43
20250729B04,システム約定結果,落札件数（電源属地別）[件],1,2,7,1,2,6,7,4,10,40
20250729B04,システム約定結果,最高落札価格（電源属地別）[円/kW・30分],3.63,16.47,19.5,19.51,2.71,18.56,19.51,9.68,19.51,19.51
20250729B04,システム約定結果,最低落札価格（電源属地別）[円/kW・30分],3.63,6.41,19.5,19.51,2.52,1.19,0.4,0.91,0.36,0.36
20250729B04,システム約定結果,平均落札価格（電源属地別）[円/kW・30分],3.63,9.55,19.5,19.51,2.63,4.9,2.68,4.38,9.9,4.33
20250729B04,システム約定結果,最高落札価格（TSO別）[円/kW・30分],3.63,16.47,19.5,19.51,2.98,18.56,19.51,9.68,19.51,19.51
20250729B04,システム約定結果,最低落札価格（TSO別）[円/kW・30分],3.63,6.41,19.5,19.51,0.4,0.45,0.4,0.91,0.36,0.36
20250729B04,システム約定結果,平均落札価格（TSO別）[円/kW・30分],3.63,9.55,19.5,19.51,2.32,4.13,2.71,4.08,9.9,4.33
20250729B04,システム約定結果,落札量合計（TSO別）[MW],34,29.069,7.968,1.92,82,224.611,137.038,67.258,30.567,614.431
20250729B04,システム約定結果,（内訳）自エリアからの落札量[MW],34,29.069,7.968,1.92,60,118.611,137.038,67.258,30.567,486.431
20250729B04,追加調達結果,募集量（TSO別）[MW],-,-,-,-,-,-,-,-,-,-
20250729B04,追加調達結果,応札量合計（電源属地別）[MW],0,0,0,0,0,0,0,0,0,0
20250729B04,追加調達結果,約定量合計（電源属地別）[MW],0,0,0,0,0,0,0,0,0,0
20250729B04,追加調達結果,応札件数（電源属地別）[件],0,0,0,0,0,0,0,0,0,0
20250729B04,追加調達結果,約定件数（電源属地別）[件],0,0,0,0,0,0,0,0,0,0
20250729B04,追加調達結果,最高約定価格（電源属地別）[円/kW・30分],0,0,0,0,0,0,0,0,0,0
20250729B04,追加調達結果,最低約定価格（電源属地別）[円/kW・30分],0,0,0,0,0,0,0,0,0,0
20250729B04,追加調達結果,平均約定価格（電源属地別）[円/kW・30分],0,0,0,0,0,0,0,0,0,0
20250729B04,追加調達結果,最高約定価格（TSO別）[円/kW・30分],0,0,0,0,0,0,0,0,0,0
20250729B04,追加調達結果,最低約定価格（TSO別）[円/kW・30分],0,0,0,0,0,0,0,0,0,0
20250729B04,追加調達結果,平均約定価格（TSO別）[円/kW・30分],0,0,0,0,0,0,0,0,0,0
20250729B04,追加調達結果,約定量合計（TSO別）[MW],0,0,0,0,0,0,0,0,0,0
20250729B04,追加調達結果,（内訳）自エリアからの約定量[MW],0,0,0,0,0,0,0,0,0,0
20250729B04,合計（確報値）,募集量（TSO別）[MW],24,197,628,25,97,292,209,66,259,1797
20250729B04,合計（確報値）,応札量合計（電源属地別）[MW],58.44,29.069,7.968,1.92,95,118.611,253.296,79,38.567,681.871
20250729B04,合計（確報値）,約定量合計（電源属地別）[MW],34,29.069,7.968,1.92,60,94.665,253.296,79,30.567,590.485
20250729B04,合計（確報値）,応札件数（電源属地別）[件],4,2,7,1,4,6,7,4,12,47
20250729B04,合計（確報値）,約定件数（電源属地別）[件],1,2,7,1,3,5,7,4,11,41
20250729B04,合計（確報値）,最高約定価格（電源属地別）[円/kW・30分],3.63,16.47,19.5,19.51,2.52,18.56,19.51,9.68,19.51,19.51
20250729B04,合計（確報値）,最低約定価格（電源属地別）[円/kW・30分],3.63,6.41,19.5,19.51,1.99,1.19,0.4,0.91,0.36,0.36
20250729B04,合計（確報値）,平均約定価格（電源属地別）[円/kW・30分],3.63,9.55,19.5,19.51,2.21,5.81,2.68,4.38,9.4,4.39
20250729B04,合計（確報値）,最高約定価格（TSO別）[円/kW・30分],3.63,16.47,19.5,19.51,2.98,18.56,19.51,9.68,19.51,19.51
20250729B04,合計（確報値）,最低約定価格（TSO別）[円/kW・30分],3.63,6.41,19.5,19.51,0.4,0.45,0.4,0.91,0.36,0.36
20250729B04,合計（確報値）,平均約定価格（TSO別）[円/kW・30分],3.63,9.55,19.5,19.51,2.02,4.47,2.71,4.08,9.4,4.39
20250729B04,合計（確報値）,約定量合計（TSO別）[MW],34,29.069,7.968,1.92,82,200.665,137.038,67.258,30.567,590.485
20250729B04,合計（確報値）,（内訳）自エリアからの約定量[MW],34,29.069,7.968,1.92,60,94.665,137.038,67.258,30.567,462.485
20250729B05,システム約定結果,募集量（TSO別）[MW],18,191,628,17,96,252,185,77,262,1726
20250729B05,システム約定結果,応札量合計（電源属地別）[MW],39.74,29.069,4.968,1.92,60,118.611,253.296,121,23.814,652.418
20250729B05,システム約定結果,落札量合計（電源属地別）[MW],34,29.069,4.968,1.92,60,118.611,253.296,121,23.814,646.678
20250729B05,システム約定結果,応札件数（電源属地別）[件],3,2,4,1,2,6,7,6,6,37
20250729B05,システム約定結果,落札件数（電源属地別）[件],1,2,4,1,2,6,7,6,6,35
20250729B05,システム約定結果,最高落札価格（電源属地別）[円/kW・30分],3.69,16.47,19.5,19.51,2.77,18.56,19.51,8.52,19.5,19.51
20250729B05,システム約定結果,最低落札価格（電源属地別）[円/kW・30分],3.69,5.72,19.5,19.51,2.58,1.44,1.23,0.82,0.36,0.36
20250729B05,システム約定結果,平均落札価格（電源属地別）[円/kW・30分],3.69,9.07,19.5,19.51,2.69,5.08,3.64,4.49,7.1,4.52
20250729B05,システム約定結果,最高落札価格（TSO別）[円/kW・30分],3.69,16.47,19.5,19.51,3.97,18.56,19.51,8.52,19.5,19.51
20250729B05,システム約定結果,最低落札価格（TSO別）[円/kW・30分],3.69,5.72,19.5,19.51,0.82,0.82,1.23,0.82,0.36,0.36
20250729B05,システム約定結果,平均落札価格（TSO別）[円/kW・30分],3.69,9.07,19.5,19.51,3.03,4.89,3.4,3.98,7.1,4.52
20250729B05,システム約定結果,落札量合計（TSO別）[MW],34,29.069,4.968,1.92,85,219.611,156.328,91.968,23.814,646.678
20250729B05,システム約定結果,（内訳）自エリアからの落札量[MW],34,29.069,4.968,1.92,60,118.611,156.328,91.968,23.814,520.678
20250729B05,追加調達結果,募集量（TSO別）[MW],-,-,-,-,-,-,-,-,-,-
20250729B05,追加調達結果,応札量合計（電源属地別）[MW],0,0,0,0,0,0,0,0,0,0
20250729B05,追加調達結果,約定量合計（電源属地別）[MW],0,0,0,0,0,0,0,0,0,0
20250729B05,追加調達結果,応札件数（電源属地別）[件],0,0,0,0,0,0,0,0,0,0
20250729B05,追加調達結果,約定件数（電源属地別）[件],0,0,0,0,0,0,0,0,0,0
20250729B05,追加調達結果,最高約定価格（電源属地別）[円/kW・30分],0,0,0,0,0,0,0,0,0,0
20250729B05,追加調達結果,最低約定価格（電源属地別）[円/kW・30分],0,0,0,0,0,0,0,0,0,0
20250729B05,追加調達結果,平均約定価格（電源属地別）[円/kW・30分],0,0,0,0,0,0,0,0,0,0
20250729B05,追加調達結果,最高約定価格（TSO別）[円/kW・30分],0,0,0,0,0,0,0,0,0,0
20250729B05,追加調達結果,最低約定価格（TSO別）[円/kW・30分],0,0,0,0,0,0,0,0,0,0
20250729B05,追加調達結果,平均約定価格（TSO別）[円/kW・30分],0,0,0,0,0,0,0,0,0,0
20250729B05,追加調達結果,約定量合計（TSO別）[MW],0,0,0,0,0,0,0,0,0,0
20250729B05,追加調達結果,（内訳）自エリアからの約定量[MW],0,0,0,0,0,0,0,0,0,0
20250729B05,合計（確報値）,募集量（TSO別）[MW],18,191,628,17,96,252,185,77,262,1726
20250729B05,合計（確報値）,応札量合計（電源属地別）[MW],39.74,29.069,4.968,1.92,95,118.611,253.296,121,31.814,695.418
20250729B05,合計（確報値）,約定量合計（電源属地別）[MW],34,29.069,4.968,1.92,60,94.665,253.296,121,23.814,622.732
20250729B05,合計（確報値）,応札件数（電源属地別）[件],3,2,4,1,4,6,7,6,8,41
20250729B05,合計（確報値）,約定件数（電源属地別）[件],1,2,4,1,3,5,7,6,7,36
20250729B05,合計（確報値）,最高約定価格（電源属地別）[円/kW・30分],3.69,16.47,19.5,19.51,2.77,18.56,19.51,8.52,19.5,19.51
20250729B05,合計（確報値）,最低約定価格（電源属地別）[円/kW・30分],3.69,5.72,19.5,19.51,2.58,1.44,1.23,0.82,0.36,0.36
20250729B05,合計（確報値）,平均約定価格（電源属地別）[円/kW・30分],3.69,9.07,19.5,19.51,2.69,5.97,3.64,4.49,6.83,4.62
20250729B05,合計（確報値）,最高約定価格（TSO別）[円/kW・30分],3.69,16.47,19.5,19.51,3.97,18.56,19.51,8.52,19.5,19.51
20250729B05,合計（確報値）,最低約定価格（TSO別）[円/kW・30分],3.69,5.72,19.5,19.51,0.82,0.82,1.23,0.82,0.36,0.36
20250729B05,合計（確報値）,平均約定価格（TSO別）[円/kW・30分],3.69,9.07,19.5,19.51,3.03,5.3,3.4,3.98,6.83,4.62
20250729B05,合計（確報値）,約定量合計（TSO別）[MW],34,29.069,4.968,1.92,85,195.665,156.328,91.968,23.814,622.732
20250729B05,合計（確報値）,（内訳）自エリアからの約定量[MW],34,29.069,4.968,1.92,60,94.665,156.328,91.968,23.814,496.732
20250729B06,システム約定結果,募集量（TSO別）[MW],13,191,632,82,103,252,248,64,259,1844
20250729B06,システム約定結果,応札量合計（電源属地別）[MW],52.05,41.069,7.968,1.92,35,118.611,328.312,132,26.567,743.497
20250729B06,システム約定結果,落札量合計（電源属地別）[MW],52.05,41.069,7.968,1.92,35,118.611,328.312,132,26.567,743.497
20250729B06,システム約定結果,応札件数（電源属地別）[件],2,3,7,1,1,6,11,6,10,47
20250729B06,システム約定結果,落札件数（電源属地別）[件],2,3,7,1,1,6,11,6,10,47
20250729B06,システム約定結果,最高落札価格（電源属地別）[円/kW・30分],19.35,16.47,19.5,19.51,5.04,18.56,19.51,5.73,19.51,19.51
20250729B06,システム約定結果,最低落札価格（電源属地別）[円/kW・30分],7.5,5.29,19.5,19.51,5.04,4,3.8,0.59,1.36,0.59
20250729B06,システム約定結果,平均落札価格（電源属地別）[円/kW・30分],18.5,7.79,19.5,19.51,5.04,6.65,7.38,2.93,10.11,7.42
20250729B06,システム約定結果,最高落札価格（TSO別）[円/kW・30分],19.35,16.47,19.5,19.51,6.71,19.51,19.51,5.55,19.51,19.51
20250729B06,システム約定結果,最低落札価格（TSO別）[円/kW・30分],7.5,5.29,19.5,19.51,0.59,2.4,3.8,0.59,1.36,0.59
20250729B06,システム約定結果,平均落札価格（TSO別）[円/kW・30分],18.5,7.79,19.5,19.51,5.41,7.28,6.95,1.99,10.11,7.42
20250729B06,システム約定結果,落札量合計（TSO別）[MW],52.05,41.069,7.968,1.92,70.512,204.411,248,91,26.567,743.497
20250729B06,システム約定結果,（内訳）自エリアからの落札量[MW],52.05,41.069,7.968,1.92,35,118.611,248,91,26.567,622.185
20250729B06,追加調達結果,募集量（TSO別）[MW],-,-,-,-,-,-,-,-,-,-
20250729B06,追加調達結果,応札量合計（電源属地別）[MW],0,0,0,0,0,0,0,0,0,0
20250729B06,追加調達結果,約定量合計（電源属地別）[MW],0,0,0,0,0,0,0,0,0,0
20250729B06,追加調達結果,応札件数（電源属地別）[件],0,0,0,0,0,0,0,0,0,0
20250729B06,追加調達結果,約定件数（電源属地別）[件],0,0,0,0,0,0,0,0,0,0
20250729B06,追加調達結果,最高約定価格（電源属地別）[円/kW・30分],0,0,0,0,0,0,0,0,0,0
20250729B06,追加調達結果,最低約定価格（電源属地別）[円/kW・30分],0,0,0,0,0,0,0,0,0,0
20250729B06,追加調達結果,平均約定価格（電源属地別）[円/kW・30分],0,0,0,0,0,0,0,0,0,0
20250729B06,追加調達結果,最高約定価格（TSO別）[円/kW・30分],0,0,0,0,0,0,0,0,0,0
20250729B06,追加調達結果,最低約定価格（TSO別）[円/kW・30分],0,0,0,0,0,0,0,0,0,0
20250729B06,追加調達結果,平均約定価格（TSO別）[円/kW・30分],0,0,0,0,0,0,0,0,0,0
20250729B06,追加調達結果,約定量合計（TSO別）[MW],0,0,0,0,0,0,0,0,0,0
20250729B06,追加調達結果,（内訳）自エリアからの約定量[MW],0,0,0,0,0,0,0,0,0,0
20250729B06,合計（確報値）,募集量（TSO別）[MW],13,191,632,82,103,252,248,64,259,1844
20250729B06,合計（確報値）,応札量合計（電源属地別）[MW],52.05,41.069,7.968,1.92,70,118.611,328.312,132,26.567,778.497
20250729B06,合計（確報値）,約定量合計（電源属地別）[MW],52.05,41.069,7.968,1.92,35,94.665,328.312,132,26.567,719.551
20250729B06,合計（確報値）,応札件数（電源属地別）[件],2,3,7,1,2,6,11,6,10,48
20250729B06,合計（確報値）,約定件数（電源属地別）[件],2,3,7,1,1,5,11,6,10,46
20250729B06,合計（確報値）,最高約定価格（電源属地別）[円/kW・30分],19.35,16.47,19.5,19.51,5.04,18.56,19.51,5.73,19.51,19.51
20250729B06,合計（確報値）,最低約定価格（電源属地別）[円/kW・30分],7.5,5.29,19.5,19.51,5.04,4,3.8,0.59,1.36,0.59
20250729B06,合計（確報値）,平均約定価格（電源属地別）[円/kW・30分],18.5,7.79,19.5,19.51,5.04,7.28,7.38,2.93,10.11,7.53
20250729B06,合計（確報値）,最高約定価格（TSO別）[円/kW・30分],19.35,16.47,19.5,19.51,6.71,19.51,19.51,5.55,19.51,19.51
20250729B06,合計（確報値）,最低約定価格（TSO別）[円/kW・30分],7.5,5.29,19.5,19.51,0.59,2.4,3.8,0.59,1.36,0.59
20250729B06,合計（確報値）,平均約定価格（TSO別）[円/kW・30分],18.5,7.79,19.5,19.51,5.41,7.7,6.95,1.99,10.11,7.53
20250729B06,合計（確報値）,約定量合計（TSO別）[MW],52.05,41.069,7.968,1.92,70.512,180.465,248,91,26.567,719.551
20250729B06,合計（確報値）,（内訳）自エリアからの約定量[MW],52.05,41.069,7.968,1.92,35,94.665,248,91,26.567,598.239
20250729B07,システム約定結果,募集量（TSO別）[MW],12,161,629,50,102,242,244,52,242,1734
20250729B07,システム約定結果,応札量合計（電源属地別）[MW],54.04,41.069,39.998,26.016,25,118.611,258.582,102,146.415,811.731
20250729B07,システム約定結果,落札量合計（電源属地別）[MW],49.6,41.069,39.998,26.016,25,118.611,258.582,102,146.415,807.291
20250729B07,システム約定結果,応札件数（電源属地別）[件],3,3,5,3,1,6,12,5,10,48
20250729B07,システム約定結果,落札件数（電源属地別）[件],2,3,5,3,1,6,12,5,10,47
20250729B07,システム約定結果,最高落札価格（電源属地別）[円/kW・30分],19.35,16.47,19.5,19.51,4.45,18.56,19.51,5.4,19.51,19.51
20250729B07,システム約定結果,最低落札価格（電源属地別）[円/kW・30分],1.95,3.82,9.18,8.75,4.45,2.58,3.73,0.36,2.45,0.36
20250729B07,システム約定結果,平均落札価格（電源属地別）[円/kW・30分],18.89,6.77,10,9.61,4.45,5.83,7.29,3.28,4.75,6.91
20250729B07,システム約定結果,最高落札価格（TSO別）[円/kW・30分],19.35,16.47,19.5,19.51,19.51,18.56,19.51,5.4,19.51,19.51
20250729B07,システム約定結果,最低落札価格（TSO別）[円/kW・30分],1.95,3.82,9.18,19.51,0.36,0.36,3.73,0.36,2.45,0.36
20250729B07,システム約定結果,平均落札価格（TSO別）[円/kW・30分],18.89,6.77,10,19.51,8.78,5.75,6.33,3.09,4.75,6.91
20250729B07,システム約定結果,落札量合計（TSO別）[MW],49.6,41.069,39.998,1.92,68.878,228.611,185.8,45,146.415,807.291
20250729B07,システム約定結果,（内訳）自エリアからの落札量[MW],49.6,41.069,39.998,1.92,25,118.611,185.8,45,146.415,653.413
20250729B07,追加調達結果,募集量（TSO別）[MW],-,-,-,-,-,-,-,-,-,-
20250729B07,追加調達結果,応札量合計（電源属地別）[MW],0,0,0,0,0,0,0,0,0,0
20250729B07,追加調達結果,約定量合計（電源属地別）[MW],0,0,0,0,0,0,0,0,0,0
20250729B07,追加調達結果,応札件数（電源属地別）[件],0,0,0,0,0,0,0,0,0,0
20250729B07,追加調達結果,約定件数（電源属地別）[件],0,0,0,0,0,0,0,0,0,0
20250729B07,追加調達結果,最高約定価格（電源属地別）[円/kW・30分],0,0,0,0,0,0,0,0,0,0
20250729B07,追加調達結果,最低約定価格（電源属地別）[円/kW・30分],0,0,0,0,0,0,0,0,0,0
20250729B07,追加調達結果,平均約定価格（電源属地別）[円/kW・30分],0,0,0,0,0,0,0,0,0,0
20250729B07,追加調達結果,最高約定価格（TSO別）[円/kW・30分],0,0,0,0,0,0,0,0,0,0
20250729B07,追加調達結果,最低約定価格（TSO別）[円/kW・30分],0,0,0,0,0,0,0,0,0,0
20250729B07,追加調達結果,平均約定価格（TSO別）[円/kW・30分],0,0,0,0,0,0,0,0,0,0
20250729B07,追加調達結果,約定量合計（TSO別）[MW],0,0,0,0,0,0,0,0,0,0
20250729B07,追加調達結果,（内訳）自エリアからの約定量[MW],0,0,0,0,0,0,0,0,0,0
20250729B07,合計（確報値）,募集量（TSO別）[MW],12,161,629,50,102,242,244,52,242,1734
20250729B07,合計（確報値）,応札量合計（電源属地別）[MW],54.04,41.069,39.998,26.016,25,118.611,258.582,102,146.415,811.731
20250729B07,合計（確報値）,約定量合計（電源属地別）[MW],49.6,41.069,39.998,26.016,25,94.665,258.582,102,146.415,783.345
20250729B07,合計（確報値）,応札件数（電源属地別）[件],3,3,5,3,1,6,12,5,10,48
20250729B07,合計（確報値）,約定件数（電源属地別）[件],2,3,5,3,1,5,12,5,10,46
20250729B07,合計（確報値）,最高約定価格（電源属地別）[円/kW・30分],19.35,16.47,19.5,19.51,4.45,18.56,19.51,5.4,19.51,19.51
20250729B07,合計（確報値）,最低約定価格（電源属地別）[円/kW・30分],1.95,3.82,9.18,8.75,4.45,2.58,3.73,0.36,2.45,0.36
20250729B07,合計（確報値）,平均約定価格（電源属地別）[円/kW・30分],18.89,6.77,10,9.61,4.45,6.61,7.29,3.28,4.75,7.04
20250729B07,合計（確報値）,最高約定価格（TSO別）[円/kW・30分],19.35,16.47,19.5,19.51,19.51,18.56,19.51,5.4,19.51,19.51
20250729B07,合計（確報値）,最低約定価格（TSO別）[円/kW・30分],1.95,3.82,9.18,19.51,0.36,0.36,3.73,0.36,2.45,0.36
20250729B07,合計（確報値）,平均約定価格（TSO別）[円/kW・30分],18.89,6.77,10,19.51,8.78,6.1,6.33,3.09,4.75,7.04
20250729B07,合計（確報値）,約定量合計（TSO別）[MW],49.6,41.069,39.998,1.92,68.878,204.665,185.8,45,146.415,783.345
20250729B07,合計（確報値）,（内訳）自エリアからの約定量[MW],49.6,41.069,39.998,1.92,25,94.665,185.8,45,146.415,629.467
20250729B08,システム約定結果,募集量（TSO別）[MW],19,105,601,0,92,215,194,56,235,1517
20250729B08,システム約定結果,応札量合計（電源属地別）[MW],54.04,20,23.13,26.016,25,116.761,186.706,102,82.419,636.072
20250729B08,システム約定結果,落札量合計（電源属地別）[MW],53.35,20,23.13,26.016,25,116.761,186.706,102,82.419,635.382
20250729B08,システム約定結果,応札件数（電源属地別）[件],3,1,4,3,1,5,8,5,7,37
20250729B08,システム約定結果,落札件数（電源属地別）[件],3,1,4,3,1,5,8,5,7,37
20250729B08,システム約定結果,最高落札価格（電源属地別）[円/kW・30分],19.35,2.4,19.51,19.51,2.16,9.53,19.51,5.39,19.51,19.51
20250729B08,システム約定結果,最低落札価格（電源属地別）[円/kW・30分],3.7,2.4,3.9,4.48,2.16,0.36,1.19,0.36,0.72,0.36
20250729B08,システム約定結果,平均落札価格（電源属地別）[円/kW・30分],17.89,2.4,6.18,5.65,2.16,4.21,3.23,3.26,3.67,4.84
20250729B08,システム約定結果,最高落札価格（TSO別）[円/kW・30分],19.35,0,19.51,0,5.39,19.51,19.51,5.39,19.51,19.51
20250729B08,システム約定結果,最低落札価格（TSO別）[円/kW・30分],3.7,0,2.4,0,0.36,0.36,1.19,0.36,0.72,0.36
20250729B08,システム約定結果,平均落札価格（TSO別）[円/kW・30分],17.89,0,4.43,0,2.09,4.5,3.31,3.64,3.67,4.84
20250729B08,システム約定結果,落札量合計（TSO別）[MW],53.35,0,43.13,0,61,145.483,194,56,82.419,635.382
20250729B08,システム約定結果,（内訳）自エリアからの落札量[MW],53.35,0,23.13,0,25,116.761,186.706,56,82.419,543.366
20250729B08,追加調達結果,募集量（TSO別）[MW],-,-,-,-,-,-,-,-,-,-
20250729B08,追加調達結果,応札量合計（電源属地別）[MW],0,0,0,0,0,0,0,0,0,0
20250729B08,追加調達結果,約定量合計（電源属地別）[MW],0,0,0,0,0,0,0,0,0,0
20250729B08,追加調達結果,応札件数（電源属地別）[件],0,0,0,0,0,0,0,0,0,0
20250729B08,追加調達結果,約定件数（電源属地別）[件],0,0,0,0,0,0,0,0,0,0
20250729B08,追加調達結果,最高約定価格（電源属地別）[円/kW・30分],0,0,0,0,0,0,0,0,0,0
20250729B08,追加調達結果,最低約定価格（電源属地別）[円/kW・30分],0,0,0,0,0,0,0,0,0,0
20250729B08,追加調達結果,平均約定価格（電源属地別）[円/kW・30分],0,0,0,0,0,0,0,0,0,0
20250729B08,追加調達結果,最高約定価格（TSO別）[円/kW・30分],0,0,0,0,0,0,0,0,0,0
20250729B08,追加調達結果,最低約定価格（TSO別）[円/kW・30分],0,0,0,0,0,0,0,0,0,0
20250729B08,追加調達結果,平均約定価格（TSO別）[円/kW・30分],0,0,0,0,0,0,0,0,0,0
20250729B08,追加調達結果,約定量合計（TSO別）[MW],0,0,0,0,0,0,0,0,0,0
20250729B08,追加調達結果,（内訳）自エリアからの約定量[MW],0,0,0,0,0,0,0,0,0,0
20250729B08,合計（確報値）,募集量（TSO別）[MW],19,105,601,0,92,215,194,56,235,1517
20250729B08,合計（確報値）,応札量合計（電源属地別）[MW],54.04,20,23.13,26.016,25,116.761,186.706,102,82.419,636.072
20250729B08,合計（確報値）,約定量合計（電源属地別）[MW],53.35,20,23.13,26.016,25,92.815,186.706,102,82.419,611.436
20250729B08,合計（確報値）,応札件数（電源属地別）[件],3,1,4,3,1,5,8,5,7,37
20250729B08,合計（確報値）,約定件数（電源属地別）[件],3,1,4,3,1,4,8,5,7,36
20250729B08,合計（確報値）,最高約定価格（電源属地別）[円/kW・30分],19.35,2.4,19.51,19.51,2.16,9.53,19.51,5.39,19.51,19.51
20250729B08,合計（確報値）,最低約定価格（電源属地別）[円/kW・30分],3.7,2.4,3.9,4.48,2.16,0.36,1.19,0.36,0.72,0.36
20250729B08,合計（確報値）,平均約定価格（電源属地別）[円/kW・30分],17.89,2.4,6.18,5.65,2.16,5.19,3.23,3.26,3.67,5.01
20250729B08,合計（確報値）,最高約定価格（TSO別）[円/kW・30分],19.35,0,19.51,0,5.39,19.51,19.51,5.39,19.51,19.51
20250729B08,合計（確報値）,最低約定価格（TSO別）[円/kW・30分],3.7,0,2.4,0,0.36,0.36,1.19,0.36,0.72,0.36
20250729B08,合計（確報値）,平均約定価格（TSO別）[円/kW・30分],17.89,0,4.43,0,2.09,5.31,3.31,3.64,3.67,5.01
20250729B08,合計（確報値）,約定量合計（TSO別）[MW],53.35,0,43.13,0,61,121.537,194,56,82.419,611.436
20250729B08,合計（確報値）,（内訳）自エリアからの約定量[MW],53.35,0,23.13,0,25,92.815,186.706,56,82.419,519.42
20250730B01,システム約定結果,募集量（TSO別）[MW],6,63,523,0,54,211,221,46,180,1304
20250730B01,システム約定結果,応札量合計（電源属地別）[MW],88.04,41.069,18.626,62.113,25,70.004,169.039,94,84.308,652.199
20250730B01,システム約定結果,落札量合計（電源属地別）[MW],34,41.069,18.626,62.113,25,70.004,169.039,94,84.308,598.159
20250730B01,システム約定結果,応札件数（電源属地別）[件],4,3,4,6,1,4,6,5,8,41
20250730B01,システム約定結果,落札件数（電源属地別）[件],1,3,4,6,1,4,6,5,8,38
20250730B01,システム約定結果,最高落札価格（電源属地別）[円/kW・30分],2.08,16.47,19.51,19.51,1.14,5.55,2.4,5.65,19.51,19.51
20250730B01,システム約定結果,最低落札価格（電源属地別）[円/kW・30分],2.08,2.48,1.97,2.91,1.14,0.36,0.36,0.36,0.36,0.36
20250730B01,システム約定結果,平均落札価格（電源属地別）[円/kW・30分],2.08,6.39,5.37,3.98,1.14,0.55,1.84,3.26,2.6,2.65
20250730B01,システム約定結果,最高落札価格（TSO別）[円/kW・30分],2.08,16.47,19.51,0,1.14,19.51,4.35,5.65,19.51,19.51
20250730B01,システム約定結果,最低落札価格（TSO別）[円/kW・30分],2.08,2.48,1.97,0,1.14,0.36,0.36,0.36,0.36,0.36
20250730B01,システム約定結果,平均落札価格（TSO別）[円/kW・30分],2.08,6.39,5.37,0,1.14,2.6,2.08,2.11,2.6,2.65
20250730B01,システム約定結果,落札量合計（TSO別）[MW],34,41.069,18.626,0,25,151.117,198.039,46,84.308,598.159
20250730B01,システム約定結果,（内訳）自エリアからの落札量[MW],34,41.069,18.626,0,25,70.004,169.039,46,84.308,488.046
20250730B01,追加調達結果,募集量（TSO別）[MW],-,-,-,-,-,-,-,-,-,-
20250730B01,追加調達結果,応札量合計（電源属地別）[MW],0,0,0,0,0,0,0,0,0,0
20250730B01,追加調達結果,約定量合計（電源属地別）[MW],0,0,0,0,0,0,0,0,0,0
20250730B01,追加調達結果,応札件数（電源属地別）[件],0,0,0,0,0,0,0,0,0,0
20250730B01,追加調達結果,約定件数（電源属地別）[件],0,0,0,0,0,0,0,0,0,0
20250730B01,追加調達結果,最高約定価格（電源属地別）[円/kW・30分],0,0,0,0,0,0,0,0,0,0
20250730B01,追加調達結果,最低約定価格（電源属地別）[円/kW・30分],0,0,0,0,0,0,0,0,0,0
20250730B01,追加調達結果,平均約定価格（電源属地別）[円/kW・30分],0,0,0,0,0,0,0,0,0,0
20250730B01,追加調達結果,最高約定価格（TSO別）[円/kW・30分],0,0,0,0,0,0,0,0,0,0
20250730B01,追加調達結果,最低約定価格（TSO別）[円/kW・30分],0,0,0,0,0,0,0,0,0,0
20250730B01,追加調達結果,平均約定価格（TSO別）[円/kW・30分],0,0,0,0,0,0,0,0,0,0
20250730B01,追加調達結果,約定量合計（TSO別）[MW],0,0,0,0,0,0,0,0,0,0
20250730B01,追加調達結果,（内訳）自エリアからの約定量[MW],0,0,0,0,0,0,0,0,0,0
20250730B01,合計（確報値）,募集量（TSO別）[MW],6,63,523,0,54,211,221,46,180,1304
20250730B01,合計（確報値）,応札量合計（電源属地別）[MW],88.04,41.069,18.626,62.113,25,93.95,169.039,94,84.308,676.145
20250730B01,合計（確報値）,約定量合計（電源属地別）[MW],34,41.069,18.626,62.113,25,70.004,169.039,94,84.308,598.159
20250730B01,合計（確報値）,応札件数（電源属地別）[件],4,3,4,6,1,5,6,5,8,42
20250730B01,合計（確報値）,約定件数（電源属地別）[件],1,3,4,6,1,4,6,5,8,38
20250730B01,合計（確報値）,最高約定価格（電源属地別）[円/kW・30分],2.08,16.47,19.51,19.51,1.14,5.55,2.4,5.65,19.51,19.51
20250730B01,合計（確報値）,最低約定価格（電源属地別）[円/kW・30分],2.08,2.48,1.97,2.91,1.14,0.36,0.36,0.36,0.36,0.36
20250730B01,合計（確報値）,平均約定価格（電源属地別）[円/kW・30分],2.08,6.39,5.37,3.98,1.14,0.55,1.84,3.26,2.6,2.65
20250730B01,合計（確報値）,最高約定価格（TSO別）[円/kW・30分],2.08,16.47,19.51,0,1.14,19.51,4.35,5.65,19.51,19.51
20250730B01,合計（確報値）,最低約定価格（TSO別）[円/kW・30分],2.08,2.48,1.97,0,1.14,0.36,0.36,0.36,0.36,0.36
20250730B01,合計（確報値）,平均約定価格（TSO別）[円/kW・30分],2.08,6.39,5.37,0,1.14,2.6,2.08,2.11,2.6,2.65
20250730B01,合計（確報値）,約定量合計（TSO別）[MW],34,41.069,18.626,0,25,151.117,198.039,46,84.308,598.159
20250730B01,合計（確報値）,（内訳）自エリアからの約定量[MW],34,41.069,18.626,0,25,70.004,169.039,46,84.308,488.046
20250730B02,システム約定結果,募集量（TSO別）[MW],0,83,471,0,68,210,219,47,206,1304
20250730B02,システム約定結果,応札量合計（電源属地別）[MW],58.44,41.069,48.299,62.161,25,116.761,170.839,99,84.308,705.877
20250730B02,システム約定結果,落札量合計（電源属地別）[MW],34,41.069,48.299,62.161,25,116.761,170.839,99,84.308,681.437
20250730B02,システム約定結果,応札件数（電源属地別）[件],4,3,5,6,1,5,7,5,8,44
20250730B02,システム約定結果,落札件数（電源属地別）[件],1,3,5,6,1,5,7,5,8,41
20250730B02,システム約定結果,最高落札価格（電源属地別）[円/kW・30分],2.19,16.47,19.51,19.51,0.91,9.53,19.51,5.7,19.51,19.51
20250730B02,システム約定結果,最低落札価格（電源属地別）[円/kW・30分],2.19,2.55,0.82,2.91,0.91,0.36,0.36,0.58,0.36,0.36
20250730B02,システム約定結果,平均落札価格（電源属地別）[円/kW・30分],2.19,6.45,3.43,4.13,0.91,4.15,1.87,3.36,2.56,3.14
20250730B02,システム約定結果,最高落札価格（TSO別）[円/kW・30分],2.19,16.47,19.51,0,0.91,19.51,19.51,5.7,19.51,19.51
20250730B02,システム約定結果,最低落札価格（TSO別）[円/kW・30分],2.19,2.55,0.82,0,0.91,0.36,0.36,0.58,0.36,0.36
20250730B02,システム約定結果,平均落札価格（TSO別）[円/kW・30分],2.19,6.45,3.43,0,0.91,4.15,2.05,2.74,2.56,3.14
20250730B02,システム約定結果,落札量合計（TSO別）[MW],34,41.069,48.299,0,25,210,191.761,47,84.308,681.437
20250730B02,システム約定結果,（内訳）自エリアからの落札量[MW],34,41.069,48.299,0,25,116.761,170.839,47,84.308,567.276
20250730B02,追加調達結果,募集量（TSO別）[MW],-,-,-,-,-,-,-,-,-,-
20250730B02,追加調達結果,応札量合計（電源属地別）[MW],0,0,0,0,0,0,0,0,0,0
20250730B02,追加調達結果,約定量合計（電源属地別）[MW],0,0,0,0,0,0,0,0,0,0
20250730B02,追加調達結果,応札件数（電源属地別）[件],0,0,0,0,0,0,0,0,0,0
20250730B02,追加調達結果,約定件数（電源属地別）[件],0,0,0,0,0,0,0,0,0,0
20250730B02,追加調達結果,最高約定価格（電源属地別）[円/kW・30分],0,0,0,0,0,0,0,0,0,0
20250730B02,追加調達結果,最低約定価格（電源属地別）[円/kW・30分],0,0,0,0,0,0,0,0,0,0
20250730B02,追加調達結果,平均約定価格（電源属地別）[円/kW・30分],0,0,0,0,0,0,0,0,0,0
20250730B02,追加調達結果,最高約定価格（TSO別）[円/kW・30分],0,0,0,0,0,0,0,0,0,0
20250730B02,追加調達結果,最低約定価格（TSO別）[円/kW・30分],0,0,0,0,0,0,0,0,0,0
20250730B02,追加調達結果,平均約定価格（TSO別）[円/kW・30分],0,0,0,0,0,0,0,0,0,0
20250730B02,追加調達結果,約定量合計（TSO別）[MW],0,0,0,0,0,0,0,0,0,0
20250730B02,追加調達結果,（内訳）自エリアからの約定量[MW],0,0,0,0,0,0,0,0,0,0
20250730B02,合計（確報値）,募集量（TSO別）[MW],0,83,471,0,68,210,219,47,206,1304
20250730B02,合計（確報値）,応札量合計（電源属地別）[MW],58.44,41.069,48.299,62.161,25,140.707,170.839,99,84.308,729.823
20250730B02,合計（確報値）,約定量合計（電源属地別）[MW],34,41.069,48.299,62.161,25,116.761,170.839,99,84.308,681.437
20250730B02,合計（確報値）,応札件数（電源属地別）[件],4,3,5,6,1,6,7,5,8,45
20250730B02,合計（確報値）,約定件数（電源属地別）[件],1,3,5,6,1,5,7,5,8,41
20250730B02,合計（確報値）,最高約定価格（電源属地別）[円/kW・30分],2.19,16.47,19.51,19.51,0.91,9.53,19.51,5.7,19.51,19.51
20250730B02,合計（確報値）,最低約定価格（電源属地別）[円/kW・30分],2.19,2.55,0.82,2.91,0.91,0.36,0.36,0.58,0.36,0.36
20250730B02,合計（確報値）,平均約定価格（電源属地別）[円/kW・30分],2.19,6.45,3.43,4.13,0.91,4.15,1.87,3.36,2.56,3.14
20250730B02,合計（確報値）,最高約定価格（TSO別）[円/kW・30分],2.19,16.47,19.51,0,0.91,19.51,19.51,5.7,19.51,19.51
20250730B02,合計（確報値）,最低約定価格（TSO別）[円/kW・30分],2.19,2.55,0.82,0,0.91,0.36,0.36,0.58,0.36,0.36
20250730B02,合計（確報値）,平均約定価格（TSO別）[円/kW・30分],2.19,6.45,3.43,0,0.91,4.15,2.05,2.74,2.56,3.14
20250730B02,合計（確報値）,約定量合計（TSO別）[MW],34,41.069,48.299,0,25,210,191.761,47,84.308,681.437
20250730B02,合計（確報値）,（内訳）自エリアからの約定量[MW],34,41.069,48.299,0,25,116.761,170.839,47,84.308,567.276
20250730B03,システム約定結果,募集量（TSO別）[MW],0,151,571,0,70,259,197,44,240,1532
20250730B03,システム約定結果,応札量合計（電源属地別）[MW],3.75,29.069,1.968,1.92,35,116.761,170.839,112,15.419,486.726
20250730B03,システム約定結果,落札量合計（電源属地別）[MW],0,29.069,1.968,1.92,35,116.761,170.839,112,15.419,482.976
20250730B03,システム約定結果,応札件数（電源属地別）[件],1,2,1,1,1,5,7,6,5,29
20250730B03,システム約定結果,落札件数（電源属地別）[件],0,2,1,1,1,5,7,6,5,28
20250730B03,システム約定結果,最高落札価格（電源属地別）[円/kW・30分],0,16.47,19.5,19.51,1.13,9.53,19.51,5.68,19.51,19.51
20250730B03,システム約定結果,最低落札価格（電源属地別）[円/kW・30分],0,4.55,19.5,19.51,1.13,0.36,0.36,0.57,0.36,0.36
20250730B03,システム約定結果,平均落札価格（電源属地別）[円/kW・30分],0,8.27,19.5,19.51,1.13,4.15,1.68,3.05,7.02,3.27
20250730B03,システム約定結果,最高落札価格（TSO別）[円/kW・30分],0,16.47,19.5,0,5.68,19.51,19.51,5.68,19.51,19.51
20250730B03,システム約定結果,最低落札価格（TSO別）[円/kW・30分],0,4.55,4.55,0,0.96,0.36,0.36,0.57,0.36,0.36
20250730B03,システム約定結果,平均落札価格（TSO別）[円/kW・30分],0,11.28,6.52,0,2.07,4.4,1.96,2.49,6.26,3.27
20250730B03,システム約定結果,落札量合計（TSO別）[MW],0,16.069,14.968,0,55,118.681,180.839,80,17.419,482.976
20250730B03,システム約定結果,（内訳）自エリアからの落札量[MW],0,16.069,1.968,0,35,116.761,168.839,80,15.419,434.056
20250730B03,追加調達結果,募集量（TSO別）[MW],-,-,-,-,-,-,-,-,-,-
20250730B03,追加調達結果,応札量合計（電源属地別）[MW],0,0,0,0,0,0,0,0,0,0
20250730B03,追加調達結果,約定量合計（電源属地別）[MW],0,0,0,0,0,0,0,0,0,0
20250730B03,追加調達結果,応札件数（電源属地別）[件],0,0,0,0,0,0,0,0,0,0
20250730B03,追加調達結果,約定件数（電源属地別）[件],0,0,0,0,0,0,0,0,0,0
20250730B03,追加調達結果,最高約定価格（電源属地別）[円/kW・30分],0,0,0,0,0,0,0,0,0,0
20250730B03,追加調達結果,最低約定価格（電源属地別）[円/kW・30分],0,0,0,0,0,0,0,0,0,0
20250730B03,追加調達結果,平均約定価格（電源属地別）[円/kW・30分],0,0,0,0,0,0,0,0,0,0
20250730B03,追加調達結果,最高約定価格（TSO別）[円/kW・30分],0,0,0,0,0,0,0,0,0,0
20250730B03,追加調達結果,最低約定価格（TSO別）[円/kW・30分],0,0,0,0,0,0,0,0,0,0
20250730B03,追加調達結果,平均約定価格（TSO別）[円/kW・30分],0,0,0,0,0,0,0,0,0,0
20250730B03,追加調達結果,約定量合計（TSO別）[MW],0,0,0,0,0,0,0,0,0,0
20250730B03,追加調達結果,（内訳）自エリアからの約定量[MW],0,0,0,0,0,0,0,0,0,0
20250730B03,合計（確報値）,募集量（TSO別）[MW],0,151,571,0,70,259,197,44,240,1532
20250730B03,合計（確報値）,応札量合計（電源属地別）[MW],3.75,29.069,1.968,1.92,70,140.707,170.839,112,15.419,545.672
20250730B03,合計（確報値）,約定量合計（電源属地別）[MW],0,29.069,1.968,1.92,35,116.761,170.839,112,15.419,482.976
20250730B03,合計（確報値）,応札件数（電源属地別）[件],1,2,1,1,3,6,7,6,5,32
20250730B03,合計（確報値）,約定件数（電源属地別）[件],0,2,1,1,2,5,7,6,5,29
20250730B03,合計（確報値）,最高約定価格（電源属地別）[円/kW・30分],0,16.47,19.5,19.51,1.05,9.53,19.51,5.68,19.51,19.51
20250730B03,合計（確報値）,最低約定価格（電源属地別）[円/kW・30分],0,4.55,19.5,19.51,1.05,0.36,0.36,0.57,0.36,0.36
20250730B03,合計（確報値）,平均約定価格（電源属地別）[円/kW・30分],0,8.27,19.5,19.51,1.05,4.15,1.68,3.05,7.02,3.26
20250730B03,合計（確報値）,最高約定価格（TSO別）[円/kW・30分],0,16.47,19.5,0,5.68,19.51,19.51,5.68,19.51,19.51
20250730B03,合計（確報値）,最低約定価格（TSO別）[円/kW・30分],0,4.55,4.55,0,0.96,0.36,0.36,0.57,0.36,0.36
20250730B03,合計（確報値）,平均約定価格（TSO別）[円/kW・30分],0,11.28,6.52,0,2.02,4.4,1.96,2.49,6.26,3.26
20250730B03,合計（確報値）,約定量合計（TSO別）[MW],0,16.069,14.968,0,55,118.681,180.839,80,17.419,482.976
20250730B03,合計（確報値）,（内訳）自エリアからの約定量[MW],0,16.069,1.968,0,35,116.761,168.839,80,15.419,434.056
20250730B04,システム約定結果,募集量（TSO別）[MW],24,197,628,25,97,292,209,66,259,1797
20250730B04,システム約定結果,応札量合計（電源属地別）[MW],58.44,29.069,7.968,1.92,60,118.611,170.839,102,28.667,577.514
20250730B04,システム約定結果,落札量合計（電源属地別）[MW],34,29.069,7.968,1.92,60,118.611,170.839,102,28.667,553.074
20250730B04,システム約定結果,応札件数（電源属地別）[件],4,2,7,1,2,6,7,5,9,43
20250730B04,システム約定結果,落札件数（電源属地別）[件],1,2,7,1,2,6,7,5,9,40
20250730B04,システム約定結果,最高落札価格（電源属地別）[円/kW・30分],3.63,16.47,19.5,19.51,2.71,18.56,19.51,8.59,19.51,19.51
20250730B04,システム約定結果,最低落札価格（電源属地別）[円/kW・30分],3.63,5.46,19.5,19.51,2.52,1.19,0.36,0.83,0.36,0.36
20250730B04,システム約定結果,平均落札価格（電源属地別）[円/kW・30分],3.63,8.89,19.5,19.51,2.63,4.93,1.95,5.04,9.26,4.4
20250730B04,システム約定結果,最高落札価格（TSO別）[円/kW・30分],3.63,16.47,19.5,19.51,2.71,18.56,19.51,8.59,19.51,19.51
20250730B04,システム約定結果,最低落札価格（TSO別）[円/kW・30分],3.63,5.46,19.5,19.51,2.52,0.36,0.36,0.83,0.36,0.36
20250730B04,システム約定結果,平均落札価格（TSO別）[円/kW・30分],3.63,8.89,19.5,19.51,2.63,4.16,1.85,4.56,9.26,4.4
20250730B04,システム約定結果,落札量合計（TSO別）[MW],34,29.069,7.968,1.92,60,216.392,97.8,77.258,28.667,553.074
20250730B04,システム約定結果,（内訳）自エリアからの落札量[MW],34,29.069,7.968,1.92,60,118.611,97.8,77.258,28.667,455.293
20250730B04,追加調達結果,募集量（TSO別）[MW],-,-,-,-,-,-,-,-,-,-
20250730B04,追加調達結果,応札量合計（電源属地別）[MW],0,0,0,0,0,0,0,0,0,0
20250730B04,追加調達結果,約定量合計（電源属地別）[MW],0,0,0,0,0,0,0,0,0,0
20250730B04,追加調達結果,応札件数（電源属地別）[件],0,0,0,0,0,0,0,0,0,0
20250730B04,追加調達結果,約定件数（電源属地別）[件],0,0,0,0,0,0,0,0,0,0
20250730B04,追加調達結果,最高約定価格（電源属地別）[円/kW・30分],0,0,0,0,0,0,0,0,0,0
20250730B04,追加調達結果,最低約定価格（電源属地別）[円/kW・30分],0,0,0,0,0,0,0,0,0,0
20250730B04,追加調達結果,平均約定価格（電源属地別）[円/kW・30分],0,0,0,0,0,0,0,0,0,0
20250730B04,追加調達結果,最高約定価格（TSO別）[円/kW・30分],0,0,0,0,0,0,0,0,0,0
20250730B04,追加調達結果,最低約定価格（TSO別）[円/kW・30分],0,0,0,0,0,0,0,0,0,0
20250730B04,追加調達結果,平均約定価格（TSO別）[円/kW・30分],0,0,0,0,0,0,0,0,0,0
20250730B04,追加調達結果,約定量合計（TSO別）[MW],0,0,0,0,0,0,0,0,0,0
20250730B04,追加調達結果,（内訳）自エリアからの約定量[MW],0,0,0,0,0,0,0,0,0,0
20250730B04,合計（確報値）,募集量（TSO別）[MW],24,197,628,25,97,292,209,66,259,1797
20250730B04,合計（確報値）,応札量合計（電源属地別）[MW],58.44,29.069,7.968,1.92,95,142.557,170.839,102,36.667,644.46
20250730B04,合計（確報値）,約定量合計（電源属地別）[MW],34,29.069,7.968,1.92,60,118.611,170.839,102,28.667,553.074
20250730B04,合計（確報値）,応札件数（電源属地別）[件],4,2,7,1,4,7,7,5,11,48
20250730B04,合計（確報値）,約定件数（電源属地別）[件],1,2,7,1,3,6,7,5,10,42
20250730B04,合計（確報値）,最高約定価格（電源属地別）[円/kW・30分],3.63,16.47,19.5,19.51,2.63,18.56,19.51,8.59,19.51,19.51
20250730B04,合計（確報値）,最低約定価格（電源属地別）[円/kW・30分],3.63,5.46,19.5,19.51,2.52,1.19,0.36,0.83,0.36,0.36
20250730B04,合計（確報値）,平均約定価格（電源属地別）[円/kW・30分],3.63,8.89,19.5,19.51,2.58,4.91,1.95,5.04,8.63,4.35
20250730B04,合計（確報値）,最高約定価格（TSO別）[円/kW・30分],3.63,16.47,19.5,19.51,2.63,18.56,19.51,8.59,19.51,19.51
20250730B04,合計（確報値）,最低約定価格（TSO別）[円/kW・30分],3.63,5.46,19.5,19.51,2.52,0.36,0.36,0.83,0.36,0.36
20250730B04,合計（確報値）,平均約定価格（TSO別）[円/kW・30分],3.63,8.89,19.5,19.51,2.58,4.15,1.85,4.56,8.63,4.35
20250730B04,合計（確報値）,約定量合計（TSO別）[MW],34,29.069,7.968,1.92,60,216.392,97.8,77.258,28.667,553.074
20250730B04,合計（確報値）,（内訳）自エリアからの約定量[MW],34,29.069,7.968,1.92,60,118.611,97.8,77.258,28.667,455.293
20250730B05,システム約定結果,募集量（TSO別）[MW],18,191,628,17,96,252,185,77,262,1726
20250730B05,システム約定結果,応札量合計（電源属地別）[MW],5.74,29.069,4.968,1.92,60,118.611,170.839,121,19.924,532.071
20250730B05,システム約定結果,落札量合計（電源属地別）[MW],5.74,29.069,4.968,1.92,60,118.611,170.839,121,19.924,532.071
20250730B05,システム約定結果,応札件数（電源属地別）[件],2,2,4,1,2,6,7,6,4,34
20250730B05,システム約定結果,落札件数（電源属地別）[件],2,2,4,1,2,6,7,6,4,34
20250730B05,システム約定結果,最高落札価格（電源属地別）[円/kW・30分],5,16.47,19.5,19.51,2.77,18.56,19.51,7.01,19.5,19.51
20250730B05,システム約定結果,最低落札価格（電源属地別）[円/kW・30分],5,5.67,19.5,19.51,2.58,1.44,0.5,0.73,0.36,0.36
20250730B05,システム約定結果,平均落札価格（電源属地別）[円/kW・30分],5,9.04,19.5,19.51,2.69,5.1,2.3,3.8,4.68,4.02
20250730B05,システム約定結果,最高落札価格（TSO別）[円/kW・30分],5,16.47,19.5,19.51,2.77,18.56,19.51,7.01,19.5,19.51
20250730B05,システム約定結果,最低落札価格（TSO別）[円/kW・30分],5,5.67,19.5,19.51,0.55,1.44,0.5,0.73,0.36,0.36
20250730B05,システム約定結果,平均落札価格（TSO別）[円/kW・30分],5,9.04,19.5,19.51,2.59,4.43,1.84,3.16,4.68,4.02
20250730B05,システム約定結果,落札量合計（TSO別）[MW],5.74,29.069,4.968,1.92,85,219.611,73.871,91.968,19.924,532.071
20250730B05,システム約定結果,（内訳）自エリアからの落札量[MW],5.74,29.069,4.968,1.92,60,118.611,73.871,91.968,19.924,406.071
20250730B05,追加調達結果,募集量（TSO別）[MW],-,-,-,-,-,-,-,-,-,-
20250730B05,追加調達結果,応札量合計（電源属地別）[MW],0,0,0,0,0,0,0,0,0,0
20250730B05,追加調達結果,約定量合計（電源属地別）[MW],0,0,0,0,0,0,0,0,0,0
20250730B05,追加調達結果,応札件数（電源属地別）[件],0,0,0,0,0,0,0,0,0,0
20250730B05,追加調達結果,約定件数（電源属地別）[件],0,0,0,0,0,0,0,0,0,0
20250730B05,追加調達結果,最高約定価格（電源属地別）[円/kW・30分],0,0,0,0,0,0,0,0,0,0
20250730B05,追加調達結果,最低約定価格（電源属地別）[円/kW・30分],0,0,0,0,0,0,0,0,0,0
20250730B05,追加調達結果,平均約定価格（電源属地別）[円/kW・30分],0,0,0,0,0,0,0,0,0,0
20250730B05,追加調達結果,最高約定価格（TSO別）[円/kW・30分],0,0,0,0,0,0,0,0,0,0
20250730B05,追加調達結果,最低約定価格（TSO別）[円/kW・30分],0,0,0,0,0,0,0,0,0,0
20250730B05,追加調達結果,平均約定価格（TSO別）[円/kW・30分],0,0,0,0,0,0,0,0,0,0
20250730B05,追加調達結果,約定量合計（TSO別）[MW],0,0,0,0,0,0,0,0,0,0
20250730B05,追加調達結果,（内訳）自エリアからの約定量[MW],0,0,0,0,0,0,0,0,0,0
20250730B05,合計（確報値）,募集量（TSO別）[MW],18,191,628,17,96,252,185,77,262,1726
20250730B05,合計（確報値）,応札量合計（電源属地別）[MW],5.74,29.069,4.968,1.92,95,142.557,170.839,121,27.924,599.017
20250730B05,合計（確報値）,約定量合計（電源属地別）[MW],5.74,29.069,4.968,1.92,60,118.611,170.839,121,19.924,532.071
20250730B05,合計（確報値）,応札件数（電源属地別）[件],2,2,4,1,4,7,7,6,7,40
20250730B05,合計（確報値）,約定件数（電源属地別）[件],2,2,4,1,3,6,7,6,6,37
20250730B05,合計（確報値）,最高約定価格（電源属地別）[円/kW・30分],5,16.47,19.5,19.51,2.69,18.56,19.51,7.01,19.5,19.51
20250730B05,合計（確報値）,最低約定価格（電源属地別）[円/kW・30分],5,5.67,19.5,19.51,2.58,1.28,0.5,0.73,0.36,0.36
20250730B05,合計（確報値）,平均約定価格（電源属地別）[円/kW・30分],5,9.04,19.5,19.51,2.64,5.04,2.3,3.8,4.24,3.98
20250730B05,合計（確報値）,最高約定価格（TSO別）[円/kW・30分],5,16.47,19.5,19.51,2.76,18.56,19.51,7.01,19.5,19.51
20250730B05,合計（確報値）,最低約定価格（TSO別）[円/kW・30分],5,5.67,19.5,19.51,0.55,1.28,0.5,0.73,0.36,0.36
20250730B05,合計（確報値）,平均約定価格（TSO別）[円/kW・30分],5,9.04,19.5,19.51,2.56,4.4,1.84,3.16,4.24,3.98
20250730B05,合計（確報値）,約定量合計（TSO別）[MW],5.74,29.069,4.968,1.92,85,219.611,73.871,91.968,19.924,532.071
20250730B05,合計（確報値）,（内訳）自エリアからの約定量[MW],5.74,29.069,4.968,1.92,60,118.611,73.871,91.968,19.924,406.071
20250730B06,システム約定結果,募集量（TSO別）[MW],13,191,632,82,103,252,248,64,259,1844
20250730B06,システム約定結果,応札量合計（電源属地別）[MW],52.05,41.069,26.467,1.92,35,118.611,212.16,102,24.667,613.944
20250730B06,システム約定結果,落札量合計（電源属地別）[MW],52.05,41.069,26.467,1.92,35,118.611,212.16,102,24.667,613.944
20250730B06,システム約定結果,応札件数（電源属地別）[件],2,3,8,1,1,6,10,5,9,45
20250730B06,システム約定結果,落札件数（電源属地別）[件],2,3,8,1,1,6,10,5,9,45
20250730B06,システム約定結果,最高落札価格（電源属地別）[円/kW・30分],19.35,16.47,19.5,19.51,5.04,18.56,19.51,5.57,19.51,19.51
20250730B06,システム約定結果,最低落札価格（電源属地別）[円/kW・30分],7.5,3.64,8.36,19.51,5.04,4,2.02,0.49,1.36,0.49
20250730B06,システム約定結果,平均落札価格（電源属地別）[円/kW・30分],18.5,6.52,11.71,19.51,5.04,6.61,3.87,3.13,9.39,6.37
20250730B06,システム約定結果,最高落札価格（TSO別）[円/kW・30分],19.35,16.47,19.5,19.51,5.04,18.56,19.51,5.57,19.51,19.51
20250730B06,システム約定結果,最低落札価格（TSO別）[円/kW・30分],7.5,3.64,8.36,19.51,5.04,4,2.02,0.49,1.36,0.49
20250730B06,システム約定結果,平均落札価格（TSO別）[円/kW・30分],18.5,6.52,11.71,19.51,5.04,6.24,3.87,1.91,9.39,6.37
20250730B06,システム約定結果,落札量合計（TSO別）[MW],52.05,41.069,26.467,1.92,35,157.611,212.16,63,24.667,613.944
20250730B06,システム約定結果,（内訳）自エリアからの落札量[MW],52.05,41.069,26.467,1.92,35,118.611,212.16,63,24.667,574.944
20250730B06,追加調達結果,募集量（TSO別）[MW],-,-,-,-,-,-,-,-,-,-
20250730B06,追加調達結果,応札量合計（電源属地別）[MW],0,0,0,0,0,0,0,0,0,0
20250730B06,追加調達結果,約定量合計（電源属地別）[MW],0,0,0,0,0,0,0,0,0,0
20250730B06,追加調達結果,応札件数（電源属地別）[件],0,0,0,0,0,0,0,0,0,0
20250730B06,追加調達結果,約定件数（電源属地別）[件],0,0,0,0,0,0,0,0,0,0
20250730B06,追加調達結果,最高約定価格（電源属地別）[円/kW・30分],0,0,0,0,0,0,0,0,0,0
20250730B06,追加調達結果,最低約定価格（電源属地別）[円/kW・30分],0,0,0,0,0,0,0,0,0,0
20250730B06,追加調達結果,平均約定価格（電源属地別）[円/kW・30分],0,0,0,0,0,0,0,0,0,0
20250730B06,追加調達結果,最高約定価格（TSO別）[円/kW・30分],0,0,0,0,0,0,0,0,0,0
20250730B06,追加調達結果,最低約定価格（TSO別）[円/kW・30分],0,0,0,0,0,0,0,0,0,0
20250730B06,追加調達結果,平均約定価格（TSO別）[円/kW・30分],0,0,0,0,0,0,0,0,0,0
20250730B06,追加調達結果,約定量合計（TSO別）[MW],0,0,0,0,0,0,0,0,0,0
20250730B06,追加調達結果,（内訳）自エリアからの約定量[MW],0,0,0,0,0,0,0,0,0,0
20250730B06,合計（確報値）,募集量（TSO別）[MW],13,191,632,82,103,252,248,64,259,1844
20250730B06,合計（確報値）,応札量合計（電源属地別）[MW],52.05,53.069,44.966,1.92,70,142.557,212.16,102,24.667,703.389
20250730B06,合計（確報値）,約定量合計（電源属地別）[MW],52.05,41.069,26.467,1.92,35,118.611,212.16,102,24.667,613.944
20250730B06,合計（確報値）,応札件数（電源属地別）[件],2,5,10,1,2,8,10,5,9,52
20250730B06,合計（確報値）,約定件数（電源属地別）[件],2,4,9,1,1,7,10,5,9,48
20250730B06,合計（確報値）,最高約定価格（電源属地別）[円/kW・30分],19.35,16.47,19.5,19.51,4.96,18.56,19.51,5.57,19.51,19.51
20250730B06,合計（確報値）,最低約定価格（電源属地別）[円/kW・30分],7.5,3,0.36,19.51,4.96,4,2.02,0.49,1.36,0.36
20250730B06,合計（確報値）,平均約定価格（電源属地別）[円/kW・30分],18.5,6.29,6.12,19.51,4.96,6.59,3.87,3.13,9.39,6.1
20250730B06,合計（確報値）,最高約定価格（TSO別）[円/kW・30分],19.35,16.47,19.5,19.51,4.96,18.56,19.51,5.57,19.51,19.51
20250730B06,合計（確報値）,最低約定価格（TSO別）[円/kW・30分],7.5,3,0.36,19.51,4.96,4,2.02,0.49,1.36,0.36
20250730B06,合計（確報値）,平均約定価格（TSO別）[円/kW・30分],18.5,6.29,6.12,19.51,4.96,6.22,3.87,1.91,9.39,6.1
20250730B06,合計（確報値）,約定量合計（TSO別）[MW],52.05,41.069,26.467,1.92,35,157.611,212.16,63,24.667,613.944
20250730B06,合計（確報値）,（内訳）自エリアからの約定量[MW],52.05,41.069,26.467,1.92,35,118.611,212.16,63,24.667,574.944
20250730B07,システム約定結果,募集量（TSO別）[MW],12,161,629,50,102,242,244,52,242,1734
20250730B07,システム約定結果,応札量合計（電源属地別）[MW],54.04,41.069,104.665,1.92,35,118.611,224.887,102,179.93,862.122
20250730B07,システム約定結果,落札量合計（電源属地別）[MW],49.6,41.069,104.665,1.92,35,118.611,224.887,102,179.93,857.682
20250730B07,システム約定結果,応札件数（電源属地別）[件],3,3,9,1,1,6,11,5,9,48
20250730B07,システム約定結果,落札件数（電源属地別）[件],2,3,9,1,1,6,11,5,9,47
20250730B07,システム約定結果,最高落札価格（電源属地別）[円/kW・30分],19.35,16.47,19.5,19.51,4.64,18.56,19.51,5.49,19.51,19.51
20250730B07,システム約定結果,最低落札価格（電源属地別）[円/kW・30分],1.95,3.44,7.13,19.51,4.64,2.58,2.85,0.36,2.77,0.36
20250730B07,システム約定結果,平均落札価格（電源属地別）[円/kW・30分],18.89,6.48,7.88,19.51,4.64,5.81,4.59,3.3,4.32,5.9
20250730B07,システム約定結果,最高落札価格（TSO別）[円/kW・30分],19.35,16.47,19.5,19.51,5.13,18.56,19.51,5.49,19.51,19.51
20250730B07,システム約定結果,最低落札価格（TSO別）[円/kW・30分],1.95,3.44,7.13,19.51,2.77,0.36,2.85,0.36,3.1,0.36
20250730B07,システム約定結果,平均落札価格（TSO別）[円/kW・30分],18.89,6.48,7.88,19.51,4.66,4.8,4.36,4.24,4.42,5.9
20250730B07,システム約定結果,落札量合計（TSO別）[MW],49.6,41.069,104.665,1.92,37.087,228.611,185.8,45,163.93,857.682
20250730B07,システム約定結果,（内訳）自エリアからの落札量[MW],49.6,41.069,104.665,1.92,35,118.611,185.8,45,163.93,745.595
20250730B07,追加調達結果,募集量（TSO別）[MW],-,-,-,-,-,-,-,-,-,-
20250730B07,追加調達結果,応札量合計（電源属地別）[MW],0,0,0,0,0,0,0,0,0,0
20250730B07,追加調達結果,約定量合計（電源属地別）[MW],0,0,0,0,0,0,0,0,0,0
20250730B07,追加調達結果,応札件数（電源属地別）[件],0,0,0,0,0,0,0,0,0,0
20250730B07,追加調達結果,約定件数（電源属地別）[件],0,0,0,0,0,0,0,0,0,0
20250730B07,追加調達結果,最高約定価格（電源属地別）[円/kW・30分],0,0,0,0,0,0,0,0,0,0
20250730B07,追加調達結果,最低約定価格（電源属地別）[円/kW・30分],0,0,0,0,0,0,0,0,0,0
20250730B07,追加調達結果,平均約定価格（電源属地別）[円/kW・30分],0,0,0,0,0,0,0,0,0,0
20250730B07,追加調達結果,最高約定価格（TSO別）[円/kW・30分],0,0,0,0,0,0,0,0,0,0
20250730B07,追加調達結果,最低約定価格（TSO別）[円/kW・30分],0,0,0,0,0,0,0,0,0,0
20250730B07,追加調達結果,平均約定価格（TSO別）[円/kW・30分],0,0,0,0,0,0,0,0,0,0
20250730B07,追加調達結果,約定量合計（TSO別）[MW],0,0,0,0,0,0,0,0,0,0
20250730B07,追加調達結果,（内訳）自エリアからの約定量[MW],0,0,0,0,0,0,0,0,0,0
20250730B07,合計（確報値）,募集量（TSO別）[MW],12,161,629,50,102,242,244,52,242,1734
20250730B07,合計（確報値）,応札量合計（電源属地別）[MW],54.04,41.069,104.665,1.92,70,142.557,224.887,102,179.93,921.068
20250730B07,合計（確報値）,約定量合計（電源属地別）[MW],49.6,41.069,104.665,1.92,35,118.611,224.887,102,179.93,857.682
20250730B07,合計（確報値）,応札件数（電源属地別）[件],3,3,9,1,4,7,11,5,9,52
20250730B07,合計（確報値）,約定件数（電源属地別）[件],2,3,9,1,3,6,11,5,9,49
20250730B07,合計（確報値）,最高約定価格（電源属地別）[円/kW・30分],19.35,16.47,19.5,19.51,4.56,18.56,19.51,5.49,19.51,19.51
20250730B07,合計（確報値）,最低約定価格（電源属地別）[円/kW・30分],1.95,3.44,7.13,19.51,4.56,2.58,2.85,0.36,2.77,0.36
20250730B07,合計（確報値）,平均約定価格（電源属地別）[円/kW・30分],18.89,6.48,7.88,19.51,4.56,5.81,4.59,3.3,4.32,5.9
20250730B07,合計（確報値）,最高約定価格（TSO別）[円/kW・30分],19.35,16.47,19.5,19.51,5.13,18.56,19.51,5.49,19.51,19.51
20250730B07,合計（確報値）,最低約定価格（TSO別）[円/kW・30分],1.95,3.44,7.13,19.51,2.77,0.36,2.85,0.36,3.1,0.36
20250730B07,合計（確報値）,平均約定価格（TSO別）[円/kW・30分],18.89,6.48,7.88,19.51,4.59,4.8,4.36,4.24,4.42,5.9
20250730B07,合計（確報値）,約定量合計（TSO別）[MW],49.6,41.069,104.665,1.92,37.087,228.611,185.8,45,163.93,857.682
20250730B07,合計（確報値）,（内訳）自エリアからの約定量[MW],49.6,41.069,104.665,1.92,35,118.611,185.8,45,163.93,745.595
20250730B08,システム約定結果,募集量（TSO別）[MW],19,105,601,0,92,215,194,56,235,1517
20250730B08,システム約定結果,応札量合計（電源属地別）[MW],54.04,20,41.58,1.92,35,116.761,186.706,102,82.419,640.426
20250730B08,システム約定結果,落札量合計（電源属地別）[MW],53.35,20,41.58,1.92,35,116.761,186.706,102,82.419,639.736
20250730B08,システム約定結果,応札件数（電源属地別）[件],3,1,5,1,1,5,8,5,7,36
20250730B08,システム約定結果,落札件数（電源属地別）[件],3,1,5,1,1,5,8,5,7,36
20250730B08,システム約定結果,最高落札価格（電源属地別）[円/kW・30分],19.35,2.55,19.51,19.51,2.35,9.53,19.51,5.39,19.51,19.51
20250730B08,システム約定結果,最低落札価格（電源属地別）[円/kW・30分],3.7,2.55,4.1,19.51,2.35,0.36,0.96,0.36,0.72,0.36
20250730B08,システム約定結果,平均落札価格（電源属地別）[円/kW・30分],17.89,2.55,6.39,19.51,2.35,4.2,2.99,3.26,3.67,4.81
20250730B08,システム約定結果,最高落札価格（TSO別）[円/kW・30分],19.35,0,19.51,0,5.39,19.51,19.51,5.39,19.51,19.51
20250730B08,システム約定結果,最低落札価格（TSO別）[円/kW・30分],3.7,0,2.55,0,0.36,0.36,0.96,0.36,0.72,0.36
20250730B08,システム約定結果,平均落札価格（TSO別）[円/kW・30分],17.89,0,5.14,0,2.18,4.59,2.99,3.12,3.67,4.81
20250730B08,システム約定結果,落札量合計（TSO別）[MW],53.35,0,61.58,0,61,138.681,186.706,56,82.419,639.736
20250730B08,システム約定結果,（内訳）自エリアからの落札量[MW],53.35,0,41.58,0,35,116.761,186.706,56,82.419,571.816
20250730B08,追加調達結果,募集量（TSO別）[MW],-,-,-,-,-,-,-,-,-,-
20250730B08,追加調達結果,応札量合計（電源属地別）[MW],0,0,0,0,0,0,0,0,0,0
20250730B08,追加調達結果,約定量合計（電源属地別）[MW],0,0,0,0,0,0,0,0,0,0
20250730B08,追加調達結果,応札件数（電源属地別）[件],0,0,0,0,0,0,0,0,0,0
20250730B08,追加調達結果,約定件数（電源属地別）[件],0,0,0,0,0,0,0,0,0,0
20250730B08,追加調達結果,最高約定価格（電源属地別）[円/kW・30分],0,0,0,0,0,0,0,0,0,0
20250730B08,追加調達結果,最低約定価格（電源属地別）[円/kW・30分],0,0,0,0,0,0,0,0,0,0
20250730B08,追加調達結果,平均約定価格（電源属地別）[円/kW・30分],0,0,0,0,0,0,0,0,0,0
20250730B08,追加調達結果,最高約定価格（TSO別）[円/kW・30分],0,0,0,0,0,0,0,0,0,0
20250730B08,追加調達結果,最低約定価格（TSO別）[円/kW・30分],0,0,0,0,0,0,0,0,0,0
20250730B08,追加調達結果,平均約定価格（TSO別）[円/kW・30分],0,0,0,0,0,0,0,0,0,0
20250730B08,追加調達結果,約定量合計（TSO別）[MW],0,0,0,0,0,0,0,0,0,0
20250730B08,追加調達結果,（内訳）自エリアからの約定量[MW],0,0,0,0,0,0,0,0,0,0
20250730B08,合計（確報値）,募集量（TSO別）[MW],19,105,601,0,92,215,194,56,235,1517
20250730B08,合計（確報値）,応札量合計（電源属地別）[MW],54.04,20,41.58,1.92,70,140.707,186.706,102,82.419,699.372
20250730B08,合計（確報値）,約定量合計（電源属地別）[MW],53.35,20,41.58,1.92,35,116.761,186.706,102,82.419,639.736
20250730B08,合計（確報値）,応札件数（電源属地別）[件],3,1,5,1,3,6,8,5,7,39
20250730B08,合計（確報値）,約定件数（電源属地別）[件],3,1,5,1,2,5,8,5,7,37
20250730B08,合計（確報値）,最高約定価格（電源属地別）[円/kW・30分],19.35,2.55,19.51,19.51,2.27,9.53,19.51,5.39,19.51,19.51
20250730B08,合計（確報値）,最低約定価格（電源属地別）[円/kW・30分],3.7,2.55,4.1,19.51,2.27,0.36,0.96,0.36,0.72,0.36
20250730B08,合計（確報値）,平均約定価格（電源属地別）[円/kW・30分],17.89,2.55,6.39,19.51,2.27,4.2,2.99,3.26,3.67,4.8
20250730B08,合計（確報値）,最高約定価格（TSO別）[円/kW・30分],19.35,0,19.51,0,5.39,19.51,19.51,5.39,19.51,19.51
20250730B08,合計（確報値）,最低約定価格（TSO別）[円/kW・30分],3.7,0,2.55,0,0.36,0.36,0.96,0.36,0.72,0.36
20250730B08,合計（確報値）,平均約定価格（TSO別）[円/kW・30分],17.89,0,5.14,0,2.13,4.59,2.99,3.12,3.67,4.8
20250730B08,合計（確報値）,約定量合計（TSO別）[MW],53.35,0,61.58,0,61,138.681,186.706,56,82.419,639.736
20250730B08,合計（確報値）,（内訳）自エリアからの約定量[MW],53.35,0,41.58,0,35,116.761,186.706,56,82.419,571.816
20250731B01,システム約定結果,募集量（TSO別）[MW],6,52,523,0,54,211,221,46,180,1293
20250731B01,システム約定結果,応札量合計（電源属地別）[MW],54.04,41.069,5.48,62.113,35,70.004,169.039,94,84.308,615.053
20250731B01,システム約定結果,落札量合計（電源属地別）[MW],48.3,41.069,5.48,62.113,35,70.004,169.039,94,84.308,609.313
20250731B01,システム約定結果,応札件数（電源属地別）[件],3,3,3,6,1,4,6,5,8,39
20250731B01,システム約定結果,落札件数（電源属地別）[件],1,3,3,6,1,4,6,5,8,37
20250731B01,システム約定結果,最高落札価格（電源属地別）[円/kW・30分],17.88,16.47,19.51,19.51,1.33,5.53,2.31,5.65,19.51,19.51
20250731B01,システム約定結果,最低落札価格（電源属地別）[円/kW・30分],17.88,2.55,9.26,2.73,1.33,0.36,0.36,0.36,0.36,0.36
20250731B01,システム約定結果,平均落札価格（電源属地別）[円/kW・30分],17.88,6.45,13.52,3.87,1.33,0.55,1.78,3.26,2.6,3.87
20250731B01,システム約定結果,最高落札価格（TSO別）[円/kW・30分],17.88,16.47,19.51,0,1.33,19.51,2.31,5.65,19.51,19.51
20250731B01,システム約定結果,最低落札価格（TSO別）[円/kW・30分],17.88,2.55,9.26,0,1.33,0.36,0.36,0.36,0.36,0.36
20250731B01,システム約定結果,平均落札価格（TSO別）[円/kW・30分],17.88,6.45,13.52,0,1.33,2.48,1.71,3.42,2.6,3.87
20250731B01,システム約定結果,落札量合計（TSO別）[MW],48.3,41.069,5.48,0,35,171.117,178.039,46,84.308,609.313
20250731B01,システム約定結果,（内訳）自エリアからの落札量[MW],48.3,41.069,5.48,0,35,70.004,169.039,46,84.308,499.2
20250731B01,追加調達結果,募集量（TSO別）[MW],-,-,-,-,-,-,-,-,-,-
20250731B01,追加調達結果,応札量合計（電源属地別）[MW],0,0,0,0,0,0,0,0,0,0
20250731B01,追加調達結果,約定量合計（電源属地別）[MW],0,0,0,0,0,0,0,0,0,0
20250731B01,追加調達結果,応札件数（電源属地別）[件],0,0,0,0,0,0,0,0,0,0
20250731B01,追加調達結果,約定件数（電源属地別）[件],0,0,0,0,0,0,0,0,0,0
20250731B01,追加調達結果,最高約定価格（電源属地別）[円/kW・30分],0,0,0,0,0,0,0,0,0,0
20250731B01,追加調達結果,最低約定価格（電源属地別）[円/kW・30分],0,0,0,0,0,0,0,0,0,0
20250731B01,追加調達結果,平均約定価格（電源属地別）[円/kW・30分],0,0,0,0,0,0,0,0,0,0
20250731B01,追加調達結果,最高約定価格（TSO別）[円/kW・30分],0,0,0,0,0,0,0,0,0,0
20250731B01,追加調達結果,最低約定価格（TSO別）[円/kW・30分],0,0,0,0,0,0,0,0,0,0
20250731B01,追加調達結果,平均約定価格（TSO別）[円/kW・30分],0,0,0,0,0,0,0,0,0,0
20250731B01,追加調達結果,約定量合計（TSO別）[MW],0,0,0,0,0,0,0,0,0,0
20250731B01,追加調達結果,（内訳）自エリアからの約定量[MW],0,0,0,0,0,0,0,0,0,0
20250731B01,合計（確報値）,募集量（TSO別）[MW],6,52,523,0,54,211,221,46,180,1293
20250731B01,合計（確報値）,応札量合計（電源属地別）[MW],54.04,41.069,5.48,122.306,35,93.95,169.039,94,84.308,699.192
20250731B01,合計（確報値）,約定量合計（電源属地別）[MW],48.3,41.069,5.48,62.113,0,70.004,169.039,94,84.308,574.313
20250731B01,合計（確報値）,応札件数（電源属地別）[件],3,3,3,11,1,5,6,5,8,45
20250731B01,合計（確報値）,約定件数（電源属地別）[件],1,3,3,6,0,4,6,5,8,36
20250731B01,合計（確報値）,最高約定価格（電源属地別）[円/kW・30分],17.88,16.47,19.51,19.51,0,5.53,2.31,5.65,19.51,19.51
20250731B01,合計（確報値）,最低約定価格（電源属地別）[円/kW・30分],17.88,2.55,9.26,0.36,0,0.36,0.36,0.36,0.36,0.36
20250731B01,合計（確報値）,平均約定価格（電源属地別）[円/kW・30分],17.88,6.45,13.52,0.95,0,0.55,1.78,3.26,2.6,3.7
20250731B01,合計（確報値）,最高約定価格（TSO別）[円/kW・30分],17.88,16.47,19.51,0,0,19.51,2.31,5.65,19.51,19.51
20250731B01,合計（確報値）,最低約定価格（TSO別）[円/kW・30分],17.88,2.55,9.26,0,0,0.36,0.36,0.36,0.36,0.36
20250731B01,合計（確報値）,平均約定価格（TSO別）[円/kW・30分],17.88,6.45,13.52,0,0,1.42,1.71,3.42,2.6,3.7
20250731B01,合計（確報値）,約定量合計（TSO別）[MW],48.3,41.069,5.48,0,0,171.117,178.039,46,84.308,574.313
20250731B01,合計（確報値）,（内訳）自エリアからの約定量[MW],48.3,41.069,5.48,0,0,70.004,169.039,46,84.308,464.2
20250731B02,システム約定結果,募集量（TSO別）[MW],0,72,471,0,68,210,219,47,206,1293
20250731B02,システム約定結果,応札量合計（電源属地別）[MW],24.44,41.069,23.179,62.161,35,116.761,170.839,99,84.308,656.757
20250731B02,システム約定結果,落札量合計（電源属地別）[MW],22.45,41.069,23.179,62.161,35,116.761,170.839,99,84.308,654.767
20250731B02,システム約定結果,応札件数（電源属地別）[件],3,3,4,6,1,5,7,5,8,42
20250731B02,システム約定結果,落札件数（電源属地別）[件],2,3,4,6,1,5,7,5,8,41
20250731B02,システム約定結果,最高落札価格（電源属地別）[円/kW・30分],17.07,16.47,19.51,19.51,1.08,9.53,19.51,5.7,19.51,19.51
20250731B02,システム約定結果,最低落札価格（電源属地別）[円/kW・30分],5,2.55,1.67,2.73,1.08,0.36,0.36,0.58,0.36,0.36
20250731B02,システム約定結果,平均落札価格（電源属地別）[円/kW・30分],15.05,6.44,4.47,4.65,1.08,4.15,1.79,3.36,2.56,3.62
20250731B02,システム約定結果,最高落札価格（TSO別）[円/kW・30分],17.07,16.47,19.51,0,1.08,19.51,19.51,4.66,19.51,19.51
20250731B02,システム約定結果,最低落札価格（TSO別）[円/kW・30分],5,2.55,1.67,0,1.08,0.36,0.36,0.58,0.36,0.36
20250731B02,システム約定結果,平均落札価格（TSO別）[円/kW・30分],15.05,6.44,4.47,0,1.08,4.43,1.85,2.71,2.56,3.62
20250731B02,システム約定結果,落札量合計（TSO別）[MW],22.45,41.069,23.179,0,35,210,191.761,47,84.308,654.767
20250731B02,システム約定結果,（内訳）自エリアからの落札量[MW],22.45,41.069,23.179,0,35,116.761,170.839,47,84.308,540.606
20250731B02,追加調達結果,募集量（TSO別）[MW],-,-,-,-,-,-,-,-,-,-
20250731B02,追加調達結果,応札量合計（電源属地別）[MW],0,0,0,0,0,0,0,0,0,0
20250731B02,追加調達結果,約定量合計（電源属地別）[MW],0,0,0,0,0,0,0,0,0,0
20250731B02,追加調達結果,応札件数（電源属地別）[件],0,0,0,0,0,0,0,0,0,0
20250731B02,追加調達結果,約定件数（電源属地別）[件],0,0,0,0,0,0,0,0,0,0
20250731B02,追加調達結果,最高約定価格（電源属地別）[円/kW・30分],0,0,0,0,0,0,0,0,0,0
20250731B02,追加調達結果,最低約定価格（電源属地別）[円/kW・30分],0,0,0,0,0,0,0,0,0,0
20250731B02,追加調達結果,平均約定価格（電源属地別）[円/kW・30分],0,0,0,0,0,0,0,0,0,0
20250731B02,追加調達結果,最高約定価格（TSO別）[円/kW・30分],0,0,0,0,0,0,0,0,0,0
20250731B02,追加調達結果,最低約定価格（TSO別）[円/kW・30分],0,0,0,0,0,0,0,0,0,0
20250731B02,追加調達結果,平均約定価格（TSO別）[円/kW・30分],0,0,0,0,0,0,0,0,0,0
20250731B02,追加調達結果,約定量合計（TSO別）[MW],0,0,0,0,0,0,0,0,0,0
20250731B02,追加調達結果,（内訳）自エリアからの約定量[MW],0,0,0,0,0,0,0,0,0,0
20250731B02,合計（確報値）,募集量（TSO別）[MW],0,72,471,0,68,210,219,47,206,1293
20250731B02,合計（確報値）,応札量合計（電源属地別）[MW],24.44,41.069,23.179,122.402,70,140.707,170.839,99,84.308,775.944
20250731B02,合計（確報値）,約定量合計（電源属地別）[MW],22.45,41.069,23.179,62.161,35,116.761,170.839,99,84.308,654.767
20250731B02,合計（確報値）,応札件数（電源属地別）[件],3,3,4,11,2,6,7,5,8,49
20250731B02,合計（確報値）,約定件数（電源属地別）[件],2,3,4,6,1,5,7,5,8,41
20250731B02,合計（確報値）,最高約定価格（電源属地別）[円/kW・30分],17.07,16.47,19.51,19.51,1.08,9.53,19.51,5.7,19.51,19.51
20250731B02,合計（確報値）,最低約定価格（電源属地別）[円/kW・30分],5,2.55,1.67,0.36,1.08,0.36,0.36,0.58,0.36,0.36
20250731B02,合計（確報値）,平均約定価格（電源属地別）[円/kW・30分],15.05,6.44,4.47,0.95,1.08,4.15,1.79,3.36,2.56,3.27
20250731B02,合計（確報値）,最高約定価格（TSO別）[円/kW・30分],17.07,16.47,19.51,0,1.08,19.51,19.51,4.66,19.51,19.51
20250731B02,合計（確報値）,最低約定価格（TSO別）[円/kW・30分],5,2.55,1.67,0,1.08,0.36,0.36,0.58,0.36,0.36
20250731B02,合計（確報値）,平均約定価格（TSO別）[円/kW・30分],15.05,6.44,4.47,0,1.08,3.34,1.85,2.71,2.56,3.27
20250731B02,合計（確報値）,約定量合計（TSO別）[MW],22.45,41.069,23.179,0,35,210,191.761,47,84.308,654.767
20250731B02,合計（確報値）,（内訳）自エリアからの約定量[MW],22.45,41.069,23.179,0,35,116.761,170.839,47,84.308,540.606
20250731B03,システム約定結果,募集量（TSO別）[MW],0,151,571,0,70,259,197,44,240,1532
20250731B03,システム約定結果,応札量合計（電源属地別）[MW],3.75,29.069,7.448,13.968,35,116.761,170.839,112,15.419,504.254
20250731B03,システム約定結果,落札量合計（電源属地別）[MW],0,29.069,7.448,13.968,35,116.761,170.839,112,15.419,500.504
20250731B03,システム約定結果,応札件数（電源属地別）[件],1,2,4,2,1,5,7,6,5,33
20250731B03,システム約定結果,落札件数（電源属地別）[件],0,2,4,2,1,5,7,6,5,32
20250731B03,システム約定結果,最高落札価格（電源属地別）[円/kW・30分],0,16.47,19.51,19.51,1.13,9.53,19.51,5.66,19.51,19.51
20250731B03,システム約定結果,最低落札価格（電源属地別）[円/kW・30分],0,4.58,9.26,2.61,1.13,0.36,0.36,0.36,0.36,0.36
20250731B03,システム約定結果,平均落札価格（電源属地別）[円/kW・30分],0,8.29,15.1,4.93,1.13,4.15,1.7,2.83,7.02,3.32
20250731B03,システム約定結果,最高落札価格（TSO別）[円/kW・30分],0,16.47,19.51,0,5.66,19.51,19.51,5.66,19.51,19.51
20250731B03,システム約定結果,最低落札価格（TSO別）[円/kW・30分],0,4.58,4.58,0,0.36,0.36,0.36,0.36,0.36,0.36
20250731B03,システム約定結果,平均落札価格（TSO別）[円/kW・30分],0,11.29,8.41,0,1.53,4.61,1.71,2.1,6.26,3.32
20250731B03,システム約定結果,落札量合計（TSO別）[MW],0,16.069,20.448,0,55,142.729,168.839,80,17.419,500.504
20250731B03,システム約定結果,（内訳）自エリアからの落札量[MW],0,16.069,7.448,0,35,116.761,168.839,80,15.419,439.536
20250731B03,追加調達結果,募集量（TSO別）[MW],-,-,-,-,-,-,-,-,-,-
20250731B03,追加調達結果,応札量合計（電源属地別）[MW],0,0,0,0,0,0,0,0,0,0
20250731B03,追加調達結果,約定量合計（電源属地別）[MW],0,0,0,0,0,0,0,0,0,0
20250731B03,追加調達結果,応札件数（電源属地別）[件],0,0,0,0,0,0,0,0,0,0
20250731B03,追加調達結果,約定件数（電源属地別）[件],0,0,0,0,0,0,0,0,0,0
20250731B03,追加調達結果,最高約定価格（電源属地別）[円/kW・30分],0,0,0,0,0,0,0,0,0,0
20250731B03,追加調達結果,最低約定価格（電源属地別）[円/kW・30分],0,0,0,0,0,0,0,0,0,0
20250731B03,追加調達結果,平均約定価格（電源属地別）[円/kW・30分],0,0,0,0,0,0,0,0,0,0
20250731B03,追加調達結果,最高約定価格（TSO別）[円/kW・30分],0,0,0,0,0,0,0,0,0,0
20250731B03,追加調達結果,最低約定価格（TSO別）[円/kW・30分],0,0,0,0,0,0,0,0,0,0
20250731B03,追加調達結果,平均約定価格（TSO別）[円/kW・30分],0,0,0,0,0,0,0,0,0,0
20250731B03,追加調達結果,約定量合計（TSO別）[MW],0,0,0,0,0,0,0,0,0,0
20250731B03,追加調達結果,（内訳）自エリアからの約定量[MW],0,0,0,0,0,0,0,0,0,0
20250731B03,合計（確報値）,募集量（TSO別）[MW],0,151,571,0,70,259,197,44,240,1532
20250731B03,合計（確報値）,応札量合計（電源属地別）[MW],3.75,29.069,7.448,13.968,70,140.707,170.839,112,15.419,563.2
20250731B03,合計（確報値）,約定量合計（電源属地別）[MW],0,29.069,5.48,13.968,35,116.761,170.839,112,15.419,498.536
20250731B03,合計（確報値）,応札件数（電源属地別）[件],1,2,4,2,3,7,7,6,5,37
20250731B03,合計（確報値）,約定件数（電源属地別）[件],0,2,3,2,2,6,7,6,5,33
20250731B03,合計（確報値）,最高約定価格（電源属地別）[円/kW・30分],0,16.47,19.51,19.51,1.13,9.53,19.51,5.66,19.51,19.51
20250731B03,合計（確報値）,最低約定価格（電源属地別）[円/kW・30分],0,4.58,9.26,2.61,1.13,0.36,0.36,0.36,0.36,0.36
20250731B03,合計（確報値）,平均約定価格（電源属地別）[円/kW・30分],0,8.29,13.52,4.93,1.13,4.15,1.7,2.83,7.02,3.26
20250731B03,合計（確報値）,最高約定価格（TSO別）[円/kW・30分],0,16.47,19.51,0,5.66,19.51,19.51,5.66,19.51,19.51
20250731B03,合計（確報値）,最低約定価格（TSO別）[円/kW・30分],0,4.58,4.58,0,0.36,0.36,0.36,0.36,0.36,0.36
20250731B03,合計（確報値）,平均約定価格（TSO別）[円/kW・30分],0,11.29,7.23,0,1.53,4.61,1.71,2.1,6.26,3.26
20250731B03,合計（確報値）,約定量合計（TSO別）[MW],0,16.069,18.48,0,55,142.729,168.839,80,17.419,498.536
20250731B03,合計（確報値）,（内訳）自エリアからの約定量[MW],0,16.069,5.48,0,35,116.761,168.839,80,15.419,437.568
20250731B04,システム約定結果,募集量（TSO別）[MW],24,208,628,25,97,292,209,66,259,1808
20250731B04,システム約定結果,応札量合計（電源属地別）[MW],24.44,29.069,7.968,1.92,60,118.611,170.839,102,28.667,543.514
20250731B04,システム約定結果,落札量合計（電源属地別）[MW],24.44,29.069,7.968,1.92,60,118.611,170.839,102,28.667,543.514
20250731B04,システム約定結果,応札件数（電源属地別）[件],3,2,7,1,2,6,7,5,9,42
20250731B04,システム約定結果,落札件数（電源属地別）[件],3,2,7,1,2,6,7,5,9,42
20250731B04,システム約定結果,最高落札価格（電源属地別）[円/kW・30分],6,16.47,19.5,19.51,2.71,18.56,19.51,7.89,19.51,19.51
20250731B04,システム約定結果,最低落札価格（電源属地別）[円/kW・30分],1.08,5.76,19.5,19.51,2.52,1.19,0.36,0.78,0.36,0.36
20250731B04,システム約定結果,平均落札価格（電源属地別）[円/kW・30分],2.21,9.1,19.5,19.51,2.63,4.91,1.99,4.73,9.26,4.31
20250731B04,システム約定結果,最高落札価格（TSO別）[円/kW・30分],6,16.47,19.5,19.51,2.71,18.56,19.51,7.89,19.51,19.51
20250731B04,システム約定結果,最低落札価格（TSO別）[円/kW・30分],1.08,5.76,19.5,19.51,2.52,0.36,0.36,0.78,0.36,0.36
20250731B04,システム約定結果,平均落札価格（TSO別）[円/kW・30分],2.21,9.1,19.5,19.51,2.63,3.99,2.2,4.24,9.26,4.31
20250731B04,システム約定結果,落札量合計（TSO別）[MW],24.44,29.069,7.968,1.92,60,216.392,97.8,77.258,28.667,543.514
20250731B04,システム約定結果,（内訳）自エリアからの落札量[MW],24.44,29.069,7.968,1.92,60,118.611,97.8,77.258,28.667,445.733
20250731B04,追加調達結果,募集量（TSO別）[MW],-,-,-,-,-,-,-,-,-,-
20250731B04,追加調達結果,応札量合計（電源属地別）[MW],0,0,0,0,0,0,0,0,0,0
20250731B04,追加調達結果,約定量合計（電源属地別）[MW],0,0,0,0,0,0,0,0,0,0
20250731B04,追加調達結果,応札件数（電源属地別）[件],0,0,0,0,0,0,0,0,0,0
20250731B04,追加調達結果,約定件数（電源属地別）[件],0,0,0,0,0,0,0,0,0,0
20250731B04,追加調達結果,最高約定価格（電源属地別）[円/kW・30分],0,0,0,0,0,0,0,0,0,0
20250731B04,追加調達結果,最低約定価格（電源属地別）[円/kW・30分],0,0,0,0,0,0,0,0,0,0
20250731B04,追加調達結果,平均約定価格（電源属地別）[円/kW・30分],0,0,0,0,0,0,0,0,0,0
20250731B04,追加調達結果,最高約定価格（TSO別）[円/kW・30分],0,0,0,0,0,0,0,0,0,0
20250731B04,追加調達結果,最低約定価格（TSO別）[円/kW・30分],0,0,0,0,0,0,0,0,0,0
20250731B04,追加調達結果,平均約定価格（TSO別）[円/kW・30分],0,0,0,0,0,0,0,0,0,0
20250731B04,追加調達結果,約定量合計（TSO別）[MW],0,0,0,0,0,0,0,0,0,0
20250731B04,追加調達結果,（内訳）自エリアからの約定量[MW],0,0,0,0,0,0,0,0,0,0
20250731B04,合計（確報値）,募集量（TSO別）[MW],24,208,628,25,97,292,209,66,259,1808
20250731B04,合計（確報値）,応札量合計（電源属地別）[MW],24.44,29.069,7.968,1.92,95,142.557,170.839,102,40.667,614.46
20250731B04,合計（確報値）,約定量合計（電源属地別）[MW],24.44,29.069,6,1.92,60,118.611,170.839,102,28.667,541.546
20250731B04,合計（確報値）,応札件数（電源属地別）[件],3,2,7,1,3,7,7,5,13,48
20250731B04,合計（確報値）,約定件数（電源属地別）[件],3,2,6,1,2,6,7,5,11,43
20250731B04,合計（確報値）,最高約定価格（電源属地別）[円/kW・30分],6,16.47,19.5,19.51,2.52,18.56,19.51,7.89,19.51,19.51
20250731B04,合計（確報値）,最低約定価格（電源属地別）[円/kW・30分],1.08,5.76,19.5,19.51,2.42,1.19,0.36,0.78,0.36,0.36
20250731B04,合計（確報値）,平均約定価格（電源属地別）[円/kW・30分],2.21,9.1,19.5,19.51,2.46,4.89,1.99,4.73,8.41,4.18
20250731B04,合計（確報値）,最高約定価格（TSO別）[円/kW・30分],6,16.47,19.5,19.51,2.52,18.56,19.51,7.89,19.51,19.51
20250731B04,合計（確報値）,最低約定価格（TSO別）[円/kW・30分],1.08,5.76,19.5,19.51,2.42,0.36,0.36,0.78,0.36,0.36
20250731B04,合計（確報値）,平均約定価格（TSO別）[円/kW・30分],2.21,9.1,19.5,19.51,2.46,3.98,2.2,4.24,8.41,4.18
20250731B04,合計（確報値）,約定量合計（TSO別）[MW],24.44,29.069,6,1.92,60,216.392,97.8,77.258,28.667,541.546
20250731B04,合計（確報値）,（内訳）自エリアからの約定量[MW],24.44,29.069,6,1.92,60,118.611,97.8,77.258,28.667,443.765
20250731B05,システム約定結果,募集量（TSO別）[MW],18,202,628,17,96,252,185,77,262,1737
20250731B05,システム約定結果,応札量合計（電源属地別）[MW],5.74,29.069,4.968,1.92,60,118.611,170.839,121,21.914,534.061
20250731B05,システム約定結果,落札量合計（電源属地別）[MW],5.74,29.069,4.968,1.92,60,118.611,170.839,121,21.914,534.061
20250731B05,システム約定結果,応札件数（電源属地別）[件],2,2,4,1,2,6,7,6,5,35
20250731B05,システム約定結果,落札件数（電源属地別）[件],2,2,4,1,2,6,7,6,5,35
20250731B05,システム約定結果,最高落札価格（電源属地別）[円/kW・30分],5,16.47,19.5,19.51,2.77,18.56,19.51,6.83,19.5,19.51
20250731B05,システム約定結果,最低落札価格（電源属地別）[円/kW・30分],5,5,19.5,19.51,2.58,1.44,0.47,0.71,0.36,0.36
20250731B05,システム約定結果,平均落札価格（電源属地別）[円/kW・30分],5,8.58,19.5,19.51,2.69,5.08,2.25,3.72,6.02,4.01
20250731B05,システム約定結果,最高落札価格（TSO別）[円/kW・30分],5,16.47,19.5,19.51,5.89,18.56,19.51,6.83,19.5,19.51
20250731B05,システム約定結果,最低落札価格（TSO別）[円/kW・30分],5,5,19.5,19.51,0.89,0.52,0.47,0.71,0.36,0.36
20250731B05,システム約定結果,平均落札価格（TSO別）[円/kW・30分],5,8.58,19.5,19.51,3.49,3.93,1.8,3.33,6.02,4.01
20250731B05,システム約定結果,落札量合計（TSO別）[MW],5.74,29.069,4.968,1.92,85,219.611,73.871,91.968,21.914,534.061
20250731B05,システム約定結果,（内訳）自エリアからの落札量[MW],5.74,29.069,4.968,1.92,60,118.611,73.871,91.968,21.914,408.061
20250731B05,追加調達結果,募集量（TSO別）[MW],-,-,-,-,-,-,-,-,-,-
20250731B05,追加調達結果,応札量合計（電源属地別）[MW],0,0,0,0,0,0,0,0,0,0
20250731B05,追加調達結果,約定量合計（電源属地別）[MW],0,0,0,0,0,0,0,0,0,0
20250731B05,追加調達結果,応札件数（電源属地別）[件],0,0,0,0,0,0,0,0,0,0
20250731B05,追加調達結果,約定件数（電源属地別）[件],0,0,0,0,0,0,0,0,0,0
20250731B05,追加調達結果,最高約定価格（電源属地別）[円/kW・30分],0,0,0,0,0,0,0,0,0,0
20250731B05,追加調達結果,最低約定価格（電源属地別）[円/kW・30分],0,0,0,0,0,0,0,0,0,0
20250731B05,追加調達結果,平均約定価格（電源属地別）[円/kW・30分],0,0,0,0,0,0,0,0,0,0
20250731B05,追加調達結果,最高約定価格（TSO別）[円/kW・30分],0,0,0,0,0,0,0,0,0,0
20250731B05,追加調達結果,最低約定価格（TSO別）[円/kW・30分],0,0,0,0,0,0,0,0,0,0
20250731B05,追加調達結果,平均約定価格（TSO別）[円/kW・30分],0,0,0,0,0,0,0,0,0,0
20250731B05,追加調達結果,約定量合計（TSO別）[MW],0,0,0,0,0,0,0,0,0,0
20250731B05,追加調達結果,（内訳）自エリアからの約定量[MW],0,0,0,0,0,0,0,0,0,0
20250731B05,合計（確報値）,募集量（TSO別）[MW],18,202,628,17,96,252,185,77,262,1737
20250731B05,合計（確報値）,応札量合計（電源属地別）[MW],5.74,29.069,4.968,1.92,95,142.557,170.839,121,21.914,593.007
20250731B05,合計（確報値）,約定量合計（電源属地別）[MW],5.74,29.069,3,1.92,60,118.611,170.839,121,21.914,532.093
20250731B05,合計（確報値）,応札件数（電源属地別）[件],2,2,4,1,4,7,7,6,5,38
20250731B05,合計（確報値）,約定件数（電源属地別）[件],2,2,3,1,3,6,7,6,5,35
20250731B05,合計（確報値）,最高約定価格（電源属地別）[円/kW・30分],5,16.47,19.5,19.51,2.77,18.56,19.51,6.83,19.5,19.51
20250731B05,合計（確報値）,最低約定価格（電源属地別）[円/kW・30分],5,5,19.5,19.51,2.58,1.28,0.47,0.71,0.36,0.36
20250731B05,合計（確報値）,平均約定価格（電源属地別）[円/kW・30分],5,8.58,19.5,19.51,2.69,5.02,2.25,3.72,6.02,3.94
20250731B05,合計（確報値）,最高約定価格（TSO別）[円/kW・30分],5,16.47,19.5,19.51,5.89,18.56,19.51,6.83,19.5,19.51
20250731B05,合計（確報値）,最低約定価格（TSO別）[円/kW・30分],5,5,19.5,19.51,0.89,0.52,0.47,0.71,0.36,0.36
20250731B05,合計（確報値）,平均約定価格（TSO別）[円/kW・30分],5,8.58,19.5,19.51,3.49,3.9,1.8,3.33,6.02,3.94
20250731B05,合計（確報値）,約定量合計（TSO別）[MW],5.74,29.069,3,1.92,85,219.611,73.871,91.968,21.914,532.093
20250731B05,合計（確報値）,（内訳）自エリアからの約定量[MW],5.74,29.069,3,1.92,60,118.611,73.871,91.968,21.914,406.093
20250731B06,システム約定結果,募集量（TSO別）[MW],13,191,632,82,103,252,248,64,259,1844
20250731B06,システム約定結果,応札量合計（電源属地別）[MW],52.05,41.069,44.966,1.92,35,118.611,245.855,102,17.667,659.138
20250731B06,システム約定結果,落札量合計（電源属地別）[MW],52.05,41.069,44.966,1.92,35,118.611,245.855,102,17.667,659.138
20250731B06,システム約定結果,応札件数（電源属地別）[件],2,3,9,1,1,6,11,5,8,46
20250731B06,システム約定結果,落札件数（電源属地別）[件],2,3,9,1,1,6,11,5,8,46
20250731B06,システム約定結果,最高落札価格（電源属地別）[円/kW・30分],19.35,16.47,19.5,19.51,5.04,18.56,19.51,5.58,19.51,19.51
20250731B06,システム約定結果,最低落札価格（電源属地別）[円/kW・30分],7.5,3.63,8.37,19.51,5.04,4,2,0.5,1.36,0.5
20250731B06,システム約定結果,平均落札価格（電源属地別）[円/kW・30分],18.5,6.56,10.41,19.51,5.04,6.61,5.99,3.11,12.48,7.15
20250731B06,システム約定結果,最高落札価格（TSO別）[円/kW・30分],19.35,16.47,19.5,19.51,5.04,18.56,19.51,5.58,19.51,19.51
20250731B06,システム約定結果,最低落札価格（TSO別）[円/kW・30分],7.5,3.63,8.37,19.51,5.04,4,2,0.5,1.36,0.5
20250731B06,システム約定結果,平均落札価格（TSO別）[円/kW・30分],18.5,6.56,10.41,19.51,5.04,6.47,5.99,2.54,12.48,7.15
20250731B06,システム約定結果,落札量合計（TSO別）[MW],52.05,41.069,44.966,1.92,35,137.611,245.855,83,17.667,659.138
20250731B06,システム約定結果,（内訳）自エリアからの落札量[MW],52.05,41.069,44.966,1.92,35,118.611,245.855,83,17.667,640.138
20250731B06,追加調達結果,募集量（TSO別）[MW],-,-,-,-,-,-,-,-,-,-
20250731B06,追加調達結果,応札量合計（電源属地別）[MW],0,0,0,0,0,0,0,0,0,0
20250731B06,追加調達結果,約定量合計（電源属地別）[MW],0,0,0,0,0,0,0,0,0,0
20250731B06,追加調達結果,応札件数（電源属地別）[件],0,0,0,0,0,0,0,0,0,0
20250731B06,追加調達結果,約定件数（電源属地別）[件],0,0,0,0,0,0,0,0,0,0
20250731B06,追加調達結果,最高約定価格（電源属地別）[円/kW・30分],0,0,0,0,0,0,0,0,0,0
20250731B06,追加調達結果,最低約定価格（電源属地別）[円/kW・30分],0,0,0,0,0,0,0,0,0,0
20250731B06,追加調達結果,平均約定価格（電源属地別）[円/kW・30分],0,0,0,0,0,0,0,0,0,0
20250731B06,追加調達結果,最高約定価格（TSO別）[円/kW・30分],0,0,0,0,0,0,0,0,0,0
20250731B06,追加調達結果,最低約定価格（TSO別）[円/kW・30分],0,0,0,0,0,0,0,0,0,0
20250731B06,追加調達結果,平均約定価格（TSO別）[円/kW・30分],0,0,0,0,0,0,0,0,0,0
20250731B06,追加調達結果,約定量合計（TSO別）[MW],0,0,0,0,0,0,0,0,0,0
20250731B06,追加調達結果,（内訳）自エリアからの約定量[MW],0,0,0,0,0,0,0,0,0,0
20250731B06,合計（確報値）,募集量（TSO別）[MW],13,191,632,82,103,252,248,64,259,1844
20250731B06,合計（確報値）,応札量合計（電源属地別）[MW],52.05,53.069,44.966,1.92,70,142.557,245.855,102,17.667,730.084
20250731B06,合計（確報値）,約定量合計（電源属地別）[MW],52.05,41.069,44.966,1.92,35,118.611,245.855,102,17.667,659.138
20250731B06,合計（確報値）,応札件数（電源属地別）[件],2,4,9,1,2,7,11,5,8,49
20250731B06,合計（確報値）,約定件数（電源属地別）[件],2,3,9,1,1,6,11,5,8,46
20250731B06,合計（確報値）,最高約定価格（電源属地別）[円/kW・30分],19.35,16.47,19.5,19.51,5.04,18.56,19.51,5.58,19.51,19.51
20250731B06,合計（確報値）,最低約定価格（電源属地別）[円/kW・30分],7.5,3.63,8.37,19.51,5.04,3.88,2,0.5,1.36,0.5
20250731B06,合計（確報値）,平均約定価格（電源属地別）[円/kW・30分],18.5,6.56,10.41,19.51,5.04,6.56,5.99,3.11,12.48,7.14
20250731B06,合計（確報値）,最高約定価格（TSO別）[円/kW・30分],19.35,16.47,19.5,19.51,5.04,18.56,19.51,5.58,19.51,19.51
20250731B06,合計（確報値）,最低約定価格（TSO別）[円/kW・30分],7.5,3.63,8.37,19.51,5.04,3.88,2,0.5,1.36,0.5
20250731B06,合計（確報値）,平均約定価格（TSO別）[円/kW・30分],18.5,6.56,10.41,19.51,5.04,6.43,5.99,2.54,12.48,7.14
20250731B06,合計（確報値）,約定量合計（TSO別）[MW],52.05,41.069,44.966,1.92,35,137.611,245.855,83,17.667,659.138
20250731B06,合計（確報値）,（内訳）自エリアからの約定量[MW],52.05,41.069,44.966,1.92,35,118.611,245.855,83,17.667,640.138
20250731B07,システム約定結果,募集量（TSO別）[MW],12,161,629,50,102,242,244,52,242,1734
20250731B07,システム約定結果,応札量合計（電源属地別）[MW],54.04,41.069,39.998,1.92,35,118.611,258.582,102,181.415,832.635
20250731B07,システム約定結果,落札量合計（電源属地別）[MW],49.6,41.069,39.998,1.92,35,118.611,258.582,102,181.415,828.195
20250731B07,システム約定結果,応札件数（電源属地別）[件],3,3,5,1,1,6,12,5,10,46
20250731B07,システム約定結果,落札件数（電源属地別）[件],2,3,5,1,1,6,12,5,10,45
20250731B07,システム約定結果,最高落札価格（電源属地別）[円/kW・30分],19.35,16.47,19.5,19.51,4.64,18.56,19.51,5.39,19.51,19.51
20250731B07,システム約定結果,最低落札価格（電源属地別）[円/kW・30分],1.95,3.33,7.98,19.51,4.64,2.58,2.79,0.36,2.77,0.36
20250731B07,システム約定結果,平均落札価格（電源属地別）[円/kW・30分],18.89,6.39,8.88,19.51,4.64,5.81,6.48,3.27,4.44,6.35
20250731B07,システム約定結果,最高落札価格（TSO別）[円/kW・30分],19.35,16.47,19.5,19.51,5.38,19.51,19.51,5.39,19.51,19.51
20250731B07,システム約定結果,最低落札価格（TSO別）[円/kW・30分],1.95,3.33,7.98,19.51,0.36,2.58,2.79,0.36,3.1,0.36
20250731B07,システム約定結果,平均落札価格（TSO別）[円/kW・30分],18.89,6.39,8.88,19.51,3.34,6.77,5.47,2.49,4.55,6.35
20250731B07,システム約定結果,落札量合計（TSO別）[MW],49.6,41.069,39.998,1.92,70.782,228.611,185.8,45,165.415,828.195
20250731B07,システム約定結果,（内訳）自エリアからの落札量[MW],49.6,41.069,39.998,1.92,35,118.611,185.8,45,165.415,682.413
20250731B07,追加調達結果,募集量（TSO別）[MW],-,-,-,-,-,-,-,-,-,-
20250731B07,追加調達結果,応札量合計（電源属地別）[MW],0,0,0,0,0,0,0,0,0,0
20250731B07,追加調達結果,約定量合計（電源属地別）[MW],0,0,0,0,0,0,0,0,0,0
20250731B07,追加調達結果,応札件数（電源属地別）[件],0,0,0,0,0,0,0,0,0,0
20250731B07,追加調達結果,約定件数（電源属地別）[件],0,0,0,0,0,0,0,0,0,0
20250731B07,追加調達結果,最高約定価格（電源属地別）[円/kW・30分],0,0,0,0,0,0,0,0,0,0
20250731B07,追加調達結果,最低約定価格（電源属地別）[円/kW・30分],0,0,0,0,0,0,0,0,0,0
20250731B07,追加調達結果,平均約定価格（電源属地別）[円/kW・30分],0,0,0,0,0,0,0,0,0,0
20250731B07,追加調達結果,最高約定価格（TSO別）[円/kW・30分],0,0,0,0,0,0,0,0,0,0
20250731B07,追加調達結果,最低約定価格（TSO別）[円/kW・30分],0,0,0,0,0,0,0,0,0,0
20250731B07,追加調達結果,平均約定価格（TSO別）[円/kW・30分],0,0,0,0,0,0,0,0,0,0
20250731B07,追加調達結果,約定量合計（TSO別）[MW],0,0,0,0,0,0,0,0,0,0
20250731B07,追加調達結果,（内訳）自エリアからの約定量[MW],0,0,0,0,0,0,0,0,0,0
20250731B07,合計（確報値）,募集量（TSO別）[MW],12,161,629,50,102,242,244,52,242,1734
20250731B07,合計（確報値）,応札量合計（電源属地別）[MW],54.04,41.069,39.998,1.92,70,142.557,258.582,102,181.415,891.581
20250731B07,合計（確報値）,約定量合計（電源属地別）[MW],49.6,41.069,39.998,1.92,35,118.611,258.582,102,181.415,828.195
20250731B07,合計（確報値）,応札件数（電源属地別）[件],3,3,5,1,2,7,12,5,10,48
20250731B07,合計（確報値）,約定件数（電源属地別）[件],2,3,5,1,1,6,12,5,10,45
20250731B07,合計（確報値）,最高約定価格（電源属地別）[円/kW・30分],19.35,16.47,19.5,19.51,4.64,18.56,19.51,5.39,19.51,19.51
20250731B07,合計（確報値）,最低約定価格（電源属地別）[円/kW・30分],1.95,3.33,7.98,19.51,4.64,2.57,2.79,0.36,2.77,0.36
20250731B07,合計（確報値）,平均約定価格（電源属地別）[円/kW・30分],18.89,6.39,8.88,19.51,4.64,5.78,6.48,3.27,4.44,6.35
20250731B07,合計（確報値）,最高約定価格（TSO別）[円/kW・30分],19.35,16.47,19.5,19.51,5.38,19.51,19.51,5.39,19.51,19.51
20250731B07,合計（確報値）,最低約定価格（TSO別）[円/kW・30分],1.95,3.33,7.98,19.51,0.36,2.57,2.79,0.36,3.1,0.36
20250731B07,合計（確報値）,平均約定価格（TSO別）[円/kW・30分],18.89,6.39,8.88,19.51,3.34,6.75,5.47,2.49,4.55,6.35
20250731B07,合計（確報値）,約定量合計（TSO別）[MW],49.6,41.069,39.998,1.92,70.782,228.611,185.8,45,165.415,828.195
20250731B07,合計（確報値）,（内訳）自エリアからの約定量[MW],49.6,41.069,39.998,1.92,35,118.611,185.8,45,165.415,682.413
20250731B08,システム約定結果,募集量（TSO別）[MW],19,105,601,0,92,215,194,56,235,1517
20250731B08,システム約定結果,応札量合計（電源属地別）[MW],54.04,20,90.699,1.92,35,116.761,186.706,102,82.419,689.545
20250731B08,システム約定結果,落札量合計（電源属地別）[MW],53.35,20,90.699,1.92,35,116.761,186.706,102,82.419,688.855
20250731B08,システム約定結果,応札件数（電源属地別）[件],3,1,5,1,1,5,8,5,7,36
20250731B08,システム約定結果,落札件数（電源属地別）[件],3,1,5,1,1,5,8,5,7,36
20250731B08,システム約定結果,最高落札価格（電源属地別）[円/kW・30分],19.35,2.9,4.78,19.51,2.35,9.53,19.51,5.39,19.51,19.51
20250731B08,システム約定結果,最低落札価格（電源属地別）[円/kW・30分],3.7,2.9,3.43,19.51,2.35,0.36,0.85,0.36,0.72,0.36
20250731B08,システム約定結果,平均落札価格（電源属地別）[円/kW・30分],17.89,2.9,3.78,19.51,2.35,4.2,2.87,3.26,3.67,4.55
20250731B08,システム約定結果,最高落札価格（TSO別）[円/kW・30分],19.35,2.9,4.78,0,2.35,19.51,19.51,5.39,19.51,19.51
20250731B08,システム約定結果,最低落札価格（TSO別）[円/kW・30分],3.7,2.9,3.43,0,2.35,0.36,0.36,0.36,0.72,0.36
20250731B08,システム約定結果,平均落札価格（TSO別）[円/kW・30分],17.89,2.9,3.78,0,2.35,4.11,2.78,3.75,3.67,4.55
20250731B08,システム約定結果,落札量合計（TSO別）[MW],53.35,20,90.699,0,35,157.387,194,56,82.419,688.855
20250731B08,システム約定結果,（内訳）自エリアからの落札量[MW],53.35,20,90.699,0,35,116.761,186.706,56,82.419,640.935
20250731B08,追加調達結果,募集量（TSO別）[MW],-,-,-,-,-,-,-,-,-,-
20250731B08,追加調達結果,応札量合計（電源属地別）[MW],0,0,0,0,0,0,0,0,0,0
20250731B08,追加調達結果,約定量合計（電源属地別）[MW],0,0,0,0,0,0,0,0,0,0
20250731B08,追加調達結果,応札件数（電源属地別）[件],0,0,0,0,0,0,0,0,0,0
20250731B08,追加調達結果,約定件数（電源属地別）[件],0,0,0,0,0,0,0,0,0,0
20250731B08,追加調達結果,最高約定価格（電源属地別）[円/kW・30分],0,0,0,0,0,0,0,0,0,0
20250731B08,追加調達結果,最低約定価格（電源属地別）[円/kW・30分],0,0,0,0,0,0,0,0,0,0
20250731B08,追加調達結果,平均約定価格（電源属地別）[円/kW・30分],0,0,0,0,0,0,0,0,0,0
20250731B08,追加調達結果,最高約定価格（TSO別）[円/kW・30分],0,0,0,0,0,0,0,0,0,0
20250731B08,追加調達結果,最低約定価格（TSO別）[円/kW・30分],0,0,0,0,0,0,0,0,0,0
20250731B08,追加調達結果,平均約定価格（TSO別）[円/kW・30分],0,0,0,0,0,0,0,0,0,0
20250731B08,追加調達結果,約定量合計（TSO別）[MW],0,0,0,0,0,0,0,0,0,0
20250731B08,追加調達結果,（内訳）自エリアからの約定量[MW],0,0,0,0,0,0,0,0,0,0
20250731B08,合計（確報値）,募集量（TSO別）[MW],19,105,601,0,92,215,194,56,235,1517
20250731B08,合計（確報値）,応札量合計（電源属地別）[MW],54.04,20,90.699,1.92,70,140.707,186.706,102,82.419,748.491
20250731B08,合計（確報値）,約定量合計（電源属地別）[MW],53.35,20,90.699,1.92,35,116.761,186.706,102,82.419,688.855
20250731B08,合計（確報値）,応札件数（電源属地別）[件],3,1,5,1,3,6,8,5,7,39
20250731B08,合計（確報値）,約定件数（電源属地別）[件],3,1,5,1,2,5,8,5,7,37
20250731B08,合計（確報値）,最高約定価格（電源属地別）[円/kW・30分],19.35,2.9,4.78,19.51,2.35,9.53,19.51,5.39,19.51,19.51
20250731B08,合計（確報値）,最低約定価格（電源属地別）[円/kW・30分],3.7,2.9,3.43,19.51,2.35,0.36,0.85,0.36,0.72,0.36
20250731B08,合計（確報値）,平均約定価格（電源属地別）[円/kW・30分],17.89,2.9,3.78,19.51,2.35,4.19,2.87,3.26,3.67,4.55
20250731B08,合計（確報値）,最高約定価格（TSO別）[円/kW・30分],19.35,2.9,4.78,0,2.35,19.51,19.51,5.39,19.51,19.51
20250731B08,合計（確報値）,最低約定価格（TSO別）[円/kW・30分],3.7,2.9,3.43,0,2.35,0.36,0.36,0.36,0.72,0.36
20250731B08,合計（確報値）,平均約定価格（TSO別）[円/kW・30分],17.89,2.9,3.78,0,2.35,4.11,2.78,3.75,3.67,4.55
20250731B08,合計（確報値）,約定量合計（TSO別）[MW],53.35,20,90.699,0,35,157.387,194,56,82.419,688.855
20250731B08,合計（確報値）,（内訳）自エリアからの約定量[MW],53.35,20,90.699,0,35,116.761,186.706,56,82.419,640.935
E
